590 2832 582 5
0 -1 491 0 138 275 465
1 -1 2 145 302 584 447
2 492 3 153 347 277 471
2 3 153 347 277 471 492
2 153 347 277 471 492 3
2 347 277 471 492 3 153
2 277 471 492 3 153 347
2 471 492 3 153 347 277
3 391 4 155 352 298 570
3 4 155 352 298 570 391
3 155 352 298 570 391 4
3 352 298 570 391 4 155
3 298 570 391 4 155 352
3 570 391 4 155 352 298
4 493 5 157 367 442 283
4 5 157 367 442 283 493
4 157 367 442 283 493 5
4 367 442 283 493 5 157
4 442 283 493 5 157 367
4 283 493 5 157 367 442
5 200 6 158 372 480 533
5 6 158 372 480 533 200
5 158 372 480 533 200 6
5 372 480 533 200 6 158
5 480 533 200 6 158 372
5 533 200 6 158 372 480
6 392 7 161 384 547 259
6 7 161 384 547 259 392
6 161 384 547 259 392 7
6 384 547 259 392 7 161
6 547 259 392 7 161 384
6 259 392 7 161 384 547
7 201 8 163 389 579 427
7 8 163 389 579 427 201
7 163 389 579 427 201 8
7 389 579 427 201 8 163
7 579 427 201 8 163 389
7 427 201 8 163 389 579
8 495 9 174 463 349 284
8 9 174 463 349 284 495
8 174 463 349 284 495 9
8 463 349 284 495 9 174
8 349 284 495 9 174 463
8 284 495 9 174 463 349
9 202 10 175 469 381 534
9 10 175 469 381 534 202
9 175 469 381 534 202 10
9 469 381 534 202 10 175
9 381 534 202 10 175 469
9 534 202 10 175 469 381
10 203 11 179 489 560 334
10 11 179 489 560 334 203
10 179 489 560 334 203 11
10 489 560 334 203 11 179
10 560 334 203 11 179 489
10 334 203 11 179 489 560
11 -1 12 190 551 271 448
12 393 13 193 563 343 260
12 13 193 563 343 260 393
12 193 563 343 260 393 13
12 563 343 260 393 13 193
12 343 260 393 13 193 563
12 260 393 13 193 563 343
13 204 14 195 568 363 428
13 14 195 568 363 428 204
13 195 568 363 428 204 14
13 568 363 428 204 14 195
13 363 428 204 14 195 568
13 428 204 14 195 568 363
14 205 16 199 588 459 335
14 16 199 588 459 335 205
14 199 588 459 335 205 16
14 588 459 335 205 16 199
14 459 335 205 16 199 588
14 335 205 16 199 588 459
15 497 20 247 327 176 472
15 20 247 327 176 472 497
15 247 327 176 472 497 20
15 327 176 472 497 20 247
15 176 472 497 20 247 327
15 472 497 20 247 327 176
16 394 21 248 332 196 571
16 21 248 332 196 571 394
16 248 332 196 571 394 21
16 332 196 571 394 21 248
16 196 571 394 21 248 332
16 571 394 21 248 332 196
17 498 22 252 361 422 180
17 22 252 361 422 180 498
17 252 361 422 180 498 22
17 361 422 180 498 22 252
17 422 180 498 22 252 361
17 180 498 22 252 361 422
18 102 23 254 370 475 512
18 23 254 370 475 512 102
18 254 370 475 512 102 23
18 370 475 512 102 23 254
18 475 512 102 23 254 370
18 512 102 23 254 370 475
19 395 24 256 379 529 164
19 24 256 379 529 164 395
19 256 379 529 164 395 24
19 379 529 164 395 24 256
19 529 164 395 24 256 379
19 164 395 24 256 379 529
20 103 25 258 387 574 407
20 25 258 387 574 407 103
20 258 387 574 407 103 25
20 387 574 407 103 25 258
20 574 407 103 25 258 387
20 407 103 25 258 387 574
21 500 28 274 457 329 181
21 28 274 457 329 181 500
21 274 457 329 181 500 28
21 457 329 181 500 28 274
21 329 181 500 28 274 457
21 181 500 28 274 457 329
22 -1 513 104 29 276 467
23 396 33 295 558 323 165
23 33 295 558 323 165 396
23 295 558 323 165 396 33
23 558 323 165 396 33 295
23 323 165 396 33 295 558
23 165 396 33 295 558 323
24 106 34 297 566 357 408
24 34 297 566 357 408 106
24 297 566 357 408 106 34
24 566 357 408 106 34 297
24 357 408 106 34 297 566
24 408 106 34 297 566 357
25 -1 107 36 303 586 453
26 501 37 321 139 278 473
26 37 321 139 278 473 501
26 321 139 278 473 501 37
26 139 278 473 501 37 321
26 278 473 501 37 321 139
26 473 501 37 321 139 278
27 397 38 322 144 299 572
27 38 322 144 299 572 397
27 322 144 299 572 397 38
27 144 299 572 397 38 322
27 299 572 397 38 322 144
27 572 397 38 322 144 299
28 502 39 326 172 443 285
28 39 326 172 443 285 502
28 326 172 443 285 502 39
28 172 443 285 502 39 326
28 443 285 502 39 326 172
28 285 502 39 326 172 443
29 206 40 328 178 481 535
29 40 328 178 481 535 206
29 328 178 481 535 206 40
29 178 481 535 206 40 328
29 481 535 206 40 328 178
29 535 206 40 328 178 481
30 398 41 331 189 548 261
30 41 331 189 548 261 398
30 331 189 548 261 398 41
30 189 548 261 398 41 331
30 548 261 398 41 331 189
30 261 398 41 331 189 548
31 207 42 333 198 580 429
31 42 333 198 580 429 207
31 333 198 580 429 207 42
31 198 580 429 207 42 333
31 580 429 207 42 333 198
31 429 207 42 333 198 580
32 503 43 341 237 177 474
32 43 341 237 177 474 503
32 341 237 177 474 503 43
32 237 177 474 503 43 341
32 177 474 503 43 341 237
32 474 503 43 341 237 177
33 399 44 342 242 197 573
33 44 342 242 197 573 399
33 342 242 197 573 399 44
33 242 197 573 399 44 342
33 197 573 399 44 342 242
33 573 399 44 342 242 197
34 504 45 346 269 423 182
34 45 346 269 423 182 504
34 346 269 423 182 504 45
34 269 423 182 504 45 346
34 423 182 504 45 346 269
34 182 504 45 346 269 423
35 108 46 348 279 476 514
35 46 348 279 476 514 108
35 348 279 476 514 108 46
35 279 476 514 108 46 348
35 476 514 108 46 348 279
35 514 108 46 348 279 476
36 400 47 351 292 530 166
36 47 351 292 530 166 400
36 351 292 530 166 400 47
36 292 530 166 400 47 351
36 530 166 400 47 351 292
36 166 400 47 351 292 530
37 109 48 353 300 575 409
37 48 353 300 575 409 109
37 353 300 575 409 109 48
37 300 575 409 109 48 353
37 575 409 109 48 353 300
37 409 109 48 353 300 575
38 505 49 360 417 141 286
38 49 360 417 141 286 505
38 360 417 141 286 505 49
38 417 141 286 505 49 360
38 141 286 505 49 360 417
38 286 505 49 360 417 141
39 208 50 362 424 186 536
39 50 362 424 186 536 208
39 362 424 186 536 208 50
39 424 186 536 208 50 362
39 186 536 208 50 362 424
39 536 208 50 362 424 186
40 506 51 366 437 239 183
40 51 366 437 239 183 506
40 366 437 239 183 506 51
40 437 239 183 506 51 366
40 239 183 506 51 366 437
40 183 506 51 366 437 239
41 110 52 368 444 289 515
41 52 368 444 289 515 110
41 368 444 289 515 110 52
41 444 289 515 110 52 368
41 289 515 110 52 368 444
41 515 110 52 368 444 289
42 209 53 371 477 518 126
42 53 371 477 518 126 209
42 371 477 518 126 209 53
42 477 518 126 209 53 371
42 518 126 209 53 371 477
42 126 209 53 371 477 518
43 111 54 373 482 539 224
43 54 373 482 539 224 111
43 373 482 539 224 111 54
43 482 539 224 111 54 373
43 539 224 111 54 373 482
43 224 111 54 373 482 539
44 401 55 378 521 135 262
44 55 378 521 135 262 401
44 378 521 135 262 401 55
44 521 135 262 401 55 378
44 135 262 401 55 378 521
44 262 401 55 378 521 135
45 210 56 380 531 170 430
45 56 380 531 170 430 210
45 380 531 170 430 210 56
45 531 170 430 210 56 380
45 170 430 210 56 380 531
45 430 210 56 380 531 170
46 402 57 383 542 233 167
46 57 383 542 233 167 402
46 383 542 233 167 402 57
46 542 233 167 402 57 383
46 233 167 402 57 383 542
46 167 402 57 383 542 233
47 112 58 385 549 265 410
47 58 385 549 265 410 112
47 385 549 265 410 112 58
47 549 265 410 112 58 385
47 265 410 112 58 385 549
47 410 112 58 385 549 265
48 211 59 388 576 413 127
48 59 388 576 413 127 211
48 388 576 413 127 211 59
48 576 413 127 211 59 388
48 413 127 211 59 388 576
48 127 211 59 388 576 413
49 113 60 390 581 433 225
49 60 390 581 433 225 113
49 390 581 433 225 113 60
49 581 433 225 113 60 390
49 433 225 113 60 390 581
49 225 113 60 390 581 433
50 507 61 420 154 350 287
50 61 420 154 350 287 507
50 420 154 350 287 507 61
50 154 350 287 507 61 420
50 350 287 507 61 420 154
50 287 507 61 420 154 350
51 212 62 421 160 382 537
51 62 421 160 382 537 212
51 421 160 382 537 212 62
51 160 382 537 212 62 421
51 382 537 212 62 421 160
51 537 212 62 421 160 382
52 213 63 426 192 561 336
52 63 426 192 561 336 213
52 426 192 561 336 213 63
52 192 561 336 213 63 426
52 561 336 213 63 426 192
52 336 213 63 426 192 561
53 -1 159 376 508 64 436
54 -1 191 555 309 65 438
55 -1 330 184 509 66 440
56 114 67 441 255 377 516
56 67 441 255 377 516 114
56 441 255 377 516 114 67
56 255 377 516 114 67 441
56 377 516 114 67 441 255
56 516 114 67 441 255 377
57 -1 524 147 310 68 445
58 115 69 446 294 556 316
58 69 446 294 556 316 115
58 446 294 556 316 115 69
58 294 556 316 115 69 446
58 556 316 115 69 446 294
58 316 115 69 446 294 556
59 -1 142 288 510 70 456
60 -1 187 538 214 71 458
61 -1 240 185 511 72 462
62 -1 290 517 116 73 464
63 -1 519 128 215 74 468
64 -1 540 226 117 75 470
65 216 76 479 525 150 337
65 76 479 525 150 337 216
65 479 525 150 337 216 76
65 525 150 337 216 76 479
65 150 337 216 76 479 525
65 337 216 76 479 525 150
66 -1 81 522 137 272 451
67 403 82 526 152 344 263
67 82 526 152 344 263 403
67 526 152 344 263 403 82
67 152 344 263 403 82 526
67 344 263 403 82 526 152
67 263 403 82 526 152 344
68 218 83 528 156 364 431
68 83 528 156 364 431 218
68 528 156 364 431 218 83
68 156 364 431 218 83 528
68 364 431 218 83 528 156
68 431 218 83 528 156 364
69 219 85 532 173 460 338
69 85 532 173 460 338 219
69 532 173 460 338 219 85
69 173 460 338 219 85 532
69 460 338 219 85 532 173
69 338 219 85 532 173 460
70 404 87 544 246 324 168
70 87 544 246 324 168 404
70 544 246 324 168 404 87
70 246 324 168 404 87 544
70 324 168 404 87 544 246
70 168 404 87 544 246 324
71 120 88 546 251 358 411
71 88 546 251 358 411 120
71 546 251 358 411 120 88
71 251 358 411 120 88 546
71 358 411 120 88 546 251
71 411 120 88 546 251 358
72 121 90 552 273 454 318
72 90 552 273 454 318 121
72 552 273 454 318 121 90
72 273 454 318 121 90 552
72 454 318 121 90 552 273
72 318 121 90 552 273 454
73 405 91 557 320 136 264
73 91 557 320 136 264 405
73 557 320 136 264 405 91
73 320 136 264 405 91 557
73 136 264 405 91 557 320
73 264 405 91 557 320 136
74 220 92 559 325 171 432
74 92 559 325 171 432 220
74 559 325 171 432 220 92
74 325 171 432 220 92 559
74 171 432 220 92 559 325
74 432 220 92 559 325 171
75 406 93 562 340 234 169
75 93 562 340 234 169 406
75 562 340 234 169 406 93
75 340 234 169 406 93 562
75 234 169 406 93 562 340
75 169 406 93 562 340 234
76 122 94 564 345 266 412
76 94 564 345 266 412 122
76 564 345 266 412 122 94
76 345 266 412 122 94 564
76 266 412 122 94 564 345
76 412 122 94 564 345 266
77 221 95 567 359 414 130
77 95 567 359 414 130 221
77 567 359 414 130 221 95
77 359 414 130 221 95 567
77 414 130 221 95 567 359
77 130 221 95 567 359 414
78 123 96 569 365 434 228
78 96 569 365 434 228 123
78 569 365 434 228 123 96
78 365 434 228 123 96 569
78 434 228 123 96 569 365
78 228 123 96 569 365 434
79 222 97 578 419 151 339
79 97 578 419 151 339 222
79 578 419 151 339 222 97
79 419 151 339 222 97 578
79 151 339 222 97 578 419
79 339 222 97 578 419 151
80 -1 149 315 98 582 435
81 -1 319 124 99 583 439
82 -1 131 223 100 587 455
83 -1 229 125 101 589 461
84 137 138 0 104 128 135
84 138 0 104 128 135 137
84 0 104 128 135 137 138
84 104 128 135 137 138 0
84 128 135 137 138 0 104
84 135 137 138 0 104 128
85 139 140 1 105 129 136
85 140 1 105 129 136 139
85 1 105 129 136 139 140
85 105 129 136 139 140 1
85 129 136 139 140 1 105
85 136 139 140 1 105 129
86 144 145 2 107 131 142
86 145 2 107 131 142 144
86 2 107 131 142 144 145
86 107 131 142 144 145 2
86 131 142 144 145 2 107
86 142 144 145 2 107 131
87 152 153 3 108 146 150
87 153 3 108 146 150 152
87 3 108 146 150 152 153
87 108 146 150 152 153 3
87 146 150 152 153 3 108
87 150 152 153 3 108 146
88 -1 151 154 155 4 109
89 -1 156 157 5 110 147
90 162 163 8 113 149 159
90 163 8 113 149 159 162
90 8 113 149 159 162 163
90 113 149 159 162 163 8
90 149 159 162 163 8 113
90 159 162 163 8 113 149
91 -1 173 174 9 116 166
92 -1 179 11 119 169 177
93 189 190 12 121 181 187
93 190 12 121 181 187 189
93 12 121 181 187 189 190
93 121 181 187 189 190 12
93 181 187 189 190 12 121
93 187 189 190 12 121 181
94 -1 192 193 13 122 182
95 194 195 14 123 183 191
95 195 14 123 183 191 194
95 14 123 183 191 194 195
95 123 183 191 194 195 14
95 183 191 194 195 14 123
95 191 194 195 14 123 183
96 -1 15 124 184 196 198
97 -1 199 16 125 185 197
98 235 236 17 202 226 233
98 236 17 202 226 233 235
98 17 202 226 233 235 236
98 202 226 233 235 236 17
98 226 233 235 236 17 202
98 233 235 236 17 202 226
99 237 238 18 203 227 234
99 238 18 203 227 234 237
99 18 203 227 234 237 238
99 203 227 234 237 238 18
99 227 234 237 238 18 203
99 234 237 238 18 203 227
100 242 243 19 205 229 240
100 243 19 205 229 240 242
100 19 205 229 240 242 243
100 205 229 240 242 243 19
100 229 240 242 243 19 205
100 240 242 243 19 205 229
101 -1 246 247 20 206 244
102 -1 249 251 252 22 208
103 -1 250 253 254 23 209
104 267 268 26 212 259 265
104 268 26 212 259 265 267
104 26 212 259 265 267 268
104 212 259 265 267 268 26
104 259 265 267 268 26 212
104 265 267 268 26 212 259
105 269 270 27 213 260 266
105 270 27 213 260 266 269
105 27 213 260 266 269 270
105 213 260 266 269 270 27
105 260 266 269 270 27 213
105 266 269 270 27 213 260
106 273 274 28 214 261 271
106 274 28 214 261 271 273
106 28 214 261 271 273 274
106 214 261 271 273 274 28
106 261 271 273 274 28 214
106 271 273 274 28 214 261
107 275 276 29 215 262 272
107 276 29 215 262 272 275
107 29 215 262 272 275 276
107 215 262 272 275 276 29
107 262 272 275 276 29 215
107 272 275 276 29 215 262
108 279 280 30 216 263 277
108 280 30 216 263 277 279
108 30 216 263 277 279 280
108 216 263 277 279 280 30
108 263 277 279 280 30 216
108 277 279 280 30 216 263
109 281 282 31 217 264 278
109 282 31 217 264 278 281
109 31 217 264 278 281 282
109 217 264 278 281 282 31
109 264 278 281 282 31 217
109 278 281 282 31 217 264
110 292 293 32 219 284 290
110 293 32 219 284 290 292
110 32 219 284 290 292 293
110 219 284 290 292 293 32
110 284 290 292 293 32 219
110 290 292 293 32 219 284
111 -1 294 295 33 220 285
112 -1 296 297 34 221 286
113 300 301 35 222 287 298
113 301 35 222 287 298 300
113 35 222 287 298 300 301
113 222 287 298 300 301 35
113 287 298 300 301 35 222
113 298 300 301 35 222 287
114 302 303 36 223 288 299
114 303 36 223 288 299 302
114 36 223 288 299 302 303
114 223 288 299 302 303 36
114 288 299 302 303 36 223
114 299 302 303 36 223 288
115 325 326 39 304 316 323
115 326 39 304 316 323 325
115 39 304 316 323 325 326
115 304 316 323 325 326 39
115 316 323 325 326 39 304
115 323 325 326 39 304 316
116 327 328 40 305 317 324
116 328 40 305 317 324 327
116 40 305 317 324 327 328
116 305 317 324 327 328 40
116 317 324 327 328 40 305
116 324 327 328 40 305 317
117 332 333 42 306 319 330
117 333 42 306 319 330 332
117 42 306 319 330 332 333
117 306 319 330 332 333 42
117 319 330 332 333 42 306
117 330 332 333 42 306 319
118 -1 336 343 345 346 45
119 -1 337 344 347 348 46
120 -1 339 350 352 353 48
121 359 360 49 307 354 357
121 360 49 307 354 357 359
121 49 307 354 357 359 360
121 307 354 357 359 360 49
121 354 357 359 360 49 307
121 357 359 360 49 307 354
122 361 362 50 308 355 358
122 362 50 308 355 358 361
122 50 308 355 358 361 362
122 308 355 358 361 362 50
122 355 358 361 362 50 308
122 358 361 362 50 308 355
123 -1 363 365 366 51 309
124 -1 364 367 368 52 310
125 370 371 53 311 356 369
125 371 53 311 356 369 370
125 53 311 356 369 370 371
125 311 356 369 370 371 53
125 356 369 370 371 53 311
125 369 370 371 53 311 356
126 379 380 56 313 374 377
126 380 56 313 374 377 379
126 56 313 374 377 379 380
126 313 374 377 379 380 56
126 374 377 379 380 56 313
126 377 379 380 56 313 374
127 387 388 59 314 375 386
127 388 59 314 375 386 387
127 59 314 375 386 387 388
127 314 375 386 387 388 59
127 375 386 387 388 59 314
127 386 387 388 59 314 375
128 -1 389 390 60 315 376
129 -1 419 420 61 391 409
130 -1 426 63 393 412 423
131 -1 427 433 435 436 64
132 -1 428 434 437 438 65
133 -1 439 440 66 394 429
134 -1 431 442 444 445 68
135 -1 446 69 396 432 443
136 455 456 70 397 447 453
136 456 70 397 447 453 455
136 70 397 447 453 455 456
136 397 447 453 455 456 70
136 447 453 455 456 70 397
136 453 455 456 70 397 447
137 457 458 71 398 448 454
137 458 71 398 448 454 457
137 71 398 448 454 457 458
137 398 448 454 457 458 71
137 448 454 457 458 71 398
137 454 457 458 71 398 448
138 461 462 72 399 449 459
138 462 72 399 449 459 461
138 72 399 449 459 461 462
138 399 449 459 461 462 72
138 449 459 461 462 72 399
138 459 461 462 72 399 449
139 463 464 73 400 450 460
139 464 73 400 450 460 463
139 73 400 450 460 463 464
139 400 450 460 463 464 73
139 450 460 463 464 73 400
139 460 463 464 73 400 450
140 467 468 74 401 451 465
140 468 74 401 451 465 467
140 74 401 451 465 467 468
140 401 451 465 467 468 74
140 451 465 467 468 74 401
140 465 467 468 74 401 451
141 469 470 75 402 452 466
141 470 75 402 452 466 469
141 75 402 452 466 469 470
141 402 452 466 469 470 75
141 452 466 469 470 75 402
141 466 469 470 75 402 452
142 -1 479 76 403 471 476
143 -1 484 78 404 472 481
144 487 488 79 405 473 485
144 488 79 405 473 485 487
144 79 405 473 485 487 488
144 405 473 485 487 488 79
144 473 485 487 488 79 405
144 485 487 488 79 405 473
145 489 490 80 406 474 486
145 490 80 406 474 486 489
145 80 406 474 486 489 490
145 406 474 486 489 490 80
145 474 486 489 490 80 406
145 486 489 490 80 406 474
146 521 522 81 491 513 519
146 522 81 491 513 519 521
146 81 491 513 519 521 522
146 491 513 519 521 522 81
146 513 519 521 522 81 491
146 519 521 522 81 491 513
147 525 526 82 492 514 523
147 526 82 492 514 523 525
147 82 492 514 523 525 526
147 492 514 523 525 526 82
147 514 523 525 526 82 492
147 523 525 526 82 492 514
148 527 528 83 493 515 524
148 528 83 493 515 524 527
148 83 493 515 524 527 528
148 493 515 524 527 528 83
148 515 524 527 528 83 493
148 524 527 528 83 493 515
149 -1 84 494 516 529 531
150 -1 532 85 495 517 530
151 542 543 86 496 534 540
151 543 86 496 534 540 542
151 86 496 534 540 542 543
151 496 534 540 542 543 86
151 534 540 542 543 86 496
151 540 542 543 86 496 534
152 -1 545 546 88 498 536
153 549 550 89 499 537 547
153 550 89 499 537 547 549
153 89 499 537 547 549 550
153 499 537 547 549 550 89
153 537 547 549 550 89 499
153 547 549 550 89 499 537
154 551 552 90 500 538 548
154 552 90 500 538 548 551
154 90 500 538 548 551 552
154 500 538 548 551 552 90
154 538 548 551 552 90 500
154 548 551 552 90 500 538
155 558 559 92 502 553 556
155 559 92 502 553 556 558
155 92 502 553 556 558 559
155 502 553 556 558 559 92
155 553 556 558 559 92 502
155 556 558 559 92 502 553
156 -1 561 563 564 94 504
157 566 567 95 505 554 565
157 567 95 505 554 565 566
157 95 505 554 565 566 567
157 505 554 565 566 567 95
157 554 565 566 567 95 505
157 565 566 567 95 505 554
158 -1 568 569 96 506 555
159 -1 578 97 507 570 575
160 -1 579 581 582 98 508
161 -1 583 99 509 571 580
162 586 587 100 510 572 584
162 587 100 510 572 584 586
162 100 510 572 584 586 587
162 510 572 584 586 587 100
162 572 584 586 587 100 510
162 584 586 587 100 510 572
163 588 589 101 511 573 585
163 589 101 511 573 585 588
163 101 511 573 585 588 589
163 511 573 585 588 589 101
163 573 585 588 589 101 511
163 585 588 589 101 511 573
164 28 29 104 0 17 26
164 29 104 0 17 26 28
164 104 0 17 26 28 29
164 0 17 26 28 29 104
164 17 26 28 29 104 0
164 26 28 29 104 0 17
165 30 31 105 1 18 27
165 31 105 1 18 27 30
165 105 1 18 27 30 31
165 1 18 27 30 31 105
165 18 27 30 31 105 1
165 27 30 31 105 1 18
166 35 36 107 2 19 32
166 36 107 2 19 32 35
166 107 2 19 32 35 36
166 2 19 32 35 36 107
166 19 32 35 36 107 2
166 32 35 36 107 2 19
167 45 46 108 3 37 43
167 46 108 3 37 43 45
167 108 3 37 43 45 46
167 3 37 43 45 46 108
167 37 43 45 46 108 3
167 43 45 46 108 3 37
168 47 48 109 4 38 44
168 48 109 4 38 44 47
168 109 4 38 44 47 48
168 4 38 44 47 48 109
168 38 44 47 48 109 4
168 44 47 48 109 4 38
169 51 52 110 5 39 49
169 52 110 5 39 49 51
169 110 5 39 49 51 52
169 5 39 49 51 52 110
169 39 49 51 52 110 5
169 49 51 52 110 5 39
170 53 54 111 6 40 50
170 54 111 6 40 50 53
170 111 6 40 50 53 54
170 6 40 50 53 54 111
170 40 50 53 54 111 6
170 50 53 54 111 6 40
171 57 58 112 7 41 55
171 58 112 7 41 55 57
171 112 7 41 55 57 58
171 7 41 55 57 58 112
171 41 55 57 58 112 7
171 55 57 58 112 7 41
172 59 60 113 8 42 56
172 60 113 8 42 56 59
172 113 8 42 56 59 60
172 8 42 56 59 60 113
172 42 56 59 60 113 8
172 56 59 60 113 8 42
173 72 73 116 9 61 70
173 73 116 9 61 70 72
173 116 9 61 70 72 73
173 9 61 70 72 73 116
173 61 70 72 73 116 9
173 70 72 73 116 9 61
174 74 75 117 10 62 71
174 75 117 10 62 71 74
174 117 10 62 71 74 75
174 10 62 71 74 75 117
174 62 71 74 75 117 10
174 71 74 75 117 10 62
175 79 80 119 11 63 76
175 80 119 11 63 76 79
175 119 11 63 76 79 80
175 11 63 76 79 80 119
175 63 76 79 80 119 11
175 76 79 80 119 11 63
176 89 90 121 12 81 86
176 90 121 12 81 86 89
176 121 12 81 86 89 90
176 12 81 86 89 90 121
176 81 86 89 90 121 12
176 86 89 90 121 12 81
177 93 94 122 13 82 91
177 94 122 13 82 91 93
177 122 13 82 91 93 94
177 13 82 91 93 94 122
177 82 91 93 94 122 13
177 91 93 94 122 13 82
178 95 96 123 14 83 92
178 96 123 14 83 92 95
178 123 14 83 92 95 96
178 14 83 92 95 96 123
178 83 92 95 96 123 14
178 92 95 96 123 14 83
179 -1 98 99 124 15 84
180 100 101 125 16 85 97
180 101 125 16 85 97 100
180 125 16 85 97 100 101
180 16 85 97 100 101 125
180 85 97 100 101 125 16
180 97 100 101 125 16 85
181 208 209 126 224 200 206
181 209 126 224 200 206 208
181 126 224 200 206 208 209
181 224 200 206 208 209 126
181 200 206 208 209 126 224
181 206 208 209 126 224 200
182 210 211 127 225 201 207
182 211 127 225 201 207 210
182 127 225 201 207 210 211
182 225 201 207 210 211 127
182 201 207 210 211 127 225
182 207 210 211 127 225 201
183 214 215 128 226 202 212
183 215 128 226 202 212 214
183 128 226 202 212 214 215
183 226 202 212 214 215 128
183 202 212 214 215 128 226
183 212 214 215 128 226 202
184 216 217 129 227 203 213
184 217 129 227 203 213 216
184 129 227 203 213 216 217
184 227 203 213 216 217 129
184 203 213 216 217 129 227
184 213 216 217 129 227 203
185 220 221 130 228 204 218
185 221 130 228 204 218 220
185 130 228 204 218 220 221
185 228 204 218 220 221 130
185 204 218 220 221 130 228
185 218 220 221 130 228 204
186 222 223 131 229 205 219
186 223 131 229 205 219 222
186 131 229 205 219 222 223
186 229 205 219 222 223 131
186 205 219 222 223 131 229
186 219 222 223 131 229 205
187 249 250 132 230 246 251
187 250 132 230 246 251 249
187 132 230 246 251 249 250
187 230 246 251 249 250 132
187 246 251 249 250 132 230
187 251 249 250 132 230 246
188 254 253 133 231 247 252
188 253 133 231 247 252 254
188 133 231 247 252 254 253
188 231 247 252 254 253 133
188 247 252 254 253 133 231
188 252 254 253 133 231 247
189 258 257 134 232 248 256
189 257 134 232 248 256 258
189 134 232 248 256 258 257
189 232 248 256 258 257 134
189 248 256 258 257 134 232
189 256 258 257 134 232 248
190 261 262 135 233 265 259
190 262 135 233 265 259 261
190 135 233 265 259 261 262
190 233 265 259 261 262 135
190 265 259 261 262 135 233
190 259 261 262 135 233 265
191 263 264 136 234 266 260
191 264 136 234 266 260 263
191 136 234 266 260 263 264
191 234 266 260 263 264 136
191 266 260 263 264 136 234
191 260 263 264 136 234 266
192 271 272 137 235 267 273
192 272 137 235 267 273 271
192 137 235 267 273 271 272
192 235 267 273 271 272 137
192 267 273 271 272 137 235
192 273 271 272 137 235 267
193 276 275 138 236 268 274
193 275 138 236 268 274 276
193 138 236 268 274 276 275
193 236 268 274 276 275 138
193 268 274 276 275 138 236
193 274 276 275 138 236 268
194 277 278 139 237 269 279
194 278 139 237 269 279 277
194 139 237 269 279 277 278
194 237 269 279 277 278 139
194 269 279 277 278 139 237
194 279 277 278 139 237 269
195 282 281 140 238 270 280
195 281 140 238 270 280 282
195 140 238 270 280 282 281
195 238 270 280 282 281 140
195 270 280 282 281 140 238
195 280 282 281 140 238 270
196 285 286 141 239 289 283
196 286 141 239 289 283 285
196 141 239 289 283 285 286
196 239 289 283 285 286 141
196 289 283 285 286 141 239
196 283 285 286 141 239 289
197 287 288 142 240 290 284
197 288 142 240 290 284 287
197 142 240 290 284 287 288
197 240 290 284 287 288 142
197 290 284 287 288 142 240
197 284 287 288 142 240 290
198 297 296 143 241 291 295
198 296 143 241 291 295 297
198 143 241 291 295 297 296
198 241 291 295 297 296 143
198 291 295 297 296 143 241
198 295 297 296 143 241 291
199 298 299 144 242 292 300
199 299 144 242 292 300 298
199 144 242 292 300 298 299
199 242 292 300 298 299 144
199 292 300 298 299 144 242
199 300 298 299 144 242 292
200 303 302 145 243 293 301
200 302 145 243 293 301 303
200 145 243 293 301 303 302
200 243 293 301 303 302 145
200 293 301 303 302 145 243
200 301 303 302 145 243 293
201 309 310 147 316 304 307
201 310 147 316 304 307 309
201 147 316 304 307 309 310
201 316 304 307 309 310 147
201 304 307 309 310 147 316
201 307 309 310 147 316 304
202 311 312 148 317 305 308
202 312 148 317 305 308 311
202 148 317 305 308 311 312
202 317 305 308 311 312 148
202 305 308 311 312 148 317
202 308 311 312 148 317 305
203 314 315 149 319 306 313
203 315 149 319 306 313 314
203 149 319 306 313 314 315
203 319 306 313 314 315 149
203 306 313 314 315 149 319
203 313 314 315 149 319 306
204 343 344 152 320 340 345
204 344 152 320 340 345 343
204 152 320 340 345 343 344
204 320 340 345 343 344 152
204 340 345 343 344 152 320
204 345 343 344 152 320 340
205 348 347 153 321 341 346
205 347 153 321 341 346 348
205 153 321 341 346 348 347
205 321 341 346 348 347 153
205 341 346 348 347 153 321
205 346 348 347 153 321 341
206 353 352 155 322 342 351
206 352 155 322 342 351 353
206 155 322 342 351 353 352
206 322 342 351 353 352 155
206 342 351 353 352 155 322
206 351 353 352 155 322 342
207 363 364 156 325 359 365
207 364 156 325 359 365 363
207 156 325 359 365 363 364
207 325 359 365 363 364 156
207 359 365 363 364 156 325
207 365 363 364 156 325 359
208 368 367 157 326 360 366
208 367 157 326 360 366 368
208 157 326 360 366 368 367
208 326 360 366 368 367 157
208 360 366 368 367 157 326
208 366 368 367 157 326 360
209 373 372 158 328 362 371
209 372 158 328 362 371 373
209 158 328 362 371 373 372
209 328 362 371 373 372 158
209 362 371 373 372 158 328
209 371 373 372 158 328 362
210 375 376 159 330 377 374
210 376 159 330 377 374 375
210 159 330 377 374 375 376
210 330 377 374 375 376 159
210 377 374 375 376 159 330
210 374 375 376 159 330 377
211 385 384 161 331 378 383
211 384 161 331 378 383 385
211 161 331 378 383 385 384
211 331 378 383 385 384 161
211 378 383 385 384 161 331
211 383 385 384 161 331 378
212 -1 162 332 379 387 386
213 390 389 163 333 380 388
213 389 163 333 380 388 390
213 163 333 380 388 390 389
213 333 380 388 390 389 163
213 380 388 390 389 163 333
213 388 390 389 163 333 380
214 399 400 166 409 391 397
214 400 166 409 391 397 399
214 166 409 391 397 399 400
214 409 391 397 399 400 166
214 391 397 399 400 166 409
214 397 399 400 166 409 391
215 401 402 167 410 392 398
215 402 167 410 392 398 401
215 167 410 392 398 401 402
215 410 392 398 401 402 167
215 392 398 401 402 167 410
215 398 401 402 167 410 392
216 405 406 169 412 393 403
216 406 169 412 393 403 405
216 169 412 393 403 405 406
216 412 393 403 405 406 169
216 393 403 405 406 169 412
216 403 405 406 169 412 393
217 429 430 170 413 433 427
217 430 170 413 433 427 429
217 170 413 433 427 429 430
217 413 433 427 429 430 170
217 433 427 429 430 170 413
217 427 429 430 170 413 433
218 431 432 171 414 434 428
218 432 171 414 434 428 431
218 171 414 434 428 431 432
218 414 434 428 431 432 171
218 434 428 431 432 171 414
218 428 431 432 171 414 434
219 442 443 172 417 437 444
219 443 172 417 437 444 442
219 172 417 437 444 442 443
219 417 437 444 442 443 172
219 437 444 442 443 172 417
219 444 442 443 172 417 437
220 459 460 173 419 455 461
220 460 173 419 455 461 459
220 173 419 455 461 459 460
220 419 455 461 459 460 173
220 455 461 459 460 173 419
220 461 459 460 173 419 455
221 464 463 174 420 456 462
221 463 174 420 456 462 464
221 174 420 456 462 464 463
221 420 456 462 464 463 174
221 456 462 464 463 174 420
221 462 464 463 174 420 456
222 470 469 175 421 458 468
222 469 175 421 458 468 470
222 175 421 458 468 470 469
222 421 458 468 470 469 175
222 458 468 470 469 175 421
222 468 470 469 175 421 458
223 473 474 177 423 476 471
223 474 177 423 476 471 473
223 177 423 476 471 473 474
223 423 476 471 473 474 177
223 476 471 473 474 177 423
223 471 473 474 177 423 476
224 480 481 178 424 477 482
224 481 178 424 477 482 480
224 178 424 477 482 480 481
224 424 477 482 480 481 178
224 477 482 480 481 178 424
224 482 480 481 178 424 477
225 490 489 179 426 479 488
225 489 179 426 479 488 490
225 179 426 479 488 490 489
225 426 479 488 490 489 179
225 479 488 490 489 179 426
225 488 490 489 179 426 479
226 499 500 181 513 491 496
226 500 181 513 491 496 499
226 181 513 491 496 499 500
226 513 491 496 499 500 181
226 491 496 499 500 181 513
226 496 499 500 181 513 491
227 503 504 182 514 492 501
227 504 182 514 492 501 503
227 182 514 492 501 503 504
227 514 492 501 503 504 182
227 492 501 503 504 182 514
227 501 503 504 182 514 492
228 505 506 183 515 493 502
228 506 183 515 493 502 505
228 183 515 493 502 505 506
228 515 493 502 505 506 183
228 493 502 505 506 183 515
228 502 505 506 183 515 493
229 -1 508 509 184 516 494
230 510 511 185 517 495 507
230 511 185 517 495 507 510
230 185 517 495 507 510 511
230 517 495 507 510 511 185
230 495 507 510 511 185 517
230 507 510 511 185 517 495
231 535 536 186 518 539 533
231 536 186 518 539 533 535
231 186 518 539 533 535 536
231 518 539 533 535 536 186
231 539 533 535 536 186 518
231 533 535 536 186 518 539
232 537 538 187 519 540 534
232 538 187 519 540 534 537
232 187 519 540 534 537 538
232 519 540 534 537 538 187
232 540 534 537 538 187 519
232 534 537 538 187 519 540
233 546 545 188 520 541 544
233 545 188 520 541 544 546
233 188 520 541 544 546 545
233 520 541 544 546 545 188
233 541 544 546 545 188 520
233 544 546 545 188 520 541
234 547 548 189 521 542 549
234 548 189 521 542 549 547
234 189 521 542 549 547 548
234 521 542 549 547 548 189
234 542 549 547 548 189 521
234 549 547 548 189 521 542
235 552 551 190 522 543 550
235 551 190 522 543 550 552
235 190 522 543 550 552 551
235 522 543 550 552 551 190
235 543 550 552 551 190 522
235 550 552 551 190 522 543
236 554 555 191 524 556 553
236 555 191 524 556 553 554
236 191 524 556 553 554 555
236 524 556 553 554 555 191
236 556 553 554 555 191 524
236 553 554 555 191 524 556
237 564 563 193 526 557 562
237 563 193 526 557 562 564
237 193 526 557 562 564 563
237 526 557 562 564 563 193
237 557 562 564 563 193 526
237 562 564 563 193 526 557
238 -1 194 527 558 566 565
239 569 568 195 528 559 567
239 568 195 528 559 567 569
239 195 528 559 567 569 568
239 528 559 567 569 568 195
239 559 567 569 568 195 528
239 567 569 568 195 528 559
240 572 573 197 530 575 570
240 573 197 530 575 570 572
240 197 530 575 570 572 573
240 530 575 570 572 573 197
240 575 570 572 573 197 530
240 570 572 573 197 530 575
241 579 580 198 531 576 581
241 580 198 531 576 581 579
241 198 531 576 581 579 580
241 531 576 581 579 580 198
241 576 581 579 580 198 531
241 581 579 580 198 531 576
242 589 588 199 532 578 587
242 588 199 532 578 587 589
242 199 532 578 587 589 588
242 532 578 587 589 588 199
242 578 587 589 588 199 532
242 587 589 588 199 532 578
243 -1 9 10 202 17 0
244 15 16 205 19 2 12
244 16 205 19 2 12 15
244 205 19 2 12 15 16
244 19 2 12 15 16 205
244 2 12 15 16 205 19
244 12 15 16 205 19 2
245 39 40 206 20 43 37
245 40 206 20 43 37 39
245 206 20 43 37 39 40
245 20 43 37 39 40 206
245 43 37 39 40 206 20
245 37 39 40 206 20 43
246 41 42 207 21 44 38
246 42 207 21 44 38 41
246 207 21 44 38 41 42
246 21 44 38 41 42 207
246 44 38 41 42 207 21
246 38 41 42 207 21 44
247 49 50 208 22 45 51
247 50 208 22 45 51 49
247 208 22 45 51 49 50
247 22 45 51 49 50 208
247 45 51 49 50 208 22
247 51 49 50 208 22 45
248 54 53 209 23 46 52
248 53 209 23 46 52 54
248 209 23 46 52 54 53
248 23 46 52 54 53 209
248 46 52 54 53 209 23
248 52 54 53 209 23 46
249 55 56 210 24 47 57
249 56 210 24 47 57 55
249 210 24 47 57 55 56
249 24 47 57 55 56 210
249 47 57 55 56 210 24
249 57 55 56 210 24 47
250 60 59 211 25 48 58
250 59 211 25 48 58 60
250 211 25 48 58 60 59
250 25 48 58 60 59 211
250 48 58 60 59 211 25
250 58 60 59 211 25 48
251 -1 61 62 212 26 64
252 70 71 214 28 66 72
252 71 214 28 66 72 70
252 214 28 66 72 70 71
252 28 66 72 70 71 214
252 66 72 70 71 214 28
252 72 70 71 214 28 66
253 75 74 215 29 67 73
253 74 215 29 67 73 75
253 215 29 67 73 75 74
253 29 67 73 75 74 215
253 67 73 75 74 215 29
253 73 75 74 215 29 67
254 -1 76 216 30 68 77
255 80 79 217 31 69 78
255 79 217 31 69 78 80
255 217 31 69 78 80 79
255 31 69 78 80 79 217
255 69 78 80 79 217 31
255 78 80 79 217 31 69
256 84 85 219 32 86 81
256 85 219 32 86 81 84
256 219 32 86 81 84 85
256 32 86 81 84 85 219
256 86 81 84 85 219 32
256 81 84 85 219 32 86
257 91 92 220 33 87 93
257 92 220 33 87 93 91
257 220 33 87 93 91 92
257 33 87 93 91 92 220
257 87 93 91 92 220 33
257 93 91 92 220 33 87
258 96 95 221 34 88 94
258 95 221 34 88 94 96
258 221 34 88 94 96 95
258 34 88 94 96 95 221
258 88 94 96 95 221 34
258 94 96 95 221 34 88
259 -1 97 222 35 89 98
260 101 100 223 36 90 99
260 100 223 36 90 99 101
260 223 36 90 99 101 100
260 36 90 99 101 100 223
260 90 99 101 100 223 36
260 99 101 100 223 36 90
261 110 111 224 126 102 108
261 111 224 126 102 108 110
261 224 126 102 108 110 111
261 126 102 108 110 111 224
261 102 108 110 111 224 126
261 108 110 111 224 126 102
262 112 113 225 127 103 109
262 113 225 127 103 109 112
262 225 127 103 109 112 113
262 127 103 109 112 113 225
262 103 109 112 113 225 127
262 109 112 113 225 127 103
263 116 117 226 128 104 114
263 117 226 128 104 114 116
263 226 128 104 114 116 117
263 128 104 114 116 117 226
263 104 114 116 117 226 128
263 114 116 117 226 128 104
264 118 119 227 129 105 115
264 119 227 129 105 115 118
264 227 129 105 115 118 119
264 129 105 115 118 119 227
264 105 115 118 119 227 129
264 115 118 119 227 129 105
265 122 123 228 130 106 120
265 123 228 130 106 120 122
265 228 130 106 120 122 123
265 130 106 120 122 123 228
265 106 120 122 123 228 130
265 120 122 123 228 130 106
266 124 125 229 131 107 121
266 125 229 131 107 121 124
266 229 131 107 121 124 125
266 131 107 121 124 125 229
266 107 121 124 125 229 131
266 121 124 125 229 131 107
267 -1 231 133 153 157 158
268 163 162 232 134 155 161
268 162 232 134 155 161 163
268 232 134 155 161 163 162
268 134 155 161 163 162 232
268 155 161 163 162 232 134
268 161 163 162 232 134 155
269 166 167 233 135 170 164
269 167 233 135 170 164 166
269 233 135 170 164 166 167
269 135 170 164 166 167 233
269 170 164 166 167 233 135
269 164 166 167 233 135 170
270 168 169 234 136 171 165
270 169 234 136 171 165 168
270 234 136 171 165 168 169
270 136 171 165 168 169 234
270 171 165 168 169 234 136
270 165 168 169 234 136 171
271 176 177 237 139 172 178
271 177 237 139 172 178 176
271 237 139 172 178 176 177
271 139 172 178 176 177 237
271 172 178 176 177 237 139
271 178 176 177 237 139 172
272 182 183 239 141 186 180
272 183 239 141 186 180 182
272 239 141 186 180 182 183
272 141 186 180 182 183 239
272 186 180 182 183 239 141
272 180 182 183 239 141 186
273 184 185 240 142 187 181
273 185 240 142 187 181 184
273 240 142 187 181 184 185
273 142 187 181 184 185 240
273 187 181 184 185 240 142
273 181 184 185 240 142 187
274 195 194 241 143 188 193
274 194 241 143 188 193 195
274 241 143 188 193 195 194
274 143 188 193 195 194 241
274 188 193 195 194 241 143
274 193 195 194 241 143 188
275 196 197 242 144 189 198
275 197 242 144 189 198 196
275 242 144 189 198 196 197
275 144 189 198 196 197 242
275 189 198 196 197 242 144
275 198 196 197 242 144 189
276 323 324 246 340 320 325
276 324 246 340 320 325 323
276 246 340 320 325 323 324
276 340 320 325 323 324 246
276 320 325 323 324 246 340
276 325 323 324 246 340 320
277 328 327 247 341 321 326
277 327 247 341 321 326 328
277 247 341 321 326 328 327
277 341 321 326 328 327 247
277 321 326 328 327 247 341
277 326 328 327 247 341 321
278 333 332 248 342 322 331
278 332 248 342 322 331 333
278 248 342 322 331 333 332
278 342 322 331 333 332 248
278 322 331 333 332 248 342
278 331 333 332 248 342 322
279 -1 354 355 249 343 363
280 357 358 251 345 365 359
280 358 251 345 365 359 357
280 251 345 365 359 357 358
280 345 365 359 357 358 251
280 365 359 357 358 251 345
280 359 357 358 251 345 365
281 362 361 252 346 366 360
281 361 252 346 366 360 362
281 252 346 366 360 362 361
281 346 366 360 362 361 252
281 366 360 362 361 252 346
281 360 362 361 252 346 366
282 -1 369 253 347 367 372
283 371 370 254 348 368 373
283 370 254 348 368 373 371
283 254 348 368 373 371 370
283 348 368 373 371 370 254
283 368 373 371 370 254 348
283 373 371 370 254 348 368
284 380 379 256 351 383 378
284 379 256 351 383 378 380
284 256 351 383 378 380 379
284 351 383 378 380 379 256
284 383 378 380 379 256 351
284 378 380 379 256 351 383
285 -1 386 257 352 384 389
286 388 387 258 353 385 390
286 387 258 353 385 390 388
286 258 353 385 390 388 387
286 353 385 390 388 387 258
286 385 390 388 387 258 353
286 390 388 387 258 353 385
287 397 398 261 429 394 399
287 398 261 429 394 399 397
287 261 429 394 399 397 398
287 429 394 399 397 398 261
287 394 399 397 398 261 429
287 399 397 398 261 429 394
288 402 401 262 430 395 400
288 401 262 430 395 400 402
288 262 430 395 400 402 401
288 430 395 400 402 401 262
288 395 400 402 401 262 430
288 400 402 401 262 430 395
289 406 405 264 432 396 404
289 405 264 432 396 404 406
289 264 432 396 404 406 405
289 432 396 404 406 405 264
289 396 404 406 405 264 432
289 404 406 405 264 432 396
290 409 410 265 433 413 407
290 410 265 433 413 407 409
290 265 433 413 407 409 410
290 433 413 407 409 410 265
290 413 407 409 410 265 433
290 407 409 410 265 433 413
291 411 412 266 434 414 408
291 412 266 434 414 408 411
291 266 434 414 408 411 412
291 434 414 408 411 412 266
291 414 408 411 412 266 434
291 408 411 412 266 434 414
292 -1 268 436 416 420 421
293 422 423 269 437 417 424
293 423 269 437 417 424 422
293 269 437 417 424 422 423
293 437 417 424 422 423 269
293 417 424 422 423 269 437
293 424 422 423 269 437 417
294 -1 270 438 418 425 426
295 -1 459 449 447 448 271
296 -1 460 450 452 451 272
297 453 454 273 439 461 455
297 454 273 439 461 455 453
297 273 439 461 455 453 454
297 439 461 455 453 454 273
297 461 455 453 454 273 439
297 455 453 454 273 439 461
298 458 457 274 440 462 456
298 457 274 440 462 456 458
298 274 440 462 456 458 457
298 440 462 456 458 457 274
298 462 456 458 457 274 440
298 456 458 457 274 440 462
299 -1 463 469 466 465 275
300 468 467 276 441 464 470
300 467 276 441 464 470 468
300 276 441 464 470 468 467
300 441 464 470 468 467 276
300 464 470 468 467 276 441
300 470 468 467 276 441 464
301 474 473 278 443 481 472
301 473 278 443 481 472 474
301 278 443 481 472 474 473
301 443 481 472 474 473 278
301 481 472 474 473 278 443
301 472 474 473 278 443 481
302 475 476 279 444 482 477
302 476 279 444 482 477 475
302 279 444 482 477 475 476
302 444 482 477 475 476 279
302 482 477 475 476 279 444
302 477 475 476 279 444 482
303 -1 280 445 483 478 479
304 488 487 282 446 484 490
304 487 282 446 484 490 488
304 282 446 484 490 488 487
304 446 484 490 488 487 282
304 484 490 488 487 282 446
304 490 488 487 282 446 484
305 494 495 284 534 496 491
305 495 284 534 496 491 494
305 284 534 496 491 494 495
305 534 496 491 494 495 284
305 496 491 494 495 284 534
305 491 494 495 284 534 496
306 501 502 285 535 497 503
306 502 285 535 497 503 501
306 285 535 497 503 501 502
306 535 497 503 501 502 285
306 497 503 501 502 285 535
306 503 501 502 285 535 497
307 506 505 286 536 498 504
307 505 286 536 498 504 506
307 286 536 498 504 506 505
307 536 498 504 506 505 286
307 498 504 506 505 286 536
307 504 506 505 286 536 498
308 -1 507 287 537 499 508
309 511 510 288 538 500 509
309 510 288 538 500 509 511
309 288 538 500 509 511 510
309 538 500 509 511 510 288
309 500 509 511 510 288 538
309 509 511 510 288 538 500
310 514 515 289 539 518 512
310 515 289 539 518 512 514
310 289 539 518 512 514 515
310 539 518 512 514 515 289
310 518 512 514 515 289 539
310 512 514 515 289 539 518
311 516 517 290 540 519 513
311 517 290 540 519 513 516
311 290 540 519 513 516 517
311 540 519 513 516 517 290
311 519 513 516 517 290 540
311 513 516 517 290 540 519
312 528 527 291 541 520 526
312 527 291 541 520 526 528
312 291 541 520 526 528 527
312 541 520 526 528 527 291
312 520 526 528 527 291 541
312 526 528 527 291 541 520
313 529 530 292 542 521 531
313 530 292 542 521 531 529
313 292 542 521 531 529 530
313 542 521 531 529 530 292
313 521 531 529 530 292 542
313 531 529 530 292 542 521
314 559 558 295 544 562 557
314 558 295 544 562 557 559
314 295 544 562 557 559 558
314 544 562 557 559 558 295
314 562 557 559 558 295 544
314 557 559 558 295 544 562
315 -1 565 296 545 563 568
316 567 566 297 546 564 569
316 566 297 546 564 569 567
316 297 546 564 569 567 566
316 546 564 569 567 566 297
316 564 569 567 566 297 546
316 569 567 566 297 546 564
317 573 572 299 548 580 571
317 572 299 548 580 571 573
317 299 548 580 571 573 572
317 548 580 571 573 572 299
317 580 571 573 572 299 548
317 571 573 572 299 548 580
318 574 575 300 549 581 576
318 575 300 549 581 576 574
318 300 549 581 576 574 575
318 549 581 576 574 575 300
318 581 576 574 575 300 549
318 576 574 575 300 549 581
319 -1 301 550 582 577 578
320 -1 588 585 584 302 551
321 587 586 303 552 583 589
321 586 303 552 583 589 587
321 303 552 583 589 587 586
321 552 583 589 587 586 303
321 583 589 587 586 303 552
321 589 587 586 303 552 583
322 -1 305 40 6 10 11
323 16 15 306 42 8 14
323 15 306 42 8 14 16
323 306 42 8 14 16 15
323 42 8 14 16 15 306
323 8 14 16 15 306 42
323 14 16 15 306 42 8
324 -1 45 22 28 26 27
325 -1 46 23 29 31 30
326 -1 48 25 34 36 35
327 -1 308 50 71 62 63
328 64 65 309 51 72 66
328 65 309 51 72 66 64
328 309 51 72 66 64 65
328 51 72 66 64 65 309
328 72 66 64 65 309 51
328 66 64 65 309 51 72
329 69 68 310 52 73 67
329 68 310 52 73 67 69
329 310 52 73 67 69 68
329 52 73 67 69 68 310
329 73 67 69 68 310 52
329 67 69 68 310 52 73
330 -1 311 53 74 79 76
331 78 77 312 54 75 80
331 77 312 54 75 80 78
331 312 54 75 80 78 77
331 54 75 80 78 77 312
331 75 80 78 77 312 54
331 80 78 77 312 54 75
332 85 84 313 56 92 83
332 84 313 56 92 83 85
332 313 56 92 83 85 84
332 56 92 83 85 84 313
332 92 83 85 84 313 56
332 83 85 84 313 56 92
333 -1 58 94 88 90 89
334 -1 314 59 95 100 97
335 99 98 315 60 96 101
335 98 315 60 96 101 99
335 315 60 96 101 99 98
335 60 96 101 99 98 315
335 96 101 99 98 315 60
335 101 99 98 315 60 96
336 -1 146 108 102 104 105
337 114 115 316 147 110 116
337 115 316 147 110 116 114
337 316 147 110 116 114 115
337 147 110 116 114 115 316
337 110 116 114 115 316 147
337 116 114 115 316 147 110
338 119 118 317 148 111 117
338 118 317 148 111 117 119
338 317 148 111 117 119 118
338 148 111 117 119 118 317
338 111 117 119 118 317 148
338 117 119 118 317 148 111
339 -1 112 122 120 121 318
340 125 124 319 149 113 123
340 124 319 149 113 123 125
340 319 149 113 123 125 124
340 149 113 123 125 124 319
340 113 123 125 124 319 149
340 123 125 124 319 149 113
341 135 136 320 152 132 137
341 136 320 152 132 137 135
341 320 152 132 137 135 136
341 152 132 137 135 136 320
341 132 137 135 136 320 152
341 137 135 136 320 152 132
342 140 139 321 153 133 138
342 139 321 153 133 138 140
342 321 153 133 138 140 139
342 153 133 138 140 139 321
342 133 138 140 139 321 153
342 138 140 139 321 153 133
343 145 144 322 155 134 143
343 144 322 155 134 143 145
343 322 155 134 143 145 144
343 155 134 143 145 144 322
343 134 143 145 144 322 155
343 143 145 144 322 155 134
344 -1 170 171 325 156 173
345 -1 178 328 158 175 179
346 185 184 330 159 191 183
346 184 330 159 191 183 185
346 330 159 191 183 185 184
346 159 191 183 185 184 330
346 191 183 185 184 330 159
346 183 185 184 330 159 191
347 190 189 331 161 193 188
347 189 331 161 193 188 190
347 331 161 193 188 190 189
347 161 193 188 190 189 331
347 193 188 190 189 331 161
347 188 190 189 331 161 193
348 -1 197 196 332 162 194
349 -1 198 333 163 195 199
350 202 203 334 244 206 200
350 203 334 244 206 200 202
350 334 244 206 200 202 203
350 244 206 200 202 203 334
350 206 200 202 203 334 244
350 200 202 203 334 244 206
351 204 205 335 245 207 201
351 205 335 245 207 201 204
351 335 245 207 201 204 205
351 245 207 201 204 205 335
351 207 201 204 205 335 245
351 201 204 205 335 245 207
352 -1 208 214 212 213 336
353 -1 209 215 217 216 337
354 -1 210 220 218 219 338
355 -1 211 221 223 222 339
356 233 234 340 246 230 235
356 234 340 246 230 235 233
356 340 246 230 235 233 234
356 246 230 235 233 234 340
356 230 235 233 234 340 246
356 235 233 234 340 246 230
357 238 237 341 247 231 236
357 237 341 247 231 236 238
357 341 247 231 236 238 237
357 247 231 236 238 237 341
357 231 236 238 237 341 247
357 236 238 237 341 247 231
358 243 242 342 248 232 241
358 242 342 248 232 241 243
358 342 248 232 241 243 242
358 248 232 241 243 242 342
358 232 241 243 242 342 248
358 241 243 242 342 248 232
359 259 260 343 249 271 261
359 260 343 249 271 261 259
359 343 249 271 261 259 260
359 249 271 261 259 260 343
359 271 261 259 260 343 249
359 261 259 260 343 249 271
360 264 263 344 250 272 262
360 263 344 250 272 262 264
360 344 250 272 262 264 263
360 250 272 262 264 263 344
360 272 262 264 263 344 250
360 262 264 263 344 250 272
361 265 266 345 251 273 267
361 266 345 251 273 267 265
361 345 251 273 267 265 266
361 251 273 267 265 266 345
361 273 267 265 266 345 251
361 267 265 266 345 251 273
362 270 269 346 252 274 268
362 269 346 252 274 268 270
362 346 252 274 268 270 269
362 252 274 268 270 269 346
362 274 268 270 269 346 252
362 268 270 269 346 252 274
363 278 277 347 253 275 281
363 277 347 253 275 281 278
363 347 253 275 281 278 277
363 253 275 281 278 277 347
363 275 281 278 277 347 253
363 281 278 277 347 253 275
364 280 279 348 254 276 282
364 279 348 254 276 282 280
364 348 254 276 282 280 279
364 254 276 282 280 279 348
364 276 282 280 279 348 254
364 282 280 279 348 254 276
365 293 292 351 256 295 291
365 292 351 256 295 291 293
365 351 256 295 291 293 292
365 256 295 291 293 292 351
365 295 291 293 292 351 256
365 291 293 292 351 256 295
366 299 298 352 257 296 302
366 298 352 257 296 302 299
366 352 257 296 302 299 298
366 257 296 302 299 298 352
366 296 302 299 298 352 257
366 302 299 298 352 257 296
367 301 300 353 258 297 303
367 300 353 258 297 303 301
367 353 258 297 303 301 300
367 258 297 303 301 300 353
367 297 303 301 300 353 258
367 303 301 300 353 258 297
368 -1 355 448 398 392 393
369 -1 356 451 401 405 403
370 -1 409 407 408 357 453
371 -1 410 412 411 358 454
372 413 414 359 455 419 415
372 414 359 455 419 415 413
372 359 455 419 415 413 414
372 455 419 415 413 414 359
372 419 415 413 414 359 455
372 415 413 414 359 455 419
373 418 417 360 456 420 416
373 417 360 456 420 416 418
373 360 456 420 416 418 417
373 456 420 416 418 417 360
373 420 416 418 417 360 456
373 416 418 417 360 456 420
374 425 424 362 458 421 426
374 424 362 458 421 426 425
374 362 458 421 426 425 424
374 458 421 426 425 424 362
374 421 426 425 424 362 458
374 426 425 424 362 458 421
375 -1 429 427 428 363 459
376 -1 430 432 431 364 460
377 433 434 365 461 439 435
377 434 365 461 439 435 433
377 365 461 439 435 433 434
377 461 439 435 433 434 365
377 439 435 433 434 365 461
377 435 433 434 365 461 439
378 438 437 366 462 440 436
378 437 366 462 440 436 438
378 366 462 440 436 438 437
378 462 440 436 438 437 366
378 440 436 438 437 366 462
378 436 438 437 366 462 440
379 445 444 368 464 441 446
379 444 368 464 441 446 445
379 368 464 441 446 445 444
379 464 441 446 445 444 368
379 441 446 445 444 368 464
379 446 445 444 368 464 441
380 -1 369 465 485 473 471
381 -1 476 475 370 467 487
382 478 477 371 468 488 479
382 477 371 468 488 479 478
382 371 468 488 479 478 477
382 468 488 479 478 477 371
382 488 479 478 477 371 468
382 479 478 477 371 468 488
383 -1 481 480 372 469 489
384 483 482 373 470 490 484
384 482 373 470 490 484 483
384 373 470 490 484 483 482
384 470 490 484 483 482 373
384 490 484 483 482 373 470
384 484 483 482 373 470 490
385 495 494 374 553 502 493
385 494 374 553 502 493 495
385 374 553 502 493 495 494
385 553 502 493 495 494 374
385 502 493 495 494 374 553
385 493 495 494 374 553 502
386 -1 375 554 505 510 507
387 509 508 376 555 506 511
387 508 376 555 506 511 509
387 376 555 506 511 509 508
387 555 506 511 509 508 376
387 506 511 509 508 376 555
387 511 509 508 376 555 506
388 517 516 377 556 524 515
388 516 377 556 524 515 517
388 377 556 524 515 517 516
388 556 524 515 517 516 377
388 524 515 517 516 377 556
388 515 517 516 377 556 524
389 522 521 378 557 526 520
389 521 378 557 526 520 522
389 378 557 526 520 522 521
389 557 526 520 522 521 378
389 526 520 522 521 378 557
389 520 522 521 378 557 526
390 -1 530 529 379 558 527
391 -1 531 380 559 528 532
392 -1 535 533 534 381 560
393 -1 536 538 537 382 561
394 543 542 383 562 544 541
394 542 383 562 544 541 543
394 383 562 544 541 543 542
394 562 544 541 543 542 383
394 544 541 543 542 383 562
394 541 543 542 383 562 544
395 548 547 384 563 545 551
395 547 384 563 545 551 548
395 384 563 545 551 548 547
395 563 545 551 548 547 384
395 545 551 548 547 384 563
395 551 548 547 384 563 545
396 550 549 385 564 546 552
396 549 385 564 546 552 550
396 385 564 546 552 550 549
396 564 546 552 550 549 385
396 546 552 550 549 385 564
396 552 550 549 385 564 546
397 -1 386 565 584 572 570
398 -1 575 574 387 566 586
399 577 576 388 567 587 578
399 576 388 567 587 578 577
399 388 567 587 578 577 576
399 567 587 578 577 576 388
399 587 578 577 576 388 567
399 578 577 576 388 567 587
400 -1 580 579 389 568 588
401 582 581 390 569 589 583
401 581 390 569 589 583 582
401 390 569 589 583 582 581
401 569 589 583 582 581 390
401 589 583 582 581 390 569
401 583 582 581 390 569 589
402 3 4 391 61 9 5
402 4 391 61 9 5 3
402 391 61 9 5 3 4
402 61 9 5 3 4 391
402 9 5 3 4 391 61
402 5 3 4 391 61 9
403 8 7 392 62 10 6
403 7 392 62 10 6 8
403 392 62 10 6 8 7
403 62 10 6 8 7 392
403 10 6 8 7 392 62
403 6 8 7 392 62 10
404 14 13 393 63 11 16
404 13 393 63 11 16 14
404 393 63 11 16 14 13
404 63 11 16 14 13 393
404 11 16 14 13 393 63
404 16 14 13 393 63 11
405 20 21 394 66 28 22
405 21 394 66 28 22 20
405 394 66 28 22 20 21
405 66 28 22 20 21 394
405 28 22 20 21 394 66
405 22 20 21 394 66 28
406 25 24 395 67 29 23
406 24 395 67 29 23 25
406 395 67 29 23 25 24
406 67 29 23 25 24 395
406 29 23 25 24 395 67
406 23 25 24 395 67 29
407 34 33 396 69 31 36
407 33 396 69 31 36 34
407 396 69 31 36 34 33
407 69 31 36 34 33 396
407 31 36 34 33 396 69
407 36 34 33 396 69 31
408 37 38 397 70 49 39
408 38 397 70 49 39 37
408 397 70 49 39 37 38
408 70 49 39 37 38 397
408 49 39 37 38 397 70
408 39 37 38 397 70 49
409 42 41 398 71 50 40
409 41 398 71 50 40 42
409 398 71 50 40 42 41
409 71 50 40 42 41 398
409 50 40 42 41 398 71
409 40 42 41 398 71 50
410 43 44 399 72 51 45
410 44 399 72 51 45 43
410 399 72 51 45 43 44
410 72 51 45 43 44 399
410 51 45 43 44 399 72
410 45 43 44 399 72 51
411 48 47 400 73 52 46
411 47 400 73 52 46 48
411 400 73 52 46 48 47
411 73 52 46 48 47 400
411 52 46 48 47 400 73
411 46 48 47 400 73 52
412 56 55 401 74 53 59
412 55 401 74 53 59 56
412 401 74 53 59 56 55
412 74 53 59 56 55 401
412 53 59 56 55 401 74
412 59 56 55 401 74 53
413 58 57 402 75 54 60
413 57 402 75 54 60 58
413 402 75 54 60 58 57
413 75 54 60 58 57 402
413 54 60 58 57 402 75
413 60 58 57 402 75 54
414 83 82 403 76 97 85
414 82 403 76 97 85 83
414 403 76 97 85 83 82
414 76 97 85 83 82 403
414 97 85 83 82 403 76
414 85 83 82 403 76 97
415 88 87 404 78 99 90
415 87 404 78 99 90 88
415 404 78 99 90 88 87
415 78 99 90 88 87 404
415 99 90 88 87 404 78
415 90 88 87 404 78 99
416 92 91 405 79 100 95
416 91 405 79 100 95 92
416 405 79 100 95 92 91
416 79 100 95 92 91 405
416 100 95 92 91 405 79
416 95 92 91 405 79 100
417 94 93 406 80 101 96
417 93 406 80 101 96 94
417 406 80 101 96 94 93
417 80 101 96 94 93 406
417 101 96 94 93 406 80
417 96 94 93 406 80 101
418 102 103 407 164 114 104
418 103 407 164 114 104 102
418 407 164 114 104 102 103
418 164 114 104 102 103 407
418 114 104 102 103 407 164
418 104 102 103 407 164 114
419 107 106 408 165 115 105
419 106 408 165 115 105 107
419 408 165 115 105 107 106
419 165 115 105 107 106 408
419 115 105 107 106 408 165
419 105 107 106 408 165 115
420 108 109 409 166 116 110
420 109 409 166 116 110 108
420 409 166 116 110 108 109
420 166 116 110 108 109 409
420 116 110 108 109 409 166
420 110 108 109 409 166 116
421 113 112 410 167 117 111
421 112 410 167 117 111 113
421 410 167 117 111 113 112
421 167 117 111 113 112 410
421 117 111 113 112 410 167
421 111 113 112 410 167 117
422 121 120 411 168 118 124
422 120 411 168 118 124 121
422 411 168 118 124 121 120
422 168 118 124 121 120 411
422 118 124 121 120 411 168
422 124 121 120 411 168 118
423 123 122 412 169 119 125
423 122 412 169 119 125 123
423 412 169 119 125 123 122
423 169 119 125 123 122 412
423 119 125 123 122 412 169
423 125 123 122 412 169 119
424 126 127 413 170 135 128
424 127 413 170 135 128 126
424 413 170 135 128 126 127
424 170 135 128 126 127 413
424 135 128 126 127 413 170
424 128 126 127 413 170 135
425 131 130 414 171 136 129
425 130 414 171 136 129 131
425 414 171 136 129 131 130
425 171 136 129 131 130 414
425 136 129 131 130 414 171
425 129 131 130 414 171 136
426 142 141 417 172 139 144
426 141 417 172 139 144 142
426 417 172 139 144 142 141
426 172 139 144 142 141 417
426 139 144 142 141 417 172
426 144 142 141 417 172 139
427 150 151 419 173 156 152
427 151 419 173 156 152 150
427 419 173 156 152 150 151
427 173 156 152 150 151 419
427 156 152 150 151 419 173
427 152 150 151 419 173 156
428 155 154 420 174 157 153
428 154 420 174 157 153 155
428 420 174 157 153 155 154
428 174 157 153 155 154 420
428 157 153 155 154 420 174
428 153 155 154 420 174 157
429 161 160 421 175 158 163
429 160 421 175 158 163 161
429 421 175 158 163 161 160
429 175 158 163 161 160 421
429 158 163 161 160 421 175
429 163 161 160 421 175 158
430 181 180 422 176 196 184
430 180 422 176 196 184 181
430 422 176 196 184 181 180
430 176 196 184 181 180 422
430 196 184 181 180 422 176
430 184 181 180 422 176 196
431 183 182 423 177 197 185
431 182 423 177 197 185 183
431 423 177 197 185 183 182
431 177 197 185 183 182 423
431 197 185 183 182 423 177
431 185 183 182 423 177 197
432 187 186 424 178 198 189
432 186 424 178 198 189 187
432 424 178 198 189 187 186
432 178 198 189 187 186 424
432 198 189 187 186 424 178
432 189 187 186 424 178 198
433 193 192 426 179 199 195
433 192 426 179 199 195 193
433 426 179 199 195 193 192
433 179 199 195 193 192 426
433 199 195 193 192 426 179
433 195 193 192 426 179 199
434 200 201 427 259 212 202
434 201 427 259 212 202 200
434 427 259 212 202 200 201
434 259 212 202 200 201 427
434 212 202 200 201 427 259
434 202 200 201 427 259 212
435 205 204 428 260 213 203
435 204 428 260 213 203 205
435 428 260 213 203 205 204
435 260 213 203 205 204 428
435 213 203 205 204 428 260
435 203 205 204 428 260 213
436 206 207 429 261 214 208
436 207 429 261 214 208 206
436 429 261 214 208 206 207
436 261 214 208 206 207 429
436 214 208 206 207 429 261
436 208 206 207 429 261 214
437 211 210 430 262 215 209
437 210 430 262 215 209 211
437 430 262 215 209 211 210
437 262 215 209 211 210 430
437 215 209 211 210 430 262
437 209 211 210 430 262 215
438 219 218 431 263 216 222
438 218 431 263 216 222 219
438 431 263 216 222 219 218
438 263 216 222 219 218 431
438 216 222 219 218 431 263
438 222 219 218 431 263 216
439 221 220 432 264 217 223
439 220 432 264 217 223 221
439 432 264 217 223 221 220
439 264 217 223 221 220 432
439 217 223 221 220 432 264
439 223 221 220 432 264 217
440 224 225 433 265 233 226
440 225 433 265 233 226 224
440 433 265 233 226 224 225
440 265 233 226 224 225 433
440 233 226 224 225 433 265
440 226 224 225 433 265 233
441 229 228 434 266 234 227
441 228 434 266 234 227 229
441 434 266 234 227 229 228
441 266 234 227 229 228 434
441 234 227 229 228 434 266
441 227 229 228 434 266 234
442 -1 436 268 236 231 232
443 240 239 437 269 237 242
443 239 437 269 237 242 240
443 437 269 237 242 240 239
443 269 237 242 240 239 437
443 237 242 240 239 437 269
443 242 240 239 437 269 237
444 -1 438 270 238 243 241
445 -1 440 274 252 247 248
446 256 255 441 276 254 258
446 255 441 276 254 258 256
446 441 276 254 258 256 255
446 276 254 258 256 255 441
446 254 258 256 255 441 276
446 258 256 255 441 276 254
447 284 283 442 277 298 287
447 283 442 277 298 287 284
447 442 277 298 287 284 283
447 277 298 287 284 283 442
447 298 287 284 283 442 277
447 287 284 283 442 277 298
448 286 285 443 278 299 288
448 285 443 278 299 288 286
448 443 278 299 288 286 285
448 278 299 288 286 285 443
448 299 288 286 285 443 278
448 288 286 285 443 278 299
449 290 289 444 279 300 292
449 289 444 279 300 292 290
449 444 279 300 292 290 289
449 279 300 292 290 289 444
449 300 292 290 289 444 279
449 292 290 289 444 279 300
450 -1 445 280 301 293 291
451 295 294 446 282 303 297
451 294 446 282 303 297 295
451 446 282 303 297 295 294
451 282 303 297 295 294 446
451 303 297 295 294 446 282
451 297 295 294 446 282 303
452 -1 448 355 308 305 306
453 -1 451 356 311 314 313
454 319 318 454 358 324 317
454 318 454 358 324 317 319
454 454 358 324 317 319 318
454 358 324 317 319 318 454
454 324 317 319 318 454 358
454 317 319 318 454 358 324
455 -1 456 360 326 321 322
456 330 329 457 361 327 332
456 329 457 361 327 332 330
456 457 361 327 332 330 329
456 361 327 332 330 329 457
456 327 332 330 329 457 361
456 332 330 329 457 361 327
457 -1 458 362 328 333 331
458 334 335 459 363 343 336
458 335 459 363 343 336 334
458 459 363 343 336 334 335
458 363 343 336 334 335 459
458 343 336 334 335 459 363
458 336 334 335 459 363 343
459 339 338 460 364 344 337
459 338 460 364 344 337 339
459 460 364 344 337 339 338
459 364 344 337 339 338 460
459 344 337 339 338 460 364
459 337 339 338 460 364 344
460 -1 462 366 346 341 342
461 350 349 463 367 347 352
461 349 463 367 347 352 350
461 463 367 347 352 350 349
461 367 347 352 350 349 463
461 347 352 350 349 463 367
461 352 350 349 463 367 347
462 -1 464 368 348 353 351
463 -1 465 369 386 375 374
464 -1 467 370 387 379 377
465 -1 468 371 388 380 378
466 382 381 469 372 389 384
466 381 469 372 389 384 382
466 469 372 389 384 382 381
466 372 389 384 382 381 469
466 389 384 382 381 469 372
466 384 382 381 469 372 389
467 -1 470 373 390 385 383
468 493 492 471 570 507 495
468 492 471 570 507 495 493
468 471 570 507 495 493 492
468 570 507 495 493 492 471
468 507 495 493 492 471 570
468 495 493 492 471 570 507
469 498 497 472 571 509 500
469 497 472 571 509 500 498
469 472 571 509 500 498 497
469 571 509 500 498 497 472
469 509 500 498 497 472 571
469 500 498 497 472 571 509
470 502 501 473 572 510 505
470 501 473 572 510 505 502
470 473 572 510 505 502 501
470 572 510 505 502 501 473
470 510 505 502 501 473 572
470 505 502 501 473 572 510
471 504 503 474 573 511 506
471 503 474 573 511 506 504
471 474 573 511 506 504 503
471 573 511 506 504 503 474
471 511 506 504 503 474 573
471 506 504 503 474 573 511
472 513 512 475 574 529 516
472 512 475 574 529 516 513
472 475 574 529 516 513 512
472 574 529 516 513 512 475
472 529 516 513 512 475 574
472 516 513 512 475 574 529
473 515 514 476 575 530 517
473 514 476 575 530 517 515
473 476 575 530 517 515 514
473 575 530 517 515 514 476
473 530 517 515 514 476 575
473 517 515 514 476 575 530
474 519 518 477 576 531 521
474 518 477 576 531 521 519
474 477 576 531 521 519 518
474 576 531 521 519 518 477
474 531 521 519 518 477 576
474 521 519 518 477 576 531
475 526 525 479 578 532 528
475 525 479 578 532 528 526
475 479 578 532 528 526 525
475 578 532 528 526 525 479
475 532 528 526 525 479 578
475 528 526 525 479 578 532
476 534 533 480 579 547 537
476 533 480 579 547 537 534
476 480 579 547 537 534 533
476 579 547 537 534 533 480
476 547 537 534 533 480 579
476 537 534 533 480 579 547
477 536 535 481 580 548 538
477 535 481 580 548 538 536
477 481 580 548 538 536 535
477 580 548 538 536 535 481
477 548 538 536 535 481 580
477 538 536 535 481 580 548
478 540 539 482 581 549 542
478 539 482 581 549 542 540
478 482 581 549 542 540 539
478 581 549 542 540 539 482
478 549 542 540 539 482 581
478 542 540 539 482 581 549
479 -1 483 582 550 543 541
480 -1 484 583 552 546 544
481 -1 485 584 565 554 553
482 -1 487 586 566 558 556
483 -1 488 587 567 559 557
484 561 560 489 588 568 563
484 560 489 588 568 563 561
484 489 588 568 563 561 560
484 588 568 563 561 560 489
484 568 563 561 560 489 588
484 563 561 560 489 588 568
485 -1 490 589 569 564 562
486 1 0 491 81 12 2
486 0 491 81 12 2 1
486 491 81 12 2 1 0
486 81 12 2 1 0 491
486 12 2 1 0 491 81
486 2 1 0 491 81 12
487 4 3 492 82 13 7
487 3 492 82 13 7 4
487 492 82 13 7 4 3
487 82 13 7 4 3 492
487 13 7 4 3 492 82
487 7 4 3 492 82 13
488 6 5 493 83 14 8
488 5 493 83 14 8 6
488 493 83 14 8 6 5
488 83 14 8 6 5 493
488 14 8 6 5 493 83
488 8 6 5 493 83 14
489 10 9 495 85 16 11
489 9 495 85 16 11 10
489 495 85 16 11 10 9
489 85 16 11 10 9 495
489 16 11 10 9 495 85
489 11 10 9 495 85 16
490 18 17 496 86 32 19
490 17 496 86 32 19 18
490 496 86 32 19 18 17
490 86 32 19 18 17 496
490 32 19 18 17 496 86
490 19 18 17 496 86 32
491 21 20 497 87 33 24
491 20 497 87 33 24 21
491 497 87 33 24 21 20
491 87 33 24 21 20 497
491 33 24 21 20 497 87
491 24 21 20 497 87 33
492 23 22 498 88 34 25
492 22 498 88 34 25 23
492 498 88 34 25 23 22
492 88 34 25 23 22 498
492 34 25 23 22 498 88
492 25 23 22 498 88 34
493 27 26 499 89 35 30
493 26 499 89 35 30 27
493 499 89 35 30 27 26
493 89 35 30 27 26 499
493 35 30 27 26 499 89
493 30 27 26 499 89 35
494 29 28 500 90 36 31
494 28 500 90 36 31 29
494 500 90 36 31 29 28
494 90 36 31 29 28 500
494 36 31 29 28 500 90
494 31 29 28 500 90 36
495 38 37 501 91 55 41
495 37 501 91 55 41 38
495 501 91 55 41 38 37
495 91 55 41 38 37 501
495 55 41 38 37 501 91
495 41 38 37 501 91 55
496 40 39 502 92 56 42
496 39 502 92 56 42 40
496 502 92 56 42 40 39
496 92 56 42 40 39 502
496 56 42 40 39 502 92
496 42 40 39 502 92 56
497 44 43 503 93 57 47
497 43 503 93 57 47 44
497 503 93 57 47 44 43
497 93 57 47 44 43 503
497 57 47 44 43 503 93
497 47 44 43 503 93 57
498 46 45 504 94 58 48
498 45 504 94 58 48 46
498 504 94 58 48 46 45
498 94 58 48 46 45 504
498 58 48 46 45 504 94
498 48 46 45 504 94 58
499 50 49 505 95 59 53
499 49 505 95 59 53 50
499 505 95 59 53 50 49
499 95 59 53 50 49 505
499 59 53 50 49 505 95
499 53 50 49 505 95 59
500 52 51 506 96 60 54
500 51 506 96 60 54 52
500 506 96 60 54 52 51
500 96 60 54 52 51 506
500 60 54 52 51 506 96
500 54 52 51 506 96 60
501 62 61 507 97 76 63
501 61 507 97 76 63 62
501 507 97 76 63 62 61
501 97 76 63 62 61 507
501 76 63 62 61 507 97
501 63 62 61 507 97 76
502 65 64 508 98 77 68
502 64 508 98 77 68 65
502 508 98 77 68 65 64
502 98 77 68 65 64 508
502 77 68 65 64 508 98
502 68 65 64 508 98 77
503 67 66 509 99 78 69
503 66 509 99 78 69 67
503 509 99 78 69 67 66
503 99 78 69 67 66 509
503 78 69 67 66 509 99
503 69 67 66 509 99 78
504 71 70 510 100 79 74
504 70 510 100 79 74 71
504 510 100 79 74 71 70
504 100 79 74 71 70 510
504 79 74 71 70 510 100
504 74 71 70 510 100 79
505 73 72 511 101 80 75
505 72 511 101 80 75 73
505 511 101 80 75 73 72
505 101 80 75 73 72 511
505 80 75 73 72 511 101
505 75 73 72 511 101 80
506 103 102 512 180 120 106
506 102 512 180 120 106 103
506 512 180 120 106 103 102
506 180 120 106 103 102 512
506 120 106 103 102 512 180
506 106 103 102 512 180 120
507 105 104 513 181 121 107
507 104 513 181 121 107 105
507 513 181 121 107 105 104
507 181 121 107 105 104 513
507 121 107 105 104 513 181
507 107 105 104 513 181 121
508 109 108 514 182 122 112
508 108 514 182 122 112 109
508 514 182 122 112 109 108
508 182 122 112 109 108 514
508 122 112 109 108 514 182
508 112 109 108 514 182 122
509 111 110 515 183 123 113
509 110 515 183 123 113 111
509 515 183 123 113 111 110
509 183 123 113 111 110 515
509 123 113 111 110 515 183
509 113 111 110 515 183 123
510 115 114 516 184 124 118
510 114 516 184 124 118 115
510 516 184 124 118 115 114
510 184 124 118 115 114 516
510 124 118 115 114 516 184
510 118 115 114 516 184 124
511 117 116 517 185 125 119
511 116 517 185 125 119 117
511 517 185 125 119 117 116
511 185 125 119 117 116 517
511 125 119 117 116 517 185
511 119 117 116 517 185 125
512 127 126 518 186 141 130
512 126 518 186 141 130 127
512 518 186 141 130 127 126
512 186 141 130 127 126 518
512 141 130 127 126 518 186
512 130 127 126 518 186 141
513 129 128 519 187 142 131
513 128 519 187 142 131 129
513 519 187 142 131 129 128
513 187 142 131 129 128 519
513 142 131 129 128 519 187
513 131 129 128 519 187 142
514 133 132 520 188 143 134
514 132 520 188 143 134 133
514 520 188 143 134 133 132
514 188 143 134 133 132 520
514 143 134 133 132 520 188
514 134 133 132 520 188 143
515 136 135 521 189 144 139
515 135 521 189 144 139 136
515 521 189 144 139 136 135
515 189 144 139 136 135 521
515 144 139 136 135 521 189
515 139 136 135 521 189 144
516 138 137 522 190 145 140
516 137 522 190 145 140 138
516 522 190 145 140 138 137
516 190 145 140 138 137 522
516 145 140 138 137 522 190
516 140 138 137 522 190 145
517 148 147 524 191 159 149
517 147 524 191 159 149 148
517 524 191 159 149 148 147
517 191 159 149 148 147 524
517 159 149 148 147 524 191
517 149 148 147 524 191 159
518 151 150 525 192 160 154
518 150 525 192 160 154 151
518 525 192 160 154 151 150
518 192 160 154 151 150 525
518 160 154 151 150 525 192
518 154 151 150 525 192 160
519 153 152 526 193 161 155
519 152 526 193 161 155 153
519 526 193 161 155 153 152
519 193 161 155 153 152 526
519 161 155 153 152 526 193
519 155 153 152 526 193 161
520 157 156 528 195 163 158
520 156 528 195 163 158 157
520 528 195 163 158 157 156
520 195 163 158 157 156 528
520 163 158 157 156 528 195
520 158 157 156 528 195 163
521 165 164 529 196 176 168
521 164 529 196 176 168 165
521 529 196 176 168 165 164
521 196 176 168 165 164 529
521 176 168 165 164 529 196
521 168 165 164 529 196 176
522 167 166 530 197 177 169
522 166 530 197 177 169 167
522 530 197 177 169 167 166
522 197 177 169 167 166 530
522 177 169 167 166 530 197
522 169 167 166 530 197 177
523 171 170 531 198 178 172
523 170 531 198 178 172 171
523 531 198 178 172 171 170
523 198 178 172 171 170 531
523 178 172 171 170 531 198
523 172 171 170 531 198 178
524 174 173 532 199 179 175
524 173 532 199 179 175 174
524 532 199 179 175 174 173
524 199 179 175 174 173 532
524 179 175 174 173 532 199
524 175 174 173 532 199 179
525 201 200 533 283 218 204
525 200 533 283 218 204 201
525 533 283 218 204 201 200
525 283 218 204 201 200 533
525 218 204 201 200 533 283
525 204 201 200 533 283 218
526 203 202 534 284 219 205
526 202 534 284 219 205 203
526 534 284 219 205 203 202
526 284 219 205 203 202 534
526 219 205 203 202 534 284
526 205 203 202 534 284 219
527 207 206 535 285 220 210
527 206 535 285 220 210 207
527 535 285 220 210 207 206
527 285 220 210 207 206 535
527 220 210 207 206 535 285
527 210 207 206 535 285 220
528 209 208 536 286 221 211
528 208 536 286 221 211 209
528 536 286 221 211 209 208
528 286 221 211 209 208 536
528 221 211 209 208 536 286
528 211 209 208 536 286 221
529 213 212 537 287 222 216
529 212 537 287 222 216 213
529 537 287 222 216 213 212
529 287 222 216 213 212 537
529 222 216 213 212 537 287
529 216 213 212 537 287 222
530 215 214 538 288 223 217
530 214 538 288 223 217 215
530 538 288 223 217 215 214
530 288 223 217 215 214 538
530 223 217 215 214 538 288
530 217 215 214 538 288 223
531 225 224 539 289 239 228
531 224 539 289 239 228 225
531 539 289 239 228 225 224
531 289 239 228 225 224 539
531 239 228 225 224 539 289
531 228 225 224 539 289 239
532 227 226 540 290 240 229
532 226 540 290 240 229 227
532 540 290 240 229 227 226
532 290 240 229 227 226 540
532 240 229 227 226 540 290
532 229 227 226 540 290 240
533 231 230 541 291 241 232
533 230 541 291 241 232 231
533 541 291 241 232 231 230
533 291 241 232 231 230 541
533 241 232 231 230 541 291
533 232 231 230 541 291 241
534 234 233 542 292 242 237
534 233 542 292 242 237 234
534 542 292 242 237 234 233
534 292 242 237 234 233 542
534 242 237 234 233 542 292
534 237 234 233 542 292 242
535 236 235 543 293 243 238
535 235 543 293 243 238 236
535 543 293 243 238 236 235
535 293 243 238 236 235 543
535 243 238 236 235 543 293
535 238 236 235 543 293 243
536 247 246 544 295 256 248
536 246 544 295 256 248 247
536 544 295 256 248 247 246
536 295 256 248 247 246 544
536 256 248 247 246 544 295
536 248 247 246 544 295 256
537 250 249 545 296 257 253
537 249 545 296 257 253 250
537 545 296 257 253 250 249
537 296 257 253 250 249 545
537 257 253 250 249 545 296
537 253 250 249 545 296 257
538 252 251 546 297 258 254
538 251 546 297 258 254 252
538 546 297 258 254 252 251
538 297 258 254 252 251 546
538 258 254 252 251 546 297
538 254 252 251 546 297 258
539 260 259 547 298 277 263
539 259 547 298 277 263 260
539 547 298 277 263 260 259
539 298 277 263 260 259 547
539 277 263 260 259 547 298
539 263 260 259 547 298 277
540 262 261 548 299 278 264
540 261 548 299 278 264 262
540 548 299 278 264 262 261
540 299 278 264 262 261 548
540 278 264 262 261 548 299
540 264 262 261 548 299 278
541 266 265 549 300 279 269
541 265 549 300 279 269 266
541 549 300 279 269 266 265
541 300 279 269 266 265 549
541 279 269 266 265 549 300
541 269 266 265 549 300 279
542 268 267 550 301 280 270
542 267 550 301 280 270 268
542 550 301 280 270 268 267
542 301 280 270 268 267 550
542 280 270 268 267 550 301
542 270 268 267 550 301 280
543 272 271 551 302 281 275
543 271 551 302 281 275 272
543 551 302 281 275 272 271
543 302 281 275 272 271 551
543 281 275 272 271 551 302
543 275 272 271 551 302 281
544 274 273 552 303 282 276
544 273 552 303 282 276 274
544 552 303 282 276 274 273
544 303 282 276 274 273 552
544 282 276 274 273 552 303
544 276 274 273 552 303 282
545 305 304 553 374 313 306
545 304 553 374 313 306 305
545 553 374 313 306 305 304
545 374 313 306 305 304 553
545 313 306 305 304 553 374
545 306 305 304 553 374 313
546 308 307 554 375 314 311
546 307 554 375 314 311 308
546 554 375 314 311 308 307
546 375 314 311 308 307 554
546 314 311 308 307 554 375
546 311 308 307 554 375 314
547 310 309 555 376 315 312
547 309 555 376 315 312 310
547 555 376 315 312 310 309
547 376 315 312 310 309 555
547 315 312 310 309 555 376
547 312 310 309 555 376 315
548 317 316 556 377 330 319
548 316 556 377 330 319 317
548 556 377 330 319 317 316
548 377 330 319 317 316 556
548 330 319 317 316 556 377
548 319 317 316 556 377 330
549 321 320 557 378 331 322
549 320 557 378 331 322 321
549 557 378 331 322 321 320
549 378 331 322 321 320 557
549 331 322 321 320 557 378
549 322 321 320 557 378 331
550 324 323 558 379 332 327
550 323 558 379 332 327 324
550 558 379 332 327 324 323
550 379 332 327 324 323 558
550 332 327 324 323 558 379
550 327 324 323 558 379 332
551 326 325 559 380 333 328
551 325 559 380 333 328 326
551 559 380 333 328 326 325
551 380 333 328 326 325 559
551 333 328 326 325 559 380
551 328 326 325 559 380 333
552 335 334 560 381 349 338
552 334 560 381 349 338 335
552 560 381 349 338 335 334
552 381 349 338 335 334 560
552 349 338 335 334 560 381
552 338 335 334 560 381 349
553 337 336 561 382 350 339
553 336 561 382 350 339 337
553 561 382 350 339 337 336
553 382 350 339 337 336 561
553 350 339 337 336 561 382
553 339 337 336 561 382 350
554 341 340 562 383 351 342
554 340 562 383 351 342 341
554 562 383 351 342 341 340
554 383 351 342 341 340 562
554 351 342 341 340 562 383
554 342 341 340 562 383 351
555 344 343 563 384 352 347
555 343 563 384 352 347 344
555 563 384 352 347 344 343
555 384 352 347 344 343 563
555 352 347 344 343 563 384
555 347 344 343 563 384 352
556 346 345 564 385 353 348
556 345 564 385 353 348 346
556 564 385 353 348 346 345
556 385 353 348 346 345 564
556 353 348 346 345 564 385
556 348 346 345 564 385 353
557 355 354 565 386 369 356
557 354 565 386 369 356 355
557 565 386 369 356 355 354
557 386 369 356 355 354 565
557 369 356 355 354 565 386
557 356 355 354 565 386 369
558 358 357 566 387 370 361
558 357 566 387 370 361 358
558 566 387 370 361 358 357
558 387 370 361 358 357 566
558 370 361 358 357 566 387
558 361 358 357 566 387 370
559 360 359 567 388 371 362
559 359 567 388 371 362 360
559 567 388 371 362 360 359
559 388 371 362 360 359 567
559 371 362 360 359 567 388
559 362 360 359 567 388 371
560 364 363 568 389 372 367
560 363 568 389 372 367 364
560 568 389 372 367 364 363
560 389 372 367 364 363 568
560 372 367 364 363 568 389
560 367 364 363 568 389 372
561 366 365 569 390 373 368
561 365 569 390 373 368 366
561 569 390 373 368 366 365
561 390 373 368 366 365 569
561 373 368 366 365 569 390
561 368 366 365 569 390 373
562 392 391 570 471 403 393
562 391 570 471 403 393 392
562 570 471 403 393 392 391
562 471 403 393 392 391 570
562 403 393 392 391 570 471
562 393 392 391 570 471 403
563 395 394 571 472 404 396
563 394 571 472 404 396 395
563 571 472 404 396 395 394
563 472 404 396 395 394 571
563 404 396 395 394 571 472
563 396 395 394 571 472 404
564 398 397 572 473 405 401
564 397 572 473 405 401 398
564 572 473 405 401 398 397
564 473 405 401 398 397 572
564 405 401 398 397 572 473
564 401 398 397 572 473 405
565 400 399 573 474 406 402
565 399 573 474 406 402 400
565 573 474 406 402 400 399
565 474 406 402 400 399 573
565 406 402 400 399 573 474
565 402 400 399 573 474 406
566 408 407 574 475 422 411
566 407 574 475 422 411 408
566 574 475 422 411 408 407
566 475 422 411 408 407 574
566 422 411 408 407 574 475
566 411 408 407 574 475 422
567 410 409 575 476 423 412
567 409 575 476 423 412 410
567 575 476 423 412 410 409
567 476 423 412 410 409 575
567 423 412 410 409 575 476
567 412 410 409 575 476 423
568 414 413 576 477 424 417
568 413 576 477 424 417 414
568 576 477 424 417 414 413
568 477 424 417 414 413 576
568 424 417 414 413 576 477
568 417 414 413 576 477 424
569 416 415 577 478 425 418
569 415 577 478 425 418 416
569 577 478 425 418 416 415
569 478 425 418 416 415 577
569 425 418 416 415 577 478
569 418 416 415 577 478 425
570 420 419 578 479 426 421
570 419 578 479 426 421 420
570 578 479 426 421 420 419
570 479 426 421 420 419 578
570 426 421 420 419 578 479
570 421 420 419 578 479 426
571 428 427 579 480 442 431
571 427 579 480 442 431 428
571 579 480 442 431 428 427
571 480 442 431 428 427 579
571 442 431 428 427 579 480
571 431 428 427 579 480 442
572 430 429 580 481 443 432
572 429 580 481 443 432 430
572 580 481 443 432 430 429
572 481 443 432 430 429 580
572 443 432 430 429 580 481
572 432 430 429 580 481 443
573 434 433 581 482 444 437
573 433 581 482 444 437 434
573 581 482 444 437 434 433
573 482 444 437 434 433 581
573 444 437 434 433 581 482
573 437 434 433 581 482 444
574 436 435 582 483 445 438
574 435 582 483 445 438 436
574 582 483 445 438 436 435
574 483 445 438 436 435 582
574 445 438 436 435 582 483
574 438 436 435 582 483 445
575 440 439 583 484 446 441
575 439 583 484 446 441 440
575 583 484 446 441 440 439
575 484 446 441 440 439 583
575 446 441 440 439 583 484
575 441 440 439 583 484 446
576 448 447 584 485 465 451
576 447 584 485 465 451 448
576 584 485 465 451 448 447
576 485 465 451 448 447 584
576 465 451 448 447 584 485
576 451 448 447 584 485 465
577 450 449 585 486 466 452
577 449 585 486 466 452 450
577 585 486 466 452 450 449
577 486 466 452 450 449 585
577 466 452 450 449 585 486
577 452 450 449 585 486 466
578 454 453 586 487 467 457
578 453 586 487 467 457 454
578 586 487 467 457 454 453
578 487 467 457 454 453 586
578 467 457 454 453 586 487
578 457 454 453 586 487 467
579 456 455 587 488 468 458
579 455 587 488 468 458 456
579 587 488 468 458 456 455
579 488 468 458 456 455 587
579 468 458 456 455 587 488
579 458 456 455 587 488 468
580 460 459 588 489 469 463
580 459 588 489 469 463 460
580 588 489 469 463 460 459
580 489 469 463 460 459 588
580 469 463 460 459 588 489
580 463 460 459 588 489 469
581 462 461 589 490 470 464
581 461 589 490 470 464 462
581 589 490 470 464 462 461
581 490 470 464 462 461 589
581 470 464 462 461 589 490
581 464 462 461 589 490 470
