610 3130 635 5
0 388 0 126 230 382 586
0 0 126 230 382 586 388
0 126 230 382 586 388 0
0 230 382 586 388 0 126
0 382 586 388 0 126 230
0 586 388 0 126 230 382
1 -1 135 265 580 341 389
2 -1 142 339 267 587 390
3 -1 365 509 4 153 452
4 -1 563 273 5 155 458
5 510 6 159 476 335 256
5 6 159 476 335 256 510
5 159 476 335 256 510 6
5 476 335 256 510 6 159
5 335 256 510 6 159 476
5 256 510 6 159 476 335
6 185 7 161 482 376 545
6 7 161 482 376 545 185
6 161 482 376 545 185 7
6 482 376 545 185 7 161
6 376 545 185 7 161 482
6 545 185 7 161 482 376
7 186 9 167 506 574 317
7 9 167 506 574 317 186
7 167 506 574 317 186 9
7 506 574 317 186 9 167
7 574 317 186 9 167 506
7 317 186 9 167 506 574
8 -1 175 555 223 342 392
9 -1 578 329 233 393 10
10 -1 275 12 182 602 448
11 187 13 184 608 472 318
11 13 184 608 472 318 187
11 184 608 472 318 187 13
11 608 472 318 187 13 184
11 472 318 187 13 184 608
11 318 187 13 184 608 472
12 511 14 213 160 479 366
12 14 213 160 479 366 511
12 213 160 479 366 511 14
12 160 479 366 511 14 213
12 479 366 511 14 213 160
12 366 511 14 213 160 479
13 276 15 215 166 503 564
13 15 215 166 503 564 276
13 215 166 503 564 276 15
13 166 503 564 276 15 215
13 503 564 276 15 215 166
13 564 276 15 215 166 503
14 277 16 219 183 605 462
14 16 219 183 605 462 277
14 219 183 605 462 277 16
14 183 605 462 277 16 219
14 605 462 277 16 219 183
14 462 277 16 219 183 605
15 512 17 221 309 162 487
15 17 221 309 162 487 512
15 221 309 162 487 512 17
15 309 162 487 512 17 221
15 162 487 512 17 221 309
15 487 512 17 221 309 162
16 396 18 222 315 179 589
16 18 222 315 179 589 396
16 222 315 179 589 396 18
16 315 179 589 396 18 222
16 179 589 396 18 222 315
16 589 396 18 222 315 179
17 513 19 226 351 430 168
17 19 226 351 430 168 513
17 226 351 430 168 513 19
17 351 430 168 513 19 226
17 430 168 513 19 226 351
17 168 513 19 226 351 430
18 98 20 228 361 490 527
18 20 228 361 490 527 98
18 228 361 490 527 98 20
18 361 490 527 98 20 228
18 490 527 98 20 228 361
18 527 98 20 228 361 490
19 397 21 229 374 539 144
19 21 229 374 539 144 397
19 229 374 539 144 397 21
19 374 539 144 397 21 229
19 539 144 397 21 229 374
19 144 397 21 229 374 539
20 99 22 231 384 592 412
20 22 231 384 592 412 99
20 231 384 592 412 99 22
20 384 592 412 99 22 231
20 592 412 99 22 231 384
20 412 99 22 231 384 592
21 -1 367 514 23 241 428
22 -1 565 278 24 243 434
23 515 25 247 470 311 169
23 25 247 470 311 169 515
23 247 470 311 169 515 25
23 470 311 169 515 25 247
23 311 169 515 25 247 470
23 169 515 25 247 470 311
24 100 26 249 480 370 528
24 26 249 480 370 528 100
24 249 480 370 528 100 26
24 480 370 528 100 26 249
24 370 528 100 26 249 480
24 528 100 26 249 480 370
25 101 28 255 504 568 293
25 28 255 504 568 293 101
25 255 504 568 293 101 28
25 504 568 293 101 28 255
25 568 293 101 28 255 504
25 293 101 28 255 504 568
26 280 29 263 543 156 463
26 29 263 543 156 463 280
26 263 543 156 463 280 29
26 543 156 463 280 29 263
26 156 463 280 29 263 543
26 463 280 29 263 543 156
27 399 30 264 572 305 145
27 30 264 572 305 145 399
27 264 572 305 145 399 30
27 572 305 145 399 30 264
27 305 145 399 30 264 572
27 145 399 30 264 572 305
28 102 31 266 582 347 413
28 31 266 582 347 413 102
28 266 582 347 413 102 31
28 582 347 413 102 31 266
28 347 413 102 31 266 582
28 413 102 31 266 582 347
29 -1 281 32 270 596 424
30 103 33 272 606 466 294
30 33 272 606 466 294 103
30 272 606 466 294 103 33
30 606 466 294 103 33 272
30 466 294 103 33 272 606
30 294 103 33 272 606 466
31 -1 304 136 268 590 400
32 516 34 308 154 455 257
32 34 308 154 455 257 516
32 308 154 455 257 516 34
32 154 455 257 516 34 308
32 455 257 516 34 308 154
32 257 516 34 308 154 455
33 188 35 310 164 497 546
33 35 310 164 497 546 188
33 310 164 497 546 188 35
33 164 497 546 188 35 310
33 497 546 188 35 310 164
33 546 188 35 310 164 497
34 -1 314 176 558 234 401
35 189 36 316 181 599 438
35 36 316 181 599 438 189
35 316 181 599 438 189 36
35 181 599 438 189 36 316
35 599 438 189 36 316 181
35 438 189 36 316 181 599
36 517 37 326 214 163 489
36 37 326 214 163 489 517
36 326 214 163 489 517 37
36 214 163 489 517 37 326
36 163 489 517 37 326 214
36 489 517 37 326 214 163
37 402 38 328 218 180 591
37 38 328 218 180 591 402
37 328 218 180 591 402 38
37 218 180 591 402 38 328
37 180 591 402 38 328 218
37 591 402 38 328 218 180
38 -1 518 39 332 242 431
39 403 41 338 262 540 146
39 41 338 262 540 146 403
39 338 262 540 146 403 41
39 262 540 146 403 41 338
39 540 146 403 41 338 262
39 146 403 41 338 262 540
40 -1 42 340 269 593 414
41 519 43 350 422 133 258
41 43 350 422 133 258 519
41 350 422 133 258 519 43
41 422 133 258 519 43 350
41 133 258 519 43 350 422
41 258 519 43 350 422 133
42 190 44 352 432 173 547
42 44 352 432 173 547 190
42 352 432 173 547 190 44
42 432 173 547 190 44 352
42 173 547 190 44 352 432
42 547 190 44 352 432 173
43 -1 170 520 45 356 446
44 -1 529 104 46 358 456
45 191 47 362 492 532 118
45 47 362 492 532 118 191
45 362 492 532 118 191 47
45 492 532 118 191 47 362
45 532 118 191 47 362 492
45 118 191 47 362 492 532
46 -1 373 536 127 235 404
47 192 49 375 541 150 439
47 49 375 541 150 439 192
47 375 541 150 439 192 49
47 541 150 439 192 49 375
47 150 439 192 49 375 541
47 439 192 49 375 541 150
48 405 50 379 552 210 147
48 50 379 552 210 147 405
48 379 552 210 147 405 50
48 552 210 147 405 50 379
48 210 147 405 50 379 552
48 147 405 50 379 552 210
49 -1 51 381 559 238 415
50 193 52 385 594 418 119
50 52 385 594 418 119 193
50 385 594 418 119 193 52
50 594 418 119 193 52 385
50 418 119 193 52 385 594
50 119 193 52 385 594 418
51 -1 106 53 387 600 442
52 -1 336 259 522 56 427
53 -1 377 548 194 57 429
54 -1 575 319 195 59 435
55 523 60 445 209 143 369
55 60 445 209 143 369 523
55 445 209 143 369 523 60
55 209 143 369 523 60 445
55 143 369 523 60 445 209
55 369 523 60 445 209 143
56 284 61 447 217 178 567
56 61 447 217 178 567 284
56 447 217 178 567 284 61
56 217 178 567 284 61 447
56 178 567 284 61 447 217
56 567 284 61 447 217 178
57 -1 312 171 524 62 451
58 -1 371 530 107 63 453
59 -1 538 138 285 64 457
60 -1 569 295 108 65 459
61 525 66 469 303 134 260
61 66 469 303 134 260 525
61 469 303 134 260 525 66
61 303 134 260 525 66 469
61 134 260 525 66 469 303
61 260 525 66 469 303 134
62 196 67 471 313 174 549
62 67 471 313 174 549 196
62 471 313 174 549 196 67
62 313 174 549 196 67 471
62 174 549 196 67 471 313
62 549 196 67 471 313 174
63 526 68 475 327 216 172
63 68 475 327 216 172 526
63 475 327 216 172 526 68
63 327 216 172 526 68 475
63 216 172 526 68 475 327
63 172 526 68 475 327 216
64 109 69 477 337 261 531
64 69 477 337 261 531 109
64 477 337 261 531 109 69
64 337 261 531 109 69 477
64 261 531 109 69 477 337
64 531 109 69 477 337 261
65 197 70 481 372 533 120
65 70 481 372 533 120 197
65 481 372 533 120 197 70
65 372 533 120 197 70 481
65 533 120 197 70 481 372
65 120 197 70 481 372 533
66 110 71 483 378 550 205
66 71 483 378 550 205 110
66 483 378 550 205 110 71
66 378 550 205 110 71 483
66 550 205 110 71 483 378
66 205 110 71 483 378 550
67 199 76 505 570 299 121
67 76 505 570 299 121 199
67 505 570 299 121 199 76
67 570 299 121 199 76 505
67 299 121 199 76 505 570
67 121 199 76 505 570 299
68 112 77 507 576 323 206
68 77 507 576 323 206 112
68 507 576 323 206 112 77
68 576 323 206 112 77 507
68 323 206 112 77 507 576
68 206 112 77 507 576 323
69 -1 535 124 224 345 406
70 -1 288 80 542 152 449
71 200 81 544 158 473 321
71 81 544 158 473 321 200
71 544 158 473 321 200 81
71 158 473 321 200 81 544
71 473 321 200 81 544 158
71 321 200 81 544 158 473
72 289 82 553 212 157 465
72 82 553 212 157 465 289
72 553 212 157 465 289 82
72 212 157 465 289 82 553
72 157 465 289 82 553 212
72 465 289 82 553 212 157
73 409 83 554 220 306 148
73 83 554 220 306 148 409
73 554 220 306 148 409 83
73 220 306 148 409 83 554
73 306 148 409 83 554 220
73 148 409 83 554 220 306
74 113 84 556 225 348 416
74 84 556 225 348 416 113
74 556 225 348 416 113 84
74 225 348 416 113 84 556
74 348 416 113 84 556 225
74 416 113 84 556 225 348
75 -1 290 85 560 240 425
76 114 86 562 246 467 297
76 86 562 246 467 297 114
76 562 246 467 297 114 86
76 246 467 297 114 86 562
76 467 297 114 86 562 246
76 297 114 86 562 246 467
77 -1 571 301 128 237 410
78 201 87 573 307 151 441
78 87 573 307 151 441 201
78 573 307 151 441 201 87
78 307 151 441 201 87 573
78 151 441 201 87 573 307
78 441 201 87 573 307 151
79 411 88 577 325 211 149
79 88 577 325 211 149 411
79 577 325 211 149 411 88
79 325 211 149 411 88 577
79 211 149 411 88 577 325
79 149 411 88 577 325 211
80 -1 89 579 331 239 417
81 202 90 583 349 419 122
81 90 583 349 419 122 202
81 583 349 419 122 202 90
81 349 419 122 202 90 583
81 419 122 202 90 583 349
81 122 202 90 583 349 419
82 -1 115 91 585 355 443
83 -1 322 203 93 597 426
84 -1 140 292 94 601 444
85 -1 298 116 95 603 450
86 204 96 607 468 300 123
86 96 607 468 300 123 204
86 607 468 300 123 204 96
86 468 300 123 204 96 607
86 300 123 204 96 607 468
86 123 204 96 607 468 300
87 117 97 609 474 324 207
87 97 609 474 324 207 117
87 609 474 324 207 117 97
87 474 324 207 117 97 609
87 324 207 117 97 609 474
87 207 117 97 609 474 324
88 -1 100 120 127 129 130
89 -1 101 121 128 131 132
90 -1 103 123 134 136 137
91 152 153 4 107 144 150
91 153 4 107 144 150 152
91 4 107 144 150 152 153
91 107 144 150 152 153 4
91 144 150 152 153 4 107
91 150 152 153 4 107 144
92 154 155 5 108 145 151
92 155 5 108 145 151 154
92 5 108 145 151 154 155
92 108 145 151 154 155 5
92 145 151 154 155 5 108
92 151 154 155 5 108 145
93 158 159 6 109 146 156
93 159 6 109 146 156 158
93 6 109 146 156 158 159
93 109 146 156 158 159 6
93 146 156 158 159 6 109
93 156 158 159 6 109 146
94 160 161 7 110 147 157
94 161 7 110 147 157 160
94 7 110 147 157 160 161
94 110 147 157 160 161 7
94 147 157 160 161 7 110
94 157 160 161 7 110 147
95 164 165 8 111 148 162
95 165 8 111 148 162 164
95 8 111 148 162 164 165
95 111 148 162 164 165 8
95 148 162 164 165 8 111
95 162 164 165 8 111 148
96 166 167 9 112 149 163
96 167 9 112 149 163 166
96 9 112 149 163 166 167
96 112 149 163 166 167 9
96 149 163 166 167 9 112
96 163 166 167 9 112 149
97 -1 114 169 174 176 177
98 181 182 12 116 171 179
98 182 12 116 171 179 181
98 12 116 171 179 181 182
98 116 171 179 181 182 12
98 171 179 181 182 12 116
98 179 181 182 12 116 171
99 183 184 13 117 172 180
99 184 13 117 172 180 183
99 13 117 172 180 183 184
99 117 172 180 183 184 13
99 172 180 183 184 13 117
99 180 183 184 13 117 172
100 212 213 14 185 205 210
100 213 14 185 205 210 212
100 14 185 205 210 212 213
100 185 205 210 212 213 14
100 205 210 212 213 14 185
100 210 212 213 14 185 205
101 214 215 15 186 206 211
101 215 15 186 206 211 214
101 15 186 206 211 214 215
101 186 206 211 214 215 15
101 206 211 214 215 15 186
101 211 214 215 15 186 206
102 218 219 16 187 207 216
102 219 16 187 207 216 218
102 16 187 207 216 218 219
102 187 207 216 218 219 16
102 207 216 218 219 16 187
102 216 218 219 16 187 207
103 -1 223 225 226 19 190
104 -1 224 227 228 20 191
105 240 241 23 194 232 238
105 241 23 194 232 238 240
105 23 194 232 238 240 241
105 194 232 238 240 241 23
105 232 238 240 241 23 194
105 238 240 241 23 194 232
106 242 243 24 195 233 239
106 243 24 195 233 239 242
106 24 195 233 239 242 243
106 195 233 239 242 243 24
106 233 239 242 243 24 195
106 239 242 243 24 195 233
107 246 247 25 196 234 244
107 247 25 196 234 244 246
107 25 196 234 244 246 247
107 196 234 244 246 247 25
107 234 244 246 247 25 196
107 244 246 247 25 196 234
108 248 249 26 197 235 245
108 249 26 197 235 245 248
108 26 197 235 245 248 249
108 197 235 245 248 249 26
108 235 245 248 249 26 197
108 245 248 249 26 197 235
109 252 253 27 198 236 250
109 253 27 198 236 250 252
109 27 198 236 250 252 253
109 198 236 250 252 253 27
109 236 250 252 253 27 198
109 250 252 253 27 198 236
110 254 255 28 199 237 251
110 255 28 199 237 251 254
110 28 199 237 251 254 255
110 199 237 251 254 255 28
110 237 251 254 255 28 199
110 251 254 255 28 199 237
111 262 263 29 200 256 261
111 263 29 200 256 261 262
111 29 200 256 261 262 263
111 200 256 261 262 263 29
111 256 261 262 263 29 200
111 261 262 263 29 200 256
112 -1 265 266 31 202 258
113 269 270 32 203 259 267
113 270 32 203 259 267 269
113 32 203 259 267 269 270
113 203 259 267 269 270 32
113 259 267 269 270 32 203
113 267 269 270 32 203 259
114 271 272 33 204 260 268
114 272 33 204 260 268 271
114 33 204 260 268 271 272
114 204 260 268 271 272 33
114 260 268 271 272 33 204
114 268 271 272 33 204 260
115 307 308 34 273 295 305
115 308 34 273 295 305 307
115 34 273 295 305 307 308
115 273 295 305 307 308 34
115 295 305 307 308 34 273
115 305 307 308 34 273 295
116 309 310 35 274 296 306
116 310 35 274 296 306 309
116 35 274 296 306 309 310
116 274 296 306 309 310 35
116 296 306 309 310 35 274
116 306 309 310 35 274 296
117 315 316 36 275 298 312
117 316 36 275 298 312 315
117 36 275 298 312 315 316
117 275 298 312 315 316 36
117 298 312 315 316 36 275
117 312 315 316 36 275 298
118 325 326 37 276 317 323
118 326 37 276 317 323 325
118 37 276 317 323 325 326
118 276 317 323 325 326 37
118 317 323 325 326 37 276
118 323 325 326 37 276 317
119 327 328 38 277 318 324
119 328 38 277 318 324 327
119 38 277 318 324 327 328
119 277 318 324 327 328 38
119 318 324 327 328 38 277
119 324 327 328 38 277 318
120 331 332 39 278 319 329
120 332 39 278 319 329 331
120 39 278 319 329 331 332
120 278 319 329 331 332 39
120 319 329 331 332 39 278
120 329 331 332 39 278 319
121 333 334 40 279 320 330
121 334 40 279 320 330 333
121 40 279 320 330 333 334
121 279 320 330 333 334 40
121 320 330 333 334 40 279
121 330 333 334 40 279 320
122 337 338 41 280 321 335
122 338 41 280 321 335 337
122 41 280 321 335 337 338
122 280 321 335 337 338 41
122 321 335 337 338 41 280
122 335 337 338 41 280 321
123 339 340 42 281 322 336
123 340 42 281 322 336 339
123 42 281 322 336 339 340
123 281 322 336 339 340 42
123 322 336 339 340 42 281
123 336 339 340 42 281 322
124 349 350 43 282 341 347
124 350 43 282 341 347 349
124 43 282 341 347 349 350
124 282 341 347 349 350 43
124 341 347 349 350 43 282
124 347 349 350 43 282 341
125 351 352 44 283 342 348
125 352 44 283 342 348 351
125 44 283 342 348 351 352
125 283 342 348 351 352 44
125 342 348 351 352 44 283
125 348 351 352 44 283 342
126 355 356 45 284 343 353
126 356 45 284 343 353 355
126 45 284 343 353 355 356
126 284 343 353 355 356 45
126 343 353 355 356 45 284
126 353 355 356 45 284 343
127 357 358 46 285 344 354
127 358 46 285 344 354 357
127 46 285 344 354 357 358
127 285 344 354 357 358 46
127 344 354 357 358 46 285
127 354 357 358 46 285 344
128 361 362 47 286 345 359
128 362 47 286 345 359 361
128 47 286 345 359 361 362
128 286 345 359 361 362 47
128 345 359 361 362 47 286
128 359 361 362 47 286 345
129 363 364 48 287 346 360
129 364 48 287 346 360 363
129 48 287 346 360 363 364
129 287 346 360 363 364 48
129 346 360 363 364 48 287
129 360 363 364 48 287 346
130 374 375 49 288 365 371
130 375 49 288 365 371 374
130 49 288 365 371 374 375
130 288 365 371 374 375 49
130 365 371 374 375 49 288
130 371 374 375 49 288 365
131 378 379 50 289 366 376
131 379 50 289 366 376 378
131 50 289 366 376 378 379
131 289 366 376 378 379 50
131 366 376 378 379 50 289
131 376 378 379 50 289 366
132 380 381 51 290 367 377
132 381 51 290 367 377 380
132 51 290 367 377 380 381
132 290 367 377 380 381 51
132 367 377 380 381 51 290
132 377 380 381 51 290 367
133 384 385 52 291 368 382
133 385 52 291 368 382 384
133 52 291 368 382 384 385
133 291 368 382 384 385 52
133 368 382 384 385 52 291
133 382 384 385 52 291 368
134 386 387 53 292 369 383
134 387 53 292 369 383 386
134 53 292 369 383 386 387
134 292 369 383 386 387 53
134 369 383 386 387 53 292
134 383 386 387 53 292 369
135 420 421 54 388 412 418
135 421 54 388 412 418 420
135 54 388 412 418 420 421
135 388 412 418 420 421 54
135 412 418 420 421 54 388
135 418 420 421 54 388 412
136 422 423 55 389 413 419
136 423 55 389 413 419 422
136 55 389 413 419 422 423
136 389 413 419 422 423 55
136 413 419 422 423 55 389
136 419 422 423 55 389 413
137 426 427 56 390 414 424
137 427 56 390 414 424 426
137 56 390 414 424 426 427
137 390 414 424 426 427 56
137 414 424 426 427 56 390
137 424 426 427 56 390 414
138 428 429 57 391 415 425
138 429 57 391 415 425 428
138 57 391 415 425 428 429
138 391 415 425 428 429 57
138 415 425 428 429 57 391
138 425 428 429 57 391 415
139 432 433 58 392 416 430
139 433 58 392 416 430 432
139 58 392 416 430 432 433
139 392 416 430 432 433 58
139 416 430 432 433 58 392
139 430 432 433 58 392 416
140 434 435 59 393 417 431
140 435 59 393 417 431 434
140 59 393 417 431 434 435
140 393 417 431 434 435 59
140 417 431 434 435 59 393
140 431 434 435 59 393 417
141 444 445 60 394 436 442
141 445 60 394 436 442 444
141 60 394 436 442 444 445
141 394 436 442 444 445 60
141 436 442 444 445 60 394
141 442 444 445 60 394 436
142 446 447 61 395 437 443
142 447 61 395 437 443 446
142 61 395 437 443 446 447
142 395 437 443 446 447 61
142 437 443 446 447 61 395
142 443 446 447 61 395 437
143 450 451 62 396 438 448
143 451 62 396 438 448 450
143 62 396 438 448 450 451
143 396 438 448 450 451 62
143 438 448 450 451 62 396
143 448 450 451 62 396 438
144 452 453 63 397 439 449
144 453 63 397 439 449 452
144 63 397 439 449 452 453
144 397 439 449 452 453 63
144 439 449 452 453 63 397
144 449 452 453 63 397 439
145 456 457 64 398 440 454
145 457 64 398 440 454 456
145 64 398 440 454 456 457
145 398 440 454 456 457 64
145 440 454 456 457 64 398
145 454 456 457 64 398 440
146 458 459 65 399 441 455
146 459 65 399 441 455 458
146 65 399 441 455 458 459
146 399 441 455 458 459 65
146 441 455 458 459 65 399
146 455 458 459 65 399 441
147 468 469 66 400 460 466
147 469 66 400 460 466 468
147 66 400 460 466 468 469
147 400 460 466 468 469 66
147 460 466 468 469 66 400
147 466 468 469 66 400 460
148 470 471 67 401 461 467
148 471 67 401 461 467 470
148 67 401 461 467 470 471
148 401 461 467 470 471 67
148 461 467 470 471 67 401
148 467 470 471 67 401 461
149 474 475 68 402 462 472
149 475 68 402 462 472 474
149 68 402 462 472 474 475
149 402 462 472 474 475 68
149 462 472 474 475 68 402
149 472 474 475 68 402 462
150 476 477 69 403 463 473
150 477 69 403 463 473 476
150 69 403 463 473 476 477
150 403 463 473 476 477 69
150 463 473 476 477 69 403
150 473 476 477 69 403 463
151 480 481 70 404 464 478
151 481 70 404 464 478 480
151 70 404 464 478 480 481
151 404 464 478 480 481 70
151 464 478 480 481 70 404
151 478 480 481 70 404 464
152 482 483 71 405 465 479
152 483 71 405 465 479 482
152 71 405 465 479 482 483
152 405 465 479 482 483 71
152 465 479 482 483 71 405
152 479 482 483 71 405 465
153 492 493 72 406 484 490
153 493 72 406 484 490 492
153 72 406 484 490 492 493
153 406 484 490 492 493 72
153 484 490 492 493 72 406
153 490 492 493 72 406 484
154 494 495 73 407 485 491
154 495 73 407 485 491 494
154 73 407 485 491 494 495
154 407 485 491 494 495 73
154 485 491 494 495 73 407
154 491 494 495 73 407 485
155 498 499 74 408 486 496
155 499 74 408 486 496 498
155 74 408 486 496 498 499
155 408 486 496 498 499 74
155 486 496 498 499 74 408
155 496 498 499 74 408 486
156 500 501 75 409 487 497
156 501 75 409 487 497 500
156 75 409 487 497 500 501
156 409 487 497 500 501 75
156 487 497 500 501 75 409
156 497 500 501 75 409 487
157 504 505 76 410 488 502
157 505 76 410 488 502 504
157 76 410 488 502 504 505
157 410 488 502 504 505 76
157 488 502 504 505 76 410
157 502 504 505 76 410 488
158 506 507 77 411 489 503
158 507 77 411 489 503 506
158 77 411 489 503 506 507
158 411 489 503 506 507 77
158 489 503 506 507 77 411
158 503 506 507 77 411 489
159 541 542 80 509 530 539
159 542 80 509 530 539 541
159 80 509 530 539 541 542
159 509 530 539 541 542 80
159 530 539 541 542 80 509
159 539 541 542 80 509 530
160 543 544 81 510 531 540
160 544 81 510 531 540 543
160 81 510 531 540 543 544
160 510 531 540 543 544 81
160 531 540 543 544 81 510
160 540 543 544 81 510 531
161 552 553 82 511 545 550
161 553 82 511 545 550 552
161 82 511 545 550 552 553
161 511 545 550 552 553 82
161 545 550 552 553 82 511
161 550 552 553 82 511 545
162 -1 555 556 84 513 547
163 559 560 85 514 548 557
163 560 85 514 548 557 559
163 85 514 548 557 559 560
163 514 548 557 559 560 85
163 548 557 559 560 85 514
163 557 559 560 85 514 548
164 561 562 86 515 549 558
164 562 86 515 549 558 561
164 86 515 549 558 561 562
164 515 549 558 561 562 86
164 549 558 561 562 86 515
164 558 561 562 86 515 549
165 572 573 87 516 563 569
165 573 87 516 563 569 572
165 87 516 563 569 572 573
165 516 563 569 572 573 87
165 563 569 572 573 87 516
165 569 572 573 87 516 563
166 576 577 88 517 564 574
166 577 88 517 564 574 576
166 88 517 564 574 576 577
166 517 564 574 576 577 88
166 564 574 576 577 88 517
166 574 576 577 88 517 564
167 578 579 89 518 565 575
167 579 89 518 565 575 578
167 89 518 565 575 578 579
167 518 565 575 578 579 89
167 565 575 578 579 89 518
167 575 578 579 89 518 565
168 582 583 90 519 566 580
168 583 90 519 566 580 582
168 90 519 566 580 582 583
168 519 566 580 582 583 90
168 566 580 582 583 90 519
168 580 582 583 90 519 566
169 584 585 91 520 567 581
169 585 91 520 567 581 584
169 91 520 567 581 584 585
169 520 567 581 584 585 91
169 567 581 584 585 91 520
169 581 584 585 91 520 567
170 594 595 92 521 586 592
170 595 92 521 586 592 594
170 92 521 586 592 594 595
170 521 586 592 594 595 92
170 586 592 594 595 92 521
170 592 594 595 92 521 586
171 596 597 93 522 587 593
171 597 93 522 587 593 596
171 93 522 587 593 596 597
171 522 587 593 596 597 93
171 587 593 596 597 93 522
171 593 596 597 93 522 587
172 600 601 94 523 588 598
172 601 94 523 588 598 600
172 94 523 588 598 600 601
172 523 588 598 600 601 94
172 588 598 600 601 94 523
172 598 600 601 94 523 588
173 602 603 95 524 589 599
173 603 95 524 589 599 602
173 95 524 589 599 602 603
173 524 589 599 602 603 95
173 589 599 602 603 95 524
173 599 602 603 95 524 589
174 606 607 96 525 590 604
174 607 96 525 590 604 606
174 96 525 590 604 606 607
174 525 590 604 606 607 96
174 590 604 606 607 96 525
174 604 606 607 96 525 590
175 608 609 97 526 591 605
175 609 97 526 591 605 608
175 97 526 591 605 608 609
175 526 591 605 608 609 97
175 591 605 608 609 97 526
175 605 608 609 97 526 591
176 -1 18 21 22 99 0
177 -1 14 23 25 26 100
178 -1 15 24 27 28 101
179 -1 16 29 32 33 103
180 45 46 104 1 34 43
180 46 104 1 34 43 45
180 104 1 34 43 45 46
180 1 34 43 45 46 104
180 34 43 45 46 104 1
180 43 45 46 104 1 34
181 47 48 105 2 35 44
181 48 105 2 35 44 47
181 105 2 35 44 47 48
181 2 35 44 47 48 105
181 35 44 47 48 105 2
181 44 47 48 105 2 35
182 52 53 106 3 36 49
182 53 106 3 36 49 52
182 106 3 36 49 52 53
182 3 36 49 52 53 106
182 36 49 52 53 106 3
182 49 52 53 106 3 36
183 62 63 107 4 54 60
183 63 107 4 54 60 62
183 107 4 54 60 62 63
183 4 54 60 62 63 107
183 54 60 62 63 107 4
183 60 62 63 107 4 54
184 64 65 108 5 55 61
184 65 108 5 55 61 64
184 108 5 55 61 64 65
184 5 55 61 64 65 108
184 55 61 64 65 108 5
184 61 64 65 108 5 55
185 68 69 109 6 56 66
185 69 109 6 56 66 68
185 109 6 56 66 68 69
185 6 56 66 68 69 109
185 56 66 68 69 109 6
185 66 68 69 109 6 56
186 70 71 110 7 57 67
186 71 110 7 57 67 70
186 110 7 57 67 70 71
186 7 57 67 70 71 110
186 57 67 70 71 110 7
186 67 70 71 110 7 57
187 74 75 111 8 58 72
187 75 111 8 58 72 74
187 111 8 58 72 74 75
187 8 58 72 74 75 111
187 58 72 74 75 111 8
187 72 74 75 111 8 58
188 76 77 112 9 59 73
188 77 112 9 59 73 76
188 112 9 59 73 76 77
188 9 59 73 76 77 112
188 59 73 76 77 112 9
188 73 76 77 112 9 59
189 90 91 115 11 79 87
189 91 115 11 79 87 90
189 115 11 79 87 90 91
189 11 79 87 90 91 115
189 79 87 90 91 115 11
189 87 90 91 115 11 79
190 94 95 116 12 80 92
190 95 116 12 80 92 94
190 116 12 80 92 94 95
190 12 80 92 94 95 116
190 80 92 94 95 116 12
190 92 94 95 116 12 80
191 96 97 117 13 81 93
191 97 117 13 81 93 96
191 117 13 81 93 96 97
191 13 81 93 96 97 117
191 81 93 96 97 117 13
191 93 96 97 117 13 81
192 196 197 120 205 185 194
192 197 120 205 185 194 196
192 120 205 185 194 196 197
192 205 185 194 196 197 120
192 185 194 196 197 120 205
192 194 196 197 120 205 185
193 198 199 121 206 186 195
193 199 121 206 186 195 198
193 121 206 186 195 198 199
193 206 186 195 198 199 121
193 186 195 198 199 121 206
193 195 198 199 121 206 186
194 203 204 123 207 187 200
194 204 123 207 187 200 203
194 123 207 187 200 203 204
194 207 187 200 203 204 123
194 187 200 203 204 123 207
194 200 203 204 123 207 187
195 223 224 124 208 220 225
195 224 124 208 220 225 223
195 124 208 220 225 223 224
195 208 220 225 223 224 124
195 220 225 223 224 124 208
195 225 223 224 124 208 220
196 -1 221 226 228 227 125
197 -1 222 229 231 230 126
198 234 235 127 210 238 232
198 235 127 210 238 232 234
198 127 210 238 232 234 235
198 210 238 232 234 235 127
198 238 232 234 235 127 210
198 232 234 235 127 210 238
199 236 237 128 211 239 233
199 237 128 211 239 233 236
199 128 211 239 233 236 237
199 211 239 233 236 237 128
199 239 233 236 237 128 211
199 233 236 237 128 211 239
200 244 245 129 212 240 246
200 245 129 212 240 246 244
200 129 212 240 246 244 245
200 212 240 246 244 245 129
200 240 246 244 245 129 212
200 246 244 245 129 212 240
201 249 248 130 213 241 247
201 248 130 213 241 247 249
201 130 213 241 247 249 248
201 213 241 247 249 248 130
201 241 247 249 248 130 213
201 247 249 248 130 213 241
202 250 251 131 214 242 252
202 251 131 214 242 252 250
202 131 214 242 252 250 251
202 214 242 252 250 251 131
202 242 252 250 251 131 214
202 252 250 251 131 214 242
203 255 254 132 215 243 253
203 254 132 215 243 253 255
203 132 215 243 253 255 254
203 215 243 253 255 254 132
203 243 253 255 254 132 215
203 253 255 254 132 215 243
204 259 260 134 216 261 256
204 260 134 216 261 256 259
204 134 216 261 256 259 260
204 216 261 256 259 260 134
204 261 256 259 260 134 216
204 256 259 260 134 216 261
205 267 268 136 218 262 269
205 268 136 218 262 269 267
205 136 218 262 269 267 268
205 218 262 269 267 268 136
205 262 269 267 268 136 218
205 269 267 268 136 218 262
206 272 271 137 219 263 270
206 271 137 219 263 270 272
206 137 219 263 270 272 271
206 219 263 270 272 271 137
206 263 270 272 271 137 219
206 270 272 271 137 219 263
207 284 285 138 295 273 282
207 285 138 295 273 282 284
207 138 295 273 282 284 285
207 295 273 282 284 285 138
207 273 282 284 285 138 295
207 282 284 285 138 295 273
208 286 287 139 296 274 283
208 287 139 296 274 283 286
208 139 296 274 283 286 287
208 296 274 283 286 287 139
208 274 283 286 287 139 296
208 283 286 287 139 296 274
209 291 292 140 298 275 288
209 292 140 298 275 288 291
209 140 298 275 288 291 292
209 298 275 288 291 292 140
209 275 288 291 292 140 298
209 288 291 292 140 298 275
210 -1 299 323 317 319 320
211 -1 300 324 318 321 322
212 -1 301 325 331 329 330
213 334 333 141 302 326 332
213 333 141 302 326 332 334
213 141 302 326 332 334 333
213 302 326 332 334 333 141
213 326 332 334 333 141 302
213 332 334 333 141 302 326
214 -1 303 327 337 335 336
215 340 339 142 304 328 338
215 339 142 304 328 338 340
215 142 304 328 338 340 339
215 304 328 338 340 339 142
215 328 338 340 339 142 304
215 338 340 339 142 304 328
216 -1 305 347 341 343 344
217 -1 306 348 342 345 346
218 -1 307 349 355 353 354
219 -1 308 350 356 358 357
220 -1 309 351 361 359 360
221 -1 310 352 362 364 363
222 368 369 143 312 371 365
222 369 143 312 371 365 368
222 143 312 371 365 368 369
222 312 371 365 368 369 143
222 371 365 368 369 143 312
222 365 368 369 143 312 371
223 -1 313 372 378 376 377
224 -1 314 373 379 381 380
225 -1 315 374 384 382 383
226 -1 316 375 385 387 386
227 396 397 144 412 388 394
227 397 144 412 388 394 396
227 144 412 388 394 396 397
227 412 388 394 396 397 144
227 388 394 396 397 144 412
227 394 396 397 144 412 388
228 398 399 145 413 389 395
228 399 145 413 389 395 398
228 145 413 389 395 398 399
228 413 389 395 398 399 145
228 389 395 398 399 145 413
228 395 398 399 145 413 389
229 402 403 146 414 390 400
229 403 146 414 390 400 402
229 146 414 390 400 402 403
229 414 390 400 402 403 146
229 390 400 402 403 146 414
229 400 402 403 146 414 390
230 404 405 147 415 391 401
230 405 147 415 391 401 404
230 147 415 391 401 404 405
230 415 391 401 404 405 147
230 391 401 404 405 147 415
230 401 404 405 147 415 391
231 408 409 148 416 392 406
231 409 148 416 392 406 408
231 148 416 392 406 408 409
231 416 392 406 408 409 148
231 392 406 408 409 148 416
231 406 408 409 148 416 392
232 410 411 149 417 393 407
232 411 149 417 393 407 410
232 149 417 393 407 410 411
232 417 393 407 410 411 149
232 393 407 410 411 149 417
232 407 410 411 149 417 393
233 438 439 150 418 442 436
233 439 150 418 442 436 438
233 150 418 442 436 438 439
233 418 442 436 438 439 150
233 442 436 438 439 150 418
233 436 438 439 150 418 442
234 440 441 151 419 443 437
234 441 151 419 443 437 440
234 151 419 443 437 440 441
234 419 443 437 440 441 151
234 443 437 440 441 151 419
234 437 440 441 151 419 443
235 448 449 152 420 444 450
235 449 152 420 444 450 448
235 152 420 444 450 448 449
235 420 444 450 448 449 152
235 444 450 448 449 152 420
235 450 448 449 152 420 444
236 453 452 153 421 445 451
236 452 153 421 445 451 453
236 153 421 445 451 453 452
236 421 445 451 453 452 153
236 445 451 453 452 153 421
236 451 453 452 153 421 445
237 454 455 154 422 446 456
237 455 154 422 446 456 454
237 154 422 446 456 454 455
237 422 446 456 454 455 154
237 446 456 454 455 154 422
237 456 454 455 154 422 446
238 459 458 155 423 447 457
238 458 155 423 447 457 459
238 155 423 447 457 459 458
238 423 447 457 459 458 155
238 447 457 459 458 155 423
238 457 459 458 155 423 447
239 462 463 156 424 466 460
239 463 156 424 466 460 462
239 156 424 466 460 462 463
239 424 466 460 462 463 156
239 466 460 462 463 156 424
239 460 462 463 156 424 466
240 464 465 157 425 467 461
240 465 157 425 467 461 464
240 157 425 467 461 464 465
240 425 467 461 464 465 157
240 467 461 464 465 157 425
240 461 464 465 157 425 467
241 472 473 158 426 468 474
241 473 158 426 468 474 472
241 158 426 468 474 472 473
241 426 468 474 472 473 158
241 468 474 472 473 158 426
241 474 472 473 158 426 468
242 477 476 159 427 469 475
242 476 159 427 469 475 477
242 159 427 469 475 477 476
242 427 469 475 477 476 159
242 469 475 477 476 159 427
242 475 477 476 159 427 469
243 478 479 160 428 470 480
243 479 160 428 470 480 478
243 160 428 470 480 478 479
243 428 470 480 478 479 160
243 470 480 478 479 160 428
243 480 478 479 160 428 470
244 483 482 161 429 471 481
244 482 161 429 471 481 483
244 161 429 471 481 483 482
244 429 471 481 483 482 161
244 471 481 483 482 161 429
244 481 483 482 161 429 471
245 486 487 162 430 490 484
245 487 162 430 490 484 486
245 162 430 490 484 486 487
245 430 490 484 486 487 162
245 490 484 486 487 162 430
245 484 486 487 162 430 490
246 488 489 163 431 491 485
246 489 163 431 491 485 488
246 163 431 491 485 488 489
246 431 491 485 488 489 163
246 491 485 488 489 163 431
246 485 488 489 163 431 491
247 496 497 164 432 492 498
247 497 164 432 492 498 496
247 164 432 492 498 496 497
247 432 492 498 496 497 164
247 492 498 496 497 164 432
247 498 496 497 164 432 492
248 501 500 165 433 493 499
248 500 165 433 493 499 501
248 165 433 493 499 501 500
248 433 493 499 501 500 165
248 493 499 501 500 165 433
248 499 501 500 165 433 493
249 502 503 166 434 494 504
249 503 166 434 494 504 502
249 166 434 494 504 502 503
249 434 494 504 502 503 166
249 494 504 502 503 166 434
249 504 502 503 166 434 494
250 507 506 167 435 495 505
250 506 167 435 495 505 507
250 167 435 495 505 507 506
250 435 495 505 507 506 167
250 495 505 507 506 167 435
250 505 507 506 167 435 495
251 -1 511 514 515 169 528
252 519 520 170 529 508 516
252 520 170 529 508 516 519
252 170 529 508 516 519 520
252 529 508 516 519 520 170
252 508 516 519 520 170 529
252 516 519 520 170 529 508
253 523 524 171 530 509 521
253 524 171 530 509 521 523
253 171 530 509 521 523 524
253 530 509 521 523 524 171
253 509 521 523 524 171 530
253 521 523 524 171 530 509
254 525 526 172 531 510 522
254 526 172 531 510 522 525
254 172 531 510 522 525 526
254 531 510 522 525 526 172
254 510 522 525 526 172 531
254 522 525 526 172 531 510
255 548 549 174 533 550 545
255 549 174 533 550 545 548
255 174 533 550 545 548 549
255 533 550 545 548 549 174
255 550 545 548 549 174 533
255 545 548 549 174 533 550
256 556 555 175 535 551 554
256 555 175 535 551 554 556
256 175 535 551 554 556 555
256 535 551 554 556 555 175
256 551 554 556 555 175 535
256 554 556 555 175 535 551
257 557 558 176 536 552 559
257 558 176 536 552 559 557
257 176 536 552 559 557 558
257 536 552 559 557 558 176
257 552 559 557 558 176 536
257 559 557 558 176 536 552
258 562 561 177 537 553 560
258 561 177 537 553 560 562
258 177 537 553 560 562 561
258 537 553 560 562 561 177
258 553 560 562 561 177 537
258 560 562 561 177 537 553
259 566 567 178 538 569 563
259 567 178 538 569 563 566
259 178 538 569 563 566 567
259 538 569 563 566 567 178
259 569 563 566 567 178 538
259 563 566 567 178 538 569
260 588 589 179 539 592 586
260 589 179 539 592 586 588
260 179 539 592 586 588 589
260 539 592 586 588 589 179
260 592 586 588 589 179 539
260 586 588 589 179 539 592
261 590 591 180 540 593 587
261 591 180 540 593 587 590
261 180 540 593 587 590 591
261 540 593 587 590 591 180
261 593 587 590 591 180 540
261 587 590 591 180 540 593
262 598 599 181 541 594 600
262 599 181 541 594 600 598
262 181 541 594 600 598 599
262 541 594 600 598 599 181
262 594 600 598 599 181 541
262 600 598 599 181 541 594
263 603 602 182 542 595 601
263 602 182 542 595 601 603
263 182 542 595 601 603 602
263 542 595 601 603 602 182
263 595 601 603 602 182 542
263 601 603 602 182 542 595
264 604 605 183 543 596 606
264 605 183 543 596 606 604
264 183 543 596 606 604 605
264 543 596 606 604 605 183
264 596 606 604 605 183 543
264 606 604 605 183 543 596
265 609 608 184 544 597 607
265 608 184 544 597 607 609
265 184 544 597 607 609 608
265 544 597 607 609 608 184
265 597 607 609 608 184 544
265 607 609 608 184 544 597
266 -1 4 6 7 185 14
267 -1 5 8 9 186 15
268 -1 34 35 188 17 37
269 43 44 190 19 39 45
269 44 190 19 39 45 43
269 190 19 39 45 43 44
269 19 39 45 43 44 190
269 39 45 43 44 190 19
269 45 43 44 190 19 39
270 48 47 191 20 40 46
270 47 191 20 40 46 48
270 191 20 40 46 48 47
270 20 40 46 48 47 191
270 40 46 48 47 191 20
270 46 48 47 191 20 40
271 -1 49 192 21 41 50
272 53 52 193 22 42 51
272 52 193 22 42 51 53
272 193 22 42 51 53 52
272 22 42 51 53 52 193
272 42 51 53 52 193 22
272 51 53 52 193 22 42
273 56 57 194 23 60 54
273 57 194 23 60 54 56
273 194 23 60 54 56 57
273 23 60 54 56 57 194
273 60 54 56 57 194 23
273 54 56 57 194 23 60
274 58 59 195 24 61 55
274 59 195 24 61 55 58
274 195 24 61 55 58 59
274 24 61 55 58 59 195
274 61 55 58 59 195 24
274 55 58 59 195 24 61
275 66 67 196 25 62 68
275 67 196 25 62 68 66
275 196 25 62 68 66 67
275 25 62 68 66 67 196
275 62 68 66 67 196 25
275 68 66 67 196 25 62
276 71 70 197 26 63 69
276 70 197 26 63 69 71
276 197 26 63 69 71 70
276 26 63 69 71 70 197
276 63 69 71 70 197 26
276 69 71 70 197 26 63
277 72 73 198 27 64 74
277 73 198 27 64 74 72
277 198 27 64 74 72 73
277 27 64 74 72 73 198
277 64 74 72 73 198 27
277 74 72 73 198 27 64
278 77 76 199 28 65 75
278 76 199 28 65 75 77
278 199 28 65 75 77 76
278 28 65 75 77 76 199
278 65 75 77 76 199 28
278 75 77 76 199 28 65
279 -1 80 81 200 29 82
280 -1 87 201 30 83 88
281 91 90 202 31 84 89
281 90 202 31 84 89 91
281 202 31 84 89 91 90
281 31 84 89 91 90 202
281 84 89 91 90 202 31
281 89 91 90 202 31 84
282 92 93 203 32 85 94
282 93 203 32 85 94 92
282 203 32 85 94 92 93
282 32 85 94 92 93 203
282 85 94 92 93 203 32
282 94 92 93 203 32 85
283 97 96 204 33 86 95
283 96 204 33 86 95 97
283 204 33 86 95 97 96
283 33 86 95 97 96 204
283 86 95 97 96 204 33
283 95 97 96 204 33 86
284 109 110 205 120 100 107
284 110 205 120 100 107 109
284 205 120 100 107 109 110
284 120 100 107 109 110 205
284 100 107 109 110 205 120
284 107 109 110 205 120 100
285 111 112 206 121 101 108
285 112 206 121 101 108 111
285 206 121 101 108 111 112
285 121 101 108 111 112 206
285 101 108 111 112 206 121
285 108 111 112 206 121 101
286 116 117 207 123 103 114
286 117 207 123 103 114 116
286 207 123 103 114 116 117
286 123 103 114 116 117 207
286 103 114 116 117 207 123
286 114 116 117 207 123 103
287 146 147 210 127 150 144
287 147 210 127 150 144 146
287 210 127 150 144 146 147
287 127 150 144 146 147 210
287 150 144 146 147 210 127
287 144 146 147 210 127 150
288 148 149 211 128 151 145
288 149 211 128 151 145 148
288 211 128 151 145 148 149
288 128 151 145 148 149 211
288 151 145 148 149 211 128
288 145 148 149 211 128 151
289 156 157 212 129 152 158
289 157 212 129 152 158 156
289 212 129 152 158 156 157
289 129 152 158 156 157 212
289 152 158 156 157 212 129
289 158 156 157 212 129 152
290 161 160 213 130 153 159
290 160 213 130 153 159 161
290 213 130 153 159 161 160
290 130 153 159 161 160 213
290 153 159 161 160 213 130
290 159 161 160 213 130 153
291 162 163 214 131 154 164
291 163 214 131 154 164 162
291 214 131 154 164 162 163
291 131 154 164 162 163 214
291 154 164 162 163 214 131
291 164 162 163 214 131 154
292 167 166 215 132 155 165
292 166 215 132 155 165 167
292 215 132 155 165 167 166
292 132 155 165 167 166 215
292 155 165 167 166 215 132
292 165 167 166 215 132 155
293 171 172 216 134 174 169
293 172 216 134 174 169 171
293 216 134 174 169 171 172
293 134 174 169 171 172 216
293 174 169 171 172 216 134
293 169 171 172 216 134 174
294 179 180 218 136 176 181
294 180 218 136 176 181 179
294 218 136 176 181 179 180
294 136 176 181 179 180 218
294 176 181 179 180 218 136
294 181 179 180 218 136 176
295 184 183 219 137 177 182
295 183 219 137 177 182 184
295 219 137 177 182 184 183
295 137 177 182 184 183 219
295 177 182 184 183 219 137
295 182 184 183 219 137 177
296 -1 319 278 284 282 283
297 -1 320 279 285 287 286
298 -1 322 281 290 292 291
299 -1 323 299 293 295 296
300 -1 324 300 294 297 298
301 305 306 220 325 301 307
301 306 220 325 301 307 305
301 220 325 301 307 305 306
301 325 301 307 305 306 220
301 301 307 305 306 220 325
301 307 305 306 220 325 301
302 310 309 221 326 302 308
302 309 221 326 302 308 310
302 221 326 302 308 310 309
302 326 302 308 310 309 221
302 302 308 310 309 221 326
302 308 310 309 221 326 302
303 -1 327 303 313 311 312
304 316 315 222 328 304 314
304 315 222 328 304 314 316
304 222 328 304 314 316 315
304 328 304 314 316 315 222
304 304 314 316 315 222 328
304 314 316 315 222 328 304
305 341 342 223 329 353 343
305 342 223 329 353 343 341
305 223 329 353 343 341 342
305 329 353 343 341 342 223
305 353 343 341 342 223 329
305 343 341 342 223 329 353
306 346 345 224 330 354 344
306 345 224 330 354 344 346
306 224 330 354 344 346 345
306 330 354 344 346 345 224
306 354 344 346 345 224 330
306 344 346 345 224 330 354
307 347 348 225 331 355 349
307 348 225 331 355 349 347
307 225 331 355 349 347 348
307 331 355 349 347 348 225
307 355 349 347 348 225 331
307 349 347 348 225 331 355
308 352 351 226 332 356 350
308 351 226 332 356 350 352
308 226 332 356 350 352 351
308 332 356 350 352 351 226
308 356 350 352 351 226 332
308 350 352 351 226 332 356
309 360 359 227 333 357 363
309 359 227 333 357 363 360
309 227 333 357 363 360 359
309 333 357 363 360 359 227
309 357 363 360 359 227 333
309 363 360 359 227 333 357
310 362 361 228 334 358 364
310 361 228 334 358 364 362
310 228 334 358 364 362 361
310 334 358 364 362 361 228
310 358 364 362 361 228 334
310 364 362 361 228 334 358
311 -1 336 377 367 369 368
312 -1 337 378 372 370 371
313 375 374 229 338 379 373
313 374 229 338 379 373 375
313 229 338 379 373 375 374
313 338 379 373 375 374 229
313 379 373 375 374 229 338
313 373 375 374 229 338 379
314 383 382 230 339 380 386
314 382 230 339 380 386 383
314 230 339 380 386 383 382
314 339 380 386 383 382 230
314 380 386 383 382 230 339
314 386 383 382 230 339 380
315 385 384 231 340 381 387
315 384 231 340 381 387 385
315 231 340 381 387 385 384
315 340 381 387 385 384 231
315 381 387 385 384 231 340
315 387 385 384 231 340 381
316 390 391 232 436 394 388
316 391 232 436 394 388 390
316 232 436 394 388 390 391
316 436 394 388 390 391 232
316 394 388 390 391 232 436
316 388 390 391 232 436 394
317 392 393 233 437 395 389
317 393 233 437 395 389 392
317 233 437 395 389 392 393
317 437 395 389 392 393 233
317 395 389 392 393 233 437
317 389 392 393 233 437 395
318 400 401 234 438 396 402
318 401 234 438 396 402 400
318 234 438 396 402 400 401
318 438 396 402 400 401 234
318 396 402 400 401 234 438
318 402 400 401 234 438 396
319 405 404 235 439 397 403
319 404 235 439 397 403 405
319 235 439 397 403 405 404
319 439 397 403 405 404 235
319 397 403 405 404 235 439
319 403 405 404 235 439 397
320 406 407 236 440 398 408
320 407 236 440 398 408 406
320 236 440 398 408 406 407
320 440 398 408 406 407 236
320 398 408 406 407 236 440
320 408 406 407 236 440 398
321 411 410 237 441 399 409
321 410 237 441 399 409 411
321 237 441 399 409 411 410
321 441 399 409 411 410 237
321 399 409 411 410 237 441
321 409 411 410 237 441 399
322 414 415 238 442 418 412
322 415 238 442 418 412 414
322 238 442 418 412 414 415
322 442 418 412 414 415 238
322 418 412 414 415 238 442
322 412 414 415 238 442 418
323 416 417 239 443 419 413
323 417 239 443 419 413 416
323 239 443 419 413 416 417
323 443 419 413 416 417 239
323 419 413 416 417 239 443
323 413 416 417 239 443 419
324 424 425 240 444 420 426
324 425 240 444 420 426 424
324 240 444 420 426 424 425
324 444 420 426 424 425 240
324 420 426 424 425 240 444
324 426 424 425 240 444 420
325 429 428 241 445 421 427
325 428 241 445 421 427 429
325 241 445 421 427 429 428
325 445 421 427 429 428 241
325 421 427 429 428 241 445
325 427 429 428 241 445 421
326 430 431 242 446 422 432
326 431 242 446 422 432 430
326 242 446 422 432 430 431
326 446 422 432 430 431 242
326 422 432 430 431 242 446
326 432 430 431 242 446 422
327 435 434 243 447 423 433
327 434 243 447 423 433 435
327 243 447 423 433 435 434
327 447 423 433 435 434 243
327 423 433 435 434 243 447
327 433 435 434 243 447 423
328 460 461 244 448 472 462
328 461 244 448 472 462 460
328 244 448 472 462 460 461
328 448 472 462 460 461 244
328 472 462 460 461 244 448
328 462 460 461 244 448 472
329 465 464 245 449 473 463
329 464 245 449 473 463 465
329 245 449 473 463 465 464
329 449 473 463 465 464 245
329 473 463 465 464 245 449
329 463 465 464 245 449 473
330 466 467 246 450 474 468
330 467 246 450 474 468 466
330 246 450 474 468 466 467
330 450 474 468 466 467 246
330 474 468 466 467 246 450
330 468 466 467 246 450 474
331 471 470 247 451 475 469
331 470 247 451 475 469 471
331 247 451 475 469 471 470
331 451 475 469 471 470 247
331 475 469 471 470 247 451
331 469 471 470 247 451 475
332 479 478 248 452 476 482
332 478 248 452 476 482 479
332 248 452 476 482 479 478
332 452 476 482 479 478 248
332 476 482 479 478 248 452
332 482 479 478 248 452 476
333 481 480 249 453 477 483
333 480 249 453 477 483 481
333 249 453 477 483 481 480
333 453 477 483 481 480 249
333 477 483 481 480 249 453
333 483 481 480 249 453 477
334 484 485 250 454 496 486
334 485 250 454 496 486 484
334 250 454 496 486 484 485
334 454 496 486 484 485 250
334 496 486 484 485 250 454
334 486 484 485 250 454 496
335 489 488 251 455 497 487
335 488 251 455 497 487 489
335 251 455 497 487 489 488
335 455 497 487 489 488 251
335 497 487 489 488 251 455
335 487 489 488 251 455 497
336 490 491 252 456 498 492
336 491 252 456 498 492 490
336 252 456 498 492 490 491
336 456 498 492 490 491 252
336 498 492 490 491 252 456
336 492 490 491 252 456 498
337 495 494 253 457 499 493
337 494 253 457 499 493 495
337 253 457 499 493 495 494
337 457 499 493 495 494 253
337 499 493 495 494 253 457
337 493 495 494 253 457 499
338 503 502 254 458 500 506
338 502 254 458 500 506 503
338 254 458 500 506 503 502
338 458 500 506 503 502 254
338 500 506 503 502 254 458
338 506 503 502 254 458 500
339 505 504 255 459 501 507
339 504 255 459 501 507 505
339 255 459 501 507 505 504
339 459 501 507 505 504 255
339 501 507 505 504 255 459
339 507 505 504 255 459 501
340 -1 509 510 256 545 511
341 -1 516 257 546 512 517
342 520 519 258 547 513 518
342 519 258 547 513 518 520
342 258 547 513 518 520 519
342 547 513 518 520 519 258
342 513 518 520 519 258 547
342 518 520 519 258 547 513
343 521 522 259 548 514 523
343 522 259 548 514 523 521
343 259 548 514 523 521 522
343 548 514 523 521 522 259
343 514 523 521 522 259 548
343 523 521 522 259 548 514
344 526 525 260 549 515 524
344 525 260 549 515 524 526
344 260 549 515 524 526 525
344 549 515 524 526 525 260
344 515 524 526 525 260 549
344 524 526 525 260 549 515
345 530 531 261 550 533 528
345 531 261 550 533 528 530
345 261 550 533 528 530 531
345 550 533 528 530 531 261
345 533 528 530 531 261 550
345 528 530 531 261 550 533
346 539 540 262 552 536 541
346 540 262 552 536 541 539
346 262 552 536 541 539 540
346 552 536 541 539 540 262
346 536 541 539 540 262 552
346 541 539 540 262 552 536
347 544 543 263 553 537 542
347 543 263 553 537 542 544
347 263 553 537 542 544 543
347 553 537 542 544 543 263
347 537 542 544 543 263 553
347 542 544 543 263 553 537
348 573 572 264 554 577 571
348 572 264 554 577 571 573
348 264 554 577 571 573 572
348 554 577 571 573 572 264
348 577 571 573 572 264 554
348 571 573 572 264 554 577
349 581 580 265 555 578 584
349 580 265 555 578 584 581
349 265 555 578 584 581 580
349 555 578 584 581 580 265
349 578 584 581 580 265 555
349 584 581 580 265 555 578
350 583 582 266 556 579 585
350 582 266 556 579 585 583
350 266 556 579 585 583 582
350 556 579 585 583 582 266
350 579 585 583 582 266 556
350 585 583 582 266 556 579
351 586 587 267 557 598 588
351 587 267 557 598 588 586
351 267 557 598 588 586 587
351 557 598 588 586 587 267
351 598 588 586 587 267 557
351 588 586 587 267 557 598
352 591 590 268 558 599 589
352 590 268 558 599 589 591
352 268 558 599 589 591 590
352 558 599 589 591 590 268
352 599 589 591 590 268 558
352 589 591 590 268 558 599
353 592 593 269 559 600 594
353 593 269 559 600 594 592
353 269 559 600 594 592 593
353 559 600 594 592 593 269
353 600 594 592 593 269 559
353 594 592 593 269 559 600
354 597 596 270 560 601 595
354 596 270 560 601 595 597
354 270 560 601 595 597 596
354 560 601 595 597 596 270
354 601 595 597 596 270 560
354 595 597 596 270 560 601
355 605 604 271 561 602 608
355 604 271 561 602 608 605
355 271 561 602 608 605 604
355 561 602 608 605 604 271
355 602 608 605 604 271 561
355 608 605 604 271 561 602
356 607 606 272 562 603 609
356 606 272 562 603 609 607
356 272 562 603 609 607 606
356 562 603 609 607 606 272
356 603 609 607 606 272 562
356 609 607 606 272 562 603
357 4 5 273 34 1 6
357 5 273 34 1 6 4
357 273 34 1 6 4 5
357 34 1 6 4 5 273
357 1 6 4 5 273 34
357 6 4 5 273 34 1
358 9 8 274 35 2 7
358 8 274 35 2 7 9
358 274 35 2 7 9 8
358 35 2 7 9 8 274
358 2 7 9 8 274 35
358 7 9 8 274 35 2
359 13 12 275 36 3 11
359 12 275 36 3 11 13
359 275 36 3 11 13 12
359 36 3 11 13 12 275
359 3 11 13 12 275 36
359 11 13 12 275 36 3
360 -1 14 15 276 37 17
361 23 24 278 39 19 25
361 24 278 39 19 25 23
361 278 39 19 25 23 24
361 39 19 25 23 24 278
361 19 25 23 24 278 39
361 25 23 24 278 39 19
362 28 27 279 40 20 26
362 27 279 40 20 26 28
362 279 40 20 26 28 27
362 40 20 26 28 27 279
362 20 26 28 27 279 40
362 26 28 27 279 40 20
363 -1 29 280 41 21 30
364 33 32 281 42 22 31
364 32 281 42 22 31 33
364 281 42 22 31 33 32
364 42 22 31 33 32 281
364 22 31 33 32 281 42
364 31 33 32 281 42 22
365 54 55 282 43 66 56
365 55 282 43 66 56 54
365 282 43 66 56 54 55
365 43 66 56 54 55 282
365 66 56 54 55 282 43
365 56 54 55 282 43 66
366 59 58 283 44 67 57
366 58 283 44 67 57 59
366 283 44 67 57 59 58
366 44 67 57 59 58 283
366 67 57 59 58 283 44
366 57 59 58 283 44 67
367 60 61 284 45 68 62
367 61 284 45 68 62 60
367 284 45 68 62 60 61
367 45 68 62 60 61 284
367 68 62 60 61 284 45
367 62 60 61 284 45 68
368 65 64 285 46 69 63
368 64 285 46 69 63 65
368 285 46 69 63 65 64
368 46 69 63 65 64 285
368 69 63 65 64 285 46
368 63 65 64 285 46 69
369 73 72 286 47 70 76
369 72 286 47 70 76 73
369 286 47 70 76 73 72
369 47 70 76 73 72 286
369 70 76 73 72 286 47
369 76 73 72 286 47 70
370 75 74 287 48 71 77
370 74 287 48 71 77 75
370 287 48 71 77 75 74
370 48 71 77 75 74 287
370 71 77 75 74 287 48
370 77 75 74 287 48 71
371 81 80 288 49 87 79
371 80 288 49 87 79 81
371 288 49 87 79 81 80
371 49 87 79 81 80 288
371 87 79 81 80 288 49
371 79 81 80 288 49 87
372 -1 82 289 50 88 83
373 86 85 290 51 89 84
373 85 290 51 89 84 86
373 290 51 89 84 86 85
373 51 89 84 86 85 290
373 89 84 86 85 290 51
373 84 86 85 290 51 89
374 93 92 291 52 90 96
374 92 291 52 90 96 93
374 291 52 90 96 93 92
374 52 90 96 93 92 291
374 90 96 93 92 291 52
374 96 93 92 291 52 90
375 95 94 292 53 91 97
375 94 292 53 91 97 95
375 292 53 91 97 95 94
375 53 91 97 95 94 292
375 91 97 95 94 292 53
375 97 95 94 292 53 91
376 107 108 295 138 104 109
376 108 295 138 104 109 107
376 295 138 104 109 107 108
376 138 104 109 107 108 295
376 104 109 107 108 295 138
376 109 107 108 295 138 104
377 112 111 296 139 105 110
377 111 296 139 105 110 112
377 296 139 105 110 112 111
377 139 105 110 112 111 296
377 105 110 112 111 296 139
377 110 112 111 296 139 105
378 117 116 298 140 106 115
378 116 298 140 106 115 117
378 298 140 106 115 117 116
378 140 106 115 117 116 298
378 106 115 117 116 298 140
378 115 117 116 298 140 106
379 -1 124 129 127 128 301
380 132 131 302 141 125 130
380 131 302 141 125 130 132
380 302 141 125 130 132 131
380 141 125 130 132 131 302
380 125 130 132 131 302 141
380 130 132 131 302 141 125
381 137 136 304 142 126 135
381 136 304 142 126 135 137
381 304 142 126 135 137 136
381 142 126 135 137 136 304
381 126 135 137 136 304 142
381 135 137 136 304 142 126
382 -1 156 146 144 145 305
383 -1 157 147 149 148 306
384 -1 158 152 150 151 307
385 -1 159 153 155 154 308
386 -1 160 166 163 162 309
387 -1 161 167 165 164 310
388 172 171 312 143 178 170
388 171 312 143 178 170 172
388 312 143 178 170 172 171
388 143 178 170 172 171 312
388 178 170 172 171 312 143
388 170 172 171 312 143 178
389 -1 190 196 194 195 319
390 -1 191 197 199 198 320
391 -1 193 202 204 203 322
392 210 211 325 220 208 212
392 211 325 220 208 212 210
392 325 220 208 212 210 211
392 220 208 212 210 211 325
392 208 212 210 211 325 220
392 212 210 211 325 220 208
393 -1 213 215 214 326 221
394 232 233 329 223 244 234
394 233 329 223 244 234 232
394 329 223 244 234 232 233
394 223 244 234 232 233 329
394 244 234 232 233 329 223
394 234 232 233 329 223 244
395 237 236 330 224 245 235
395 236 330 224 245 235 237
395 330 224 245 235 237 236
395 224 245 235 237 236 330
395 245 235 237 236 330 224
395 235 237 236 330 224 245
396 238 239 331 225 246 240
396 239 331 225 246 240 238
396 331 225 246 240 238 239
396 225 246 240 238 239 331
396 246 240 238 239 331 225
396 240 238 239 331 225 246
397 243 242 332 226 247 241
397 242 332 226 247 241 243
397 332 226 247 241 243 242
397 226 247 241 243 242 332
397 247 241 243 242 332 226
397 241 243 242 332 226 247
398 251 250 333 227 248 254
398 250 333 227 248 254 251
398 333 227 248 254 251 250
398 227 248 254 251 250 333
398 248 254 251 250 333 227
398 254 251 250 333 227 248
399 253 252 334 228 249 255
399 252 334 228 249 255 253
399 334 228 249 255 253 252
399 228 249 255 253 252 334
399 249 255 253 252 334 228
399 255 253 252 334 228 249
400 -1 263 262 338 229 264
401 268 267 339 230 265 271
401 267 339 230 265 271 268
401 339 230 265 271 268 267
401 230 265 271 268 267 339
401 265 271 268 267 339 230
401 271 268 267 339 230 265
402 270 269 340 231 266 272
402 269 340 231 266 272 270
402 340 231 266 272 270 269
402 231 266 272 270 269 340
402 266 272 270 269 340 231
402 272 270 269 340 231 266
403 388 389 341 460 400 390
403 389 341 460 400 390 388
403 341 460 400 390 388 389
403 460 400 390 388 389 341
403 400 390 388 389 341 460
403 390 388 389 341 460 400
404 393 392 342 461 401 391
404 392 342 461 401 391 393
404 342 461 401 391 393 392
404 461 401 391 393 392 342
404 401 391 393 392 342 461
404 391 393 392 342 461 401
405 394 395 343 462 402 396
405 395 343 462 402 396 394
405 343 462 402 396 394 395
405 462 402 396 394 395 343
405 402 396 394 395 343 462
405 396 394 395 343 462 402
406 399 398 344 463 403 397
406 398 344 463 403 397 399
406 344 463 403 397 399 398
406 463 403 397 399 398 344
406 403 397 399 398 344 463
406 397 399 398 344 463 403
407 407 406 345 464 404 410
407 406 345 464 404 410 407
407 345 464 404 410 407 406
407 464 404 410 407 406 345
407 404 410 407 406 345 464
407 410 407 406 345 464 404
408 409 408 346 465 405 411
408 408 346 465 405 411 409
408 346 465 405 411 409 408
408 465 405 411 409 408 346
408 405 411 409 408 346 465
408 411 409 408 346 465 405
409 412 413 347 466 424 414
409 413 347 466 424 414 412
409 347 466 424 414 412 413
409 466 424 414 412 413 347
409 424 414 412 413 347 466
409 414 412 413 347 466 424
410 417 416 348 467 425 415
410 416 348 467 425 415 417
410 348 467 425 415 417 416
410 467 425 415 417 416 348
410 425 415 417 416 348 467
410 415 417 416 348 467 425
411 418 419 349 468 426 420
411 419 349 468 426 420 418
411 349 468 426 420 418 419
411 468 426 420 418 419 349
411 426 420 418 419 349 468
411 420 418 419 349 468 426
412 423 422 350 469 427 421
412 422 350 469 427 421 423
412 350 469 427 421 423 422
412 469 427 421 423 422 350
412 427 421 423 422 350 469
412 421 423 422 350 469 427
413 431 430 351 470 428 434
413 430 351 470 428 434 431
413 351 470 428 434 431 430
413 470 428 434 431 430 351
413 428 434 431 430 351 470
413 434 431 430 351 470 428
414 433 432 352 471 429 435
414 432 352 471 429 435 433
414 352 471 429 435 433 432
414 471 429 435 433 432 352
414 429 435 433 432 352 471
414 435 433 432 352 471 429
415 436 437 353 472 448 438
415 437 353 472 448 438 436
415 353 472 448 438 436 437
415 472 448 438 436 437 353
415 448 438 436 437 353 472
415 438 436 437 353 472 448
416 441 440 354 473 449 439
416 440 354 473 449 439 441
416 354 473 449 439 441 440
416 473 449 439 441 440 354
416 449 439 441 440 354 473
416 439 441 440 354 473 449
417 442 443 355 474 450 444
417 443 355 474 450 444 442
417 355 474 450 444 442 443
417 474 450 444 442 443 355
417 450 444 442 443 355 474
417 444 442 443 355 474 450
418 447 446 356 475 451 445
418 446 356 475 451 445 447
418 356 475 451 445 447 446
418 475 451 445 447 446 356
418 451 445 447 446 356 475
418 445 447 446 356 475 451
419 455 454 357 476 452 458
419 454 357 476 452 458 455
419 357 476 452 458 455 454
419 476 452 458 455 454 357
419 452 458 455 454 357 476
419 458 455 454 357 476 452
420 457 456 358 477 453 459
420 456 358 477 453 459 457
420 358 477 453 459 457 456
420 477 453 459 457 456 358
420 453 459 457 456 358 477
420 459 457 456 358 477 453
421 485 484 359 478 502 488
421 484 359 478 502 488 485
421 359 478 502 488 485 484
421 478 502 488 485 484 359
421 502 488 485 484 359 478
421 488 485 484 359 478 502
422 487 486 360 479 503 489
422 486 360 479 503 489 487
422 360 479 503 489 487 486
422 479 503 489 487 486 360
422 503 489 487 486 360 479
422 489 487 486 360 479 503
423 491 490 361 480 504 494
423 490 361 480 504 494 491
423 361 480 504 494 491 490
423 480 504 494 491 490 361
423 504 494 491 490 361 480
423 494 491 490 361 480 504
424 493 492 362 481 505 495
424 492 362 481 505 495 493
424 362 481 505 495 493 492
424 481 505 495 493 492 362
424 505 495 493 492 362 481
424 495 493 492 362 481 505
425 497 496 363 482 506 500
425 496 363 482 506 500 497
425 363 482 506 500 497 496
425 482 506 500 497 496 363
425 506 500 497 496 363 482
425 500 497 496 363 482 506
426 499 498 364 483 507 501
426 498 364 483 507 501 499
426 364 483 507 501 499 498
426 483 507 501 499 498 364
426 507 501 499 498 364 483
426 501 499 498 364 483 507
427 510 509 365 563 516 508
427 509 365 563 516 508 510
427 365 563 516 508 510 509
427 563 516 508 510 509 365
427 516 508 510 509 365 563
427 508 510 509 365 563 516
428 -1 511 366 564 517 512
429 515 514 367 565 518 513
429 514 367 565 518 513 515
429 367 565 518 513 515 514
429 565 518 513 515 514 367
429 518 513 515 514 367 565
429 513 515 514 367 565 518
430 522 521 368 566 519 525
430 521 368 566 519 525 522
430 368 566 519 525 522 521
430 566 519 525 522 521 368
430 519 525 522 521 368 566
430 525 522 521 368 566 519
431 524 523 369 567 520 526
431 523 369 567 520 526 524
431 369 567 520 526 524 523
431 567 520 526 524 523 369
431 520 526 524 523 369 567
431 526 524 523 369 567 520
432 531 530 371 569 538 529
432 530 371 569 538 529 531
432 371 569 538 529 531 530
432 569 538 529 531 530 371
432 538 529 531 530 371 569
432 529 531 530 371 569 538
433 -1 534 532 533 372 570
434 -1 535 537 536 373 571
435 -1 543 540 539 374 572
436 -1 544 542 541 375 573
437 -1 547 549 548 377 575
438 553 552 379 577 554 551
438 552 379 577 554 551 553
438 379 577 554 551 553 552
438 577 554 551 553 552 379
438 554 551 553 552 379 577
438 551 553 552 379 577 554
439 558 557 380 578 555 561
439 557 380 578 555 561 558
439 380 578 555 561 558 557
439 578 555 561 558 557 380
439 555 561 558 557 380 578
439 561 558 557 380 578 555
440 560 559 381 579 556 562
440 559 381 579 556 562 560
440 381 579 556 562 560 559
440 579 556 562 560 559 381
440 556 562 560 559 381 579
440 562 560 559 381 579 556
441 587 586 382 580 604 590
441 586 382 580 604 590 587
441 382 580 604 590 587 586
441 580 604 590 587 586 382
441 604 590 587 586 382 580
441 590 587 586 382 580 604
442 589 588 383 581 605 591
442 588 383 581 605 591 589
442 383 581 605 591 589 588
442 581 605 591 589 588 383
442 605 591 589 588 383 581
442 591 589 588 383 581 605
443 593 592 384 582 606 596
443 592 384 582 606 596 593
443 384 582 606 596 593 592
443 582 606 596 593 592 384
443 606 596 593 592 384 582
443 596 593 592 384 582 606
444 595 594 385 583 607 597
444 594 385 583 607 597 595
444 385 583 607 597 595 594
444 583 607 597 595 594 385
444 607 597 595 594 385 583
444 597 595 594 385 583 607
445 599 598 386 584 608 602
445 598 386 584 608 602 599
445 386 584 608 602 599 598
445 584 608 602 599 598 386
445 608 602 599 598 386 584
445 602 599 598 386 584 608
446 601 600 387 585 609 603
446 600 387 585 609 603 601
446 387 585 609 603 601 600
446 585 609 603 601 600 387
446 609 603 601 600 387 585
446 603 601 600 387 585 609
447 -1 391 57 7 2 3
448 11 10 393 59 9 13
448 10 393 59 9 13 11
448 393 59 9 13 11 10
448 59 9 13 11 10 393
448 9 13 11 10 393 59
448 13 11 10 393 59 9
449 -1 395 61 24 15 16
450 17 18 396 62 25 19
450 18 396 62 25 19 17
450 396 62 25 19 17 18
450 62 25 19 17 18 396
450 25 19 17 18 396 62
450 19 17 18 396 62 25
451 22 21 397 63 26 20
451 21 397 63 26 20 22
451 397 63 26 20 22 21
451 63 26 20 22 21 397
451 26 20 22 21 397 63
451 20 22 21 397 63 26
452 -1 398 64 27 32 29
453 31 30 399 65 28 33
453 30 399 65 28 33 31
453 399 65 28 33 31 30
453 65 28 33 31 30 399
453 28 33 31 30 399 65
453 33 31 30 399 65 28
454 -1 401 67 44 35 36
455 37 38 402 68 45 39
455 38 402 68 45 39 37
455 402 68 45 39 37 38
455 68 45 39 37 38 402
455 45 39 37 38 402 68
455 39 37 38 402 68 45
456 42 41 403 69 46 40
456 41 403 69 46 40 42
456 403 69 46 40 42 41
456 69 46 40 42 41 403
456 46 40 42 41 403 69
456 40 42 41 403 69 46
457 -1 404 70 47 52 49
458 51 50 405 71 48 53
458 50 405 71 48 53 51
458 405 71 48 53 51 50
458 71 48 53 51 50 405
458 48 53 51 50 405 71
458 53 51 50 405 71 48
459 79 78 407 73 93 81
459 78 407 73 93 81 79
459 407 73 93 81 79 78
459 73 93 81 79 78 407
459 93 81 79 78 407 73
459 81 79 78 407 73 93
460 -1 408 74 94 85 82
461 84 83 409 75 95 86
461 83 409 75 95 86 84
461 409 75 95 86 84 83
461 75 95 86 84 83 409
461 95 86 84 83 409 75
461 86 84 83 409 75 95
462 -1 410 76 96 90 87
463 89 88 411 77 97 91
463 88 411 77 97 91 89
463 411 77 97 91 89 88
463 77 97 91 89 88 411
463 97 91 89 88 411 77
463 91 89 88 411 77 97
464 98 99 412 144 107 100
464 99 412 144 107 100 98
464 412 144 107 100 98 99
464 144 107 100 98 99 412
464 107 100 98 99 412 144
464 100 98 99 412 144 107
465 103 102 413 145 108 101
465 102 413 145 108 101 103
465 413 145 108 101 103 102
465 145 108 101 103 102 413
465 108 101 103 102 413 145
465 101 103 102 413 145 108
466 -1 415 147 110 105 106
467 114 113 416 148 111 116
467 113 416 148 111 116 114
467 416 148 111 116 114 113
467 148 111 116 114 113 416
467 111 116 114 113 416 148
467 116 114 113 416 148 111
468 -1 417 149 112 117 115
469 118 119 418 150 127 120
469 119 418 150 127 120 118
469 418 150 127 120 118 119
469 150 127 120 118 119 418
469 127 120 118 119 418 150
469 120 118 119 418 150 127
470 123 122 419 151 128 121
470 122 419 151 128 121 123
470 419 151 128 121 123 122
470 151 128 121 123 122 419
470 128 121 123 122 419 151
470 121 123 122 419 151 128
471 -1 421 153 130 125 126
472 134 133 422 154 131 136
472 133 422 154 131 136 134
472 422 154 131 136 134 133
472 154 131 136 134 133 422
472 131 136 134 133 422 154
472 136 134 133 422 154 131
473 -1 423 155 132 137 135
474 169 168 430 162 179 171
474 168 430 162 179 171 169
474 430 162 179 171 169 168
474 162 179 171 169 168 430
474 179 171 169 168 430 162
474 171 169 168 430 162 179
475 -1 431 163 180 172 170
476 174 173 432 164 181 176
476 173 432 164 181 176 174
476 432 164 181 176 174 173
476 164 181 176 174 173 432
476 181 176 174 173 432 164
476 176 174 173 432 164 181
477 -1 433 165 182 177 175
478 -1 437 233 195 186 187
479 188 189 438 234 196 190
479 189 438 234 196 190 188
479 438 234 196 190 188 189
479 234 196 190 188 189 438
479 196 190 188 189 438 234
479 190 188 189 438 234 196
480 193 192 439 235 197 191
480 192 439 235 197 191 193
480 439 235 197 191 193 192
480 235 197 191 193 192 439
480 197 191 193 192 439 235
480 191 193 192 439 235 197
481 -1 440 236 198 203 200
482 202 201 441 237 199 204
482 201 441 237 199 204 202
482 441 237 199 204 202 201
482 237 199 204 202 201 441
482 199 204 202 201 441 237
482 204 202 201 441 237 199
483 -1 443 239 211 206 207
484 -1 446 242 214 218 216
485 -1 217 447 243 215 219
486 -1 451 247 226 221 222
487 -1 453 249 228 231 229
488 -1 454 250 267 259 256
489 258 257 455 251 268 260
489 257 455 251 268 260 258
489 455 251 268 260 258 257
489 251 268 260 258 257 455
489 268 260 258 257 455 251
489 260 258 257 455 251 268
490 -1 456 252 269 262 261
491 -1 459 255 272 266 264
492 -1 461 342 283 274 275
493 276 277 462 343 284 278
493 277 462 343 284 278 276
493 462 343 284 278 276 277
493 343 284 278 276 277 462
493 284 278 276 277 462 343
493 278 276 277 462 343 284
494 281 280 463 344 285 279
494 280 463 344 285 279 281
494 463 344 285 279 281 280
494 344 285 279 281 280 463
494 285 279 281 280 463 344
494 279 281 280 463 344 285
495 -1 464 345 286 291 288
496 290 289 465 346 287 292
496 289 465 346 287 292 290
496 465 346 287 292 290 289
496 346 287 292 290 289 465
496 287 292 290 289 465 346
496 292 290 289 465 346 287
497 293 294 466 347 305 295
497 294 466 347 305 295 293
497 466 347 305 295 293 294
497 347 305 295 293 294 466
497 305 295 293 294 466 347
497 295 293 294 466 347 305
498 298 297 467 348 306 296
498 297 467 348 306 296 298
498 467 348 306 296 298 297
498 348 306 296 298 297 467
498 306 296 298 297 467 348
498 296 298 297 467 348 306
499 299 300 468 349 307 301
499 300 468 349 307 301 299
499 468 349 307 301 299 300
499 349 307 301 299 300 468
499 307 301 299 300 468 349
499 301 299 300 468 349 307
500 304 303 469 350 308 302
500 303 469 350 308 302 304
500 469 350 308 302 304 303
500 350 308 302 304 303 469
500 308 302 304 303 469 350
500 302 304 303 469 350 308
501 312 311 470 351 309 315
501 311 470 351 309 315 312
501 470 351 309 315 312 311
501 351 309 315 312 311 470
501 309 315 312 311 470 351
501 315 312 311 470 351 309
502 314 313 471 352 310 316
502 313 471 352 310 316 314
502 471 352 310 316 314 313
502 352 310 316 314 313 471
502 310 316 314 313 471 352
502 316 314 313 471 352 310
503 317 318 472 353 329 319
503 318 472 353 329 319 317
503 472 353 329 319 317 318
503 353 329 319 317 318 472
503 329 319 317 318 472 353
503 319 317 318 472 353 329
504 322 321 473 354 330 320
504 321 473 354 330 320 322
504 473 354 330 320 322 321
504 354 330 320 322 321 473
504 330 320 322 321 473 354
504 320 322 321 473 354 330
505 323 324 474 355 331 325
505 324 474 355 331 325 323
505 474 355 331 325 323 324
505 355 331 325 323 324 474
505 331 325 323 324 474 355
505 325 323 324 474 355 331
506 328 327 475 356 332 326
506 327 475 356 332 326 328
506 475 356 332 326 328 327
506 356 332 326 328 327 475
506 332 326 328 327 475 356
506 326 328 327 475 356 332
507 336 335 476 357 333 339
507 335 476 357 333 339 336
507 476 357 333 339 336 335
507 357 333 339 336 335 476
507 333 339 336 335 476 357
507 339 336 335 476 357 333
508 338 337 477 358 334 340
508 337 477 358 334 340 338
508 477 358 334 340 338 337
508 358 334 340 338 337 477
508 334 340 338 337 477 358
508 340 338 337 477 358 334
509 -1 478 359 382 368 365
510 367 366 479 360 383 369
510 366 479 360 383 369 367
510 479 360 383 369 367 366
510 360 383 369 367 366 479
510 383 369 367 366 479 360
510 369 367 366 479 360 383
511 371 370 480 361 384 374
511 370 480 361 384 374 371
511 480 361 384 374 371 370
511 361 384 374 371 370 480
511 384 374 371 370 480 361
511 374 371 370 480 361 384
512 373 372 481 362 385 375
512 372 481 362 385 375 373
512 481 362 385 375 373 372
512 362 385 375 373 372 481
512 385 375 373 372 481 362
512 375 373 372 481 362 385
513 377 376 482 363 386 380
513 376 482 363 386 380 377
513 482 363 386 380 377 376
513 363 386 380 377 376 482
513 386 380 377 376 482 363
513 380 377 376 482 363 386
514 379 378 483 364 387 381
514 378 483 364 387 381 379
514 483 364 387 381 379 378
514 364 387 381 379 378 483
514 387 381 379 378 483 364
514 381 379 378 483 364 387
515 -1 485 587 522 510 508
516 -1 486 588 523 514 511
517 513 512 487 589 524 515
517 512 487 589 524 515 513
517 487 589 524 515 513 512
517 589 524 515 513 512 487
517 524 515 513 512 487 589
517 515 513 512 487 589 524
518 -1 488 590 525 519 516
519 518 517 489 591 526 520
519 517 489 591 526 520 518
519 489 591 526 520 518 517
519 591 526 520 518 517 489
519 526 520 518 517 489 591
519 520 518 517 489 591 526
520 528 527 490 592 539 530
520 527 490 592 539 530 528
520 490 592 539 530 528 527
520 592 539 530 528 527 490
520 539 530 528 527 490 592
520 530 528 527 490 592 539
521 -1 491 593 540 531 529
522 533 532 492 594 541 536
522 532 492 594 541 536 533
522 492 594 541 536 533 532
522 594 541 536 533 532 492
522 541 536 533 532 492 594
522 536 533 532 492 594 541
523 535 534 493 595 542 537
523 534 493 595 542 537 535
523 493 595 542 537 535 534
523 595 542 537 535 534 493
523 542 537 535 534 493 595
523 537 535 534 493 595 542
524 -1 496 598 557 548 545
525 547 546 497 599 558 549
525 546 497 599 558 549 547
525 497 599 558 549 547 546
525 599 558 549 547 546 497
525 558 549 547 546 497 599
525 549 547 546 497 599 558
526 -1 498 600 559 552 550
527 -1 499 601 560 553 551
528 -1 501 603 562 556 554
529 -1 502 604 580 566 563
530 565 564 503 605 581 567
530 564 503 605 581 567 565
530 503 605 581 567 565 564
530 605 581 567 565 564 503
530 581 567 565 564 503 605
530 567 565 564 503 605 581
531 569 568 504 606 582 572
531 568 504 606 582 572 569
531 504 606 582 572 569 568
531 606 582 572 569 568 504
531 582 572 569 568 504 606
531 572 569 568 504 606 582
532 571 570 505 607 583 573
532 570 505 607 583 573 571
532 505 607 583 573 571 570
532 607 583 573 571 570 505
532 583 573 571 570 505 607
532 573 571 570 505 607 583
533 575 574 506 608 584 578
533 574 506 608 584 578 575
533 506 608 584 578 575 574
533 608 584 578 575 574 506
533 584 578 575 574 506 608
533 578 575 574 506 608 584
534 577 576 507 609 585 579
534 576 507 609 585 579 577
534 507 609 585 579 577 576
534 609 585 579 577 576 507
534 585 579 577 576 507 609
534 579 577 576 507 609 585
535 2 1 508 79 11 3
535 1 508 79 11 3 2
535 508 79 11 3 2 1
535 79 11 3 2 1 508
535 11 3 2 1 508 79
535 3 2 1 508 79 11
536 5 4 509 80 12 8
536 4 509 80 12 8 5
536 509 80 12 8 5 4
536 80 12 8 5 4 509
536 12 8 5 4 509 80
536 8 5 4 509 80 12
537 7 6 510 81 13 9
537 6 510 81 13 9 7
537 510 81 13 9 7 6
537 81 13 9 7 6 510
537 13 9 7 6 510 81
537 9 7 6 510 81 13
538 15 14 511 82 29 16
538 14 511 82 29 16 15
538 511 82 29 16 15 14
538 82 29 16 15 14 511
538 29 16 15 14 511 82
538 16 15 14 511 82 29
539 18 17 512 83 30 21
539 17 512 83 30 21 18
539 512 83 30 21 18 17
539 83 30 21 18 17 512
539 30 21 18 17 512 83
539 21 18 17 512 83 30
540 20 19 513 84 31 22
540 19 513 84 31 22 20
540 513 84 31 22 20 19
540 84 31 22 20 19 513
540 31 22 20 19 513 84
540 22 20 19 513 84 31
541 24 23 514 85 32 27
541 23 514 85 32 27 24
541 514 85 32 27 24 23
541 85 32 27 24 23 514
541 32 27 24 23 514 85
541 27 24 23 514 85 32
542 26 25 515 86 33 28
542 25 515 86 33 28 26
542 515 86 33 28 26 25
542 86 33 28 26 25 515
542 33 28 26 25 515 86
542 28 26 25 515 86 33
543 35 34 516 87 49 36
543 34 516 87 49 36 35
543 516 87 49 36 35 34
543 87 49 36 35 34 516
543 49 36 35 34 516 87
543 36 35 34 516 87 49
544 38 37 517 88 50 41
544 37 517 88 50 41 38
544 517 88 50 41 38 37
544 88 50 41 38 37 517
544 50 41 38 37 517 88
544 41 38 37 517 88 50
545 40 39 518 89 51 42
545 39 518 89 51 42 40
545 518 89 51 42 40 39
545 89 51 42 40 39 518
545 51 42 40 39 518 89
545 42 40 39 518 89 51
546 44 43 519 90 52 47
546 43 519 90 52 47 44
546 519 90 52 47 44 43
546 90 52 47 44 43 519
546 52 47 44 43 519 90
546 47 44 43 519 90 52
547 46 45 520 91 53 48
547 45 520 91 53 48 46
547 520 91 53 48 46 45
547 91 53 48 46 45 520
547 53 48 46 45 520 91
547 48 46 45 520 91 53
548 55 54 521 92 72 58
548 54 521 92 72 58 55
548 521 92 72 58 55 54
548 92 72 58 55 54 521
548 72 58 55 54 521 92
548 58 55 54 521 92 72
549 57 56 522 93 73 59
549 56 522 93 73 59 57
549 522 93 73 59 57 56
549 93 73 59 57 56 522
549 73 59 57 56 522 93
549 59 57 56 522 93 73
550 61 60 523 94 74 64
550 60 523 94 74 64 61
550 523 94 74 64 61 60
550 94 74 64 61 60 523
550 74 64 61 60 523 94
550 64 61 60 523 94 74
551 63 62 524 95 75 65
551 62 524 95 75 65 63
551 524 95 75 65 63 62
551 95 75 65 63 62 524
551 75 65 63 62 524 95
551 65 63 62 524 95 75
552 67 66 525 96 76 70
552 66 525 96 76 70 67
552 525 96 76 70 67 66
552 96 76 70 67 66 525
552 76 70 67 66 525 96
552 70 67 66 525 96 76
553 69 68 526 97 77 71
553 68 526 97 77 71 69
553 526 97 77 71 69 68
553 97 77 71 69 68 526
553 77 71 69 68 526 97
553 71 69 68 526 97 77
554 99 98 527 168 113 102
554 98 527 168 113 102 99
554 527 168 113 102 99 98
554 168 113 102 99 98 527
554 113 102 99 98 527 168
554 102 99 98 527 168 113
555 101 100 528 169 114 103
555 100 528 169 114 103 101
555 528 169 114 103 101 100
555 169 114 103 101 100 528
555 114 103 101 100 528 169
555 103 101 100 528 169 114
556 105 104 529 170 115 106
556 104 529 170 115 106 105
556 529 170 115 106 105 104
556 170 115 106 105 104 529
556 115 106 105 104 529 170
556 106 105 104 529 170 115
557 108 107 530 171 116 111
557 107 530 171 116 111 108
557 530 171 116 111 108 107
557 171 116 111 108 107 530
557 116 111 108 107 530 171
557 111 108 107 530 171 116
558 110 109 531 172 117 112
558 109 531 172 117 112 110
558 531 172 117 112 110 109
558 172 117 112 110 109 531
558 117 112 110 109 531 172
558 112 110 109 531 172 117
559 119 118 532 173 133 122
559 118 532 173 133 122 119
559 532 173 133 122 119 118
559 173 133 122 119 118 532
559 133 122 119 118 532 173
559 122 119 118 532 173 133
560 121 120 533 174 134 123
560 120 533 174 134 123 121
560 533 174 134 123 121 120
560 174 134 123 121 120 533
560 134 123 121 120 533 174
560 123 121 120 533 174 134
561 125 124 535 175 135 126
561 124 535 175 135 126 125
561 535 175 135 126 125 124
561 175 135 126 125 124 535
561 135 126 125 124 535 175
561 126 125 124 535 175 135
562 128 127 536 176 136 131
562 127 536 176 136 131 128
562 536 176 136 131 128 127
562 176 136 131 128 127 536
562 136 131 128 127 536 176
562 131 128 127 536 176 136
563 130 129 537 177 137 132
563 129 537 177 137 132 130
563 537 177 137 132 130 129
563 177 137 132 130 129 537
563 137 132 130 129 537 177
563 132 130 129 537 177 137
564 139 138 538 178 143 140
564 138 538 178 143 140 139
564 538 178 143 140 139 138
564 178 143 140 139 138 538
564 143 140 139 138 538 178
564 140 139 138 538 178 143
565 145 144 539 179 162 148
565 144 539 179 162 148 145
565 539 179 162 148 145 144
565 179 162 148 145 144 539
565 162 148 145 144 539 179
565 148 145 144 539 179 162
566 147 146 540 180 163 149
566 146 540 180 163 149 147
566 540 180 163 149 147 146
566 180 163 149 147 146 540
566 163 149 147 146 540 180
566 149 147 146 540 180 163
567 151 150 541 181 164 154
567 150 541 181 164 154 151
567 541 181 164 154 151 150
567 181 164 154 151 150 541
567 164 154 151 150 541 181
567 154 151 150 541 181 164
568 153 152 542 182 165 155
568 152 542 182 165 155 153
568 542 182 165 155 153 152
568 182 165 155 153 152 542
568 165 155 153 152 542 182
568 155 153 152 542 182 165
569 157 156 543 183 166 160
569 156 543 183 166 160 157
569 543 183 166 160 157 156
569 183 166 160 157 156 543
569 166 160 157 156 543 183
569 160 157 156 543 183 166
570 159 158 544 184 167 161
570 158 544 184 167 161 159
570 544 184 167 161 159 158
570 184 167 161 159 158 544
570 167 161 159 158 544 184
570 161 159 158 544 184 167
571 186 185 545 256 200 187
571 185 545 256 200 187 186
571 545 256 200 187 186 185
571 256 200 187 186 185 545
571 200 187 186 185 545 256
571 187 186 185 545 256 200
572 189 188 546 257 201 192
572 188 546 257 201 192 189
572 546 257 201 192 189 188
572 257 201 192 189 188 546
572 201 192 189 188 546 257
572 192 189 188 546 257 201
573 191 190 547 258 202 193
573 190 547 258 202 193 191
573 547 258 202 193 191 190
573 258 202 193 191 190 547
573 202 193 191 190 547 258
573 193 191 190 547 258 202
574 195 194 548 259 203 198
574 194 548 259 203 198 195
574 548 259 203 198 195 194
574 259 203 198 195 194 548
574 203 198 195 194 548 259
574 198 195 194 548 259 203
575 197 196 549 260 204 199
575 196 549 260 204 199 197
575 549 260 204 199 197 196
575 260 204 199 197 196 549
575 204 199 197 196 549 260
575 199 197 196 549 260 204
576 206 205 550 261 216 207
576 205 550 261 216 207 206
576 550 261 216 207 206 205
576 261 216 207 206 205 550
576 216 207 206 205 550 261
576 207 206 205 550 261 216
577 211 210 552 262 218 214
577 210 552 262 218 214 211
577 552 262 218 214 211 210
577 262 218 214 211 210 552
577 218 214 211 210 552 262
577 214 211 210 552 262 218
578 213 212 553 263 219 215
578 212 553 263 219 215 213
578 553 263 219 215 213 212
578 263 219 215 213 212 553
578 219 215 213 212 553 263
578 215 213 212 553 263 219
579 221 220 554 264 229 222
579 220 554 264 229 222 221
579 554 264 229 222 221 220
579 264 229 222 221 220 554
579 229 222 221 220 554 264
579 222 221 220 554 264 229
580 224 223 555 265 230 227
580 223 555 265 230 227 224
580 555 265 230 227 224 223
580 265 230 227 224 223 555
580 230 227 224 223 555 265
580 227 224 223 555 265 230
581 226 225 556 266 231 228
581 225 556 266 231 228 226
581 556 266 231 228 226 225
581 266 231 228 226 225 556
581 231 228 226 225 556 266
581 228 226 225 556 266 231
582 233 232 557 267 250 236
582 232 557 267 250 236 233
582 557 267 250 236 233 232
582 267 250 236 233 232 557
582 250 236 233 232 557 267
582 236 233 232 557 267 250
583 235 234 558 268 251 237
583 234 558 268 251 237 235
583 558 268 251 237 235 234
583 268 251 237 235 234 558
583 251 237 235 234 558 268
583 237 235 234 558 268 251
584 239 238 559 269 252 242
584 238 559 269 252 242 239
584 559 269 252 242 239 238
584 269 252 242 239 238 559
584 252 242 239 238 559 269
584 242 239 238 559 269 252
585 241 240 560 270 253 243
585 240 560 270 253 243 241
585 560 270 253 243 241 240
585 270 253 243 241 240 560
585 253 243 241 240 560 270
585 243 241 240 560 270 253
586 245 244 561 271 254 248
586 244 561 271 254 248 245
586 561 271 254 248 245 244
586 271 254 248 245 244 561
586 254 248 245 244 561 271
586 248 245 244 561 271 254
587 247 246 562 272 255 249
587 246 562 272 255 249 247
587 562 272 255 249 247 246
587 272 255 249 247 246 562
587 255 249 247 246 562 272
587 249 247 246 562 272 255
588 274 273 563 365 288 275
588 273 563 365 288 275 274
588 563 365 288 275 274 273
588 365 288 275 274 273 563
588 288 275 274 273 563 365
588 275 274 273 563 365 288
589 277 276 564 366 289 280
589 276 564 366 289 280 277
589 564 366 289 280 277 276
589 366 289 280 277 276 564
589 289 280 277 276 564 366
589 280 277 276 564 366 289
590 279 278 565 367 290 281
590 278 565 367 290 281 279
590 565 367 290 281 279 278
590 367 290 281 279 278 565
590 290 281 279 278 565 367
590 281 279 278 565 367 290
591 283 282 566 368 291 286
591 282 566 368 291 286 283
591 566 368 291 286 283 282
591 368 291 286 283 282 566
591 291 286 283 282 566 368
591 286 283 282 566 368 291
592 285 284 567 369 292 287
592 284 567 369 292 287 285
592 567 369 292 287 285 284
592 369 292 287 285 284 567
592 292 287 285 284 567 369
592 287 285 284 567 369 292
593 294 293 568 370 311 297
593 293 568 370 311 297 294
593 568 370 311 297 294 293
593 370 311 297 294 293 568
593 311 297 294 293 568 370
593 297 294 293 568 370 311
594 296 295 569 371 312 298
594 295 569 371 312 298 296
594 569 371 312 298 296 295
594 371 312 298 296 295 569
594 312 298 296 295 569 371
594 298 296 295 569 371 312
595 300 299 570 372 313 303
595 299 570 372 313 303 300
595 570 372 313 303 300 299
595 372 313 303 300 299 570
595 313 303 300 299 570 372
595 303 300 299 570 372 313
596 302 301 571 373 314 304
596 301 571 373 314 304 302
596 571 373 314 304 302 301
596 373 314 304 302 301 571
596 314 304 302 301 571 373
596 304 302 301 571 373 314
597 306 305 572 374 315 309
597 305 572 374 315 309 306
597 572 374 315 309 306 305
597 374 315 309 306 305 572
597 315 309 306 305 572 374
597 309 306 305 572 374 315
598 308 307 573 375 316 310
598 307 573 375 316 310 308
598 573 375 316 310 308 307
598 375 316 310 308 307 573
598 316 310 308 307 573 375
598 310 308 307 573 375 316
599 318 317 574 376 335 321
599 317 574 376 335 321 318
599 574 376 335 321 318 317
599 376 335 321 318 317 574
599 335 321 318 317 574 376
599 321 318 317 574 376 335
600 320 319 575 377 336 322
600 319 575 377 336 322 320
600 575 377 336 322 320 319
600 377 336 322 320 319 575
600 336 322 320 319 575 377
600 322 320 319 575 377 336
601 324 323 576 378 337 327
601 323 576 378 337 327 324
601 576 378 337 327 324 323
601 378 337 327 324 323 576
601 337 327 324 323 576 378
601 327 324 323 576 378 337
602 326 325 577 379 338 328
602 325 577 379 338 328 326
602 577 379 338 328 326 325
602 379 338 328 326 325 577
602 338 328 326 325 577 379
602 328 326 325 577 379 338
603 330 329 578 380 339 333
603 329 578 380 339 333 330
603 578 380 339 333 330 329
603 380 339 333 330 329 578
603 339 333 330 329 578 380
603 333 330 329 578 380 339
604 332 331 579 381 340 334
604 331 579 381 340 334 332
604 579 381 340 334 332 331
604 381 340 334 332 331 579
604 340 334 332 331 579 381
604 334 332 331 579 381 340
605 342 341 580 382 359 345
605 341 580 382 359 345 342
605 580 382 359 345 342 341
605 382 359 345 342 341 580
605 359 345 342 341 580 382
605 345 342 341 580 382 359
606 344 343 581 383 360 346
606 343 581 383 360 346 344
606 581 383 360 346 344 343
606 383 360 346 344 343 581
606 360 346 344 343 581 383
606 346 344 343 581 383 360
607 348 347 582 384 361 351
607 347 582 384 361 351 348
607 582 384 361 351 348 347
607 384 361 351 348 347 582
607 361 351 348 347 582 384
607 351 348 347 582 384 361
608 350 349 583 385 362 352
608 349 583 385 362 352 350
608 583 385 362 352 350 349
608 385 362 352 350 349 583
608 362 352 350 349 583 385
608 352 350 349 583 385 362
609 354 353 584 386 363 357
609 353 584 386 363 357 354
609 584 386 363 357 354 353
609 386 363 357 354 353 584
609 363 357 354 353 584 386
609 357 354 353 584 386 363
610 356 355 585 387 364 358
610 355 585 387 364 358 356
610 585 387 364 358 356 355
610 387 364 358 356 355 585
610 364 358 356 355 585 387
610 358 356 355 585 387 364
611 389 388 586 484 406 392
611 388 586 484 406 392 389
611 586 484 406 392 389 388
611 484 406 392 389 388 586
611 406 392 389 388 586 484
611 392 389 388 586 484 406
612 391 390 587 485 407 393
612 390 587 485 407 393 391
612 587 485 407 393 391 390
612 485 407 393 391 390 587
612 407 393 391 390 587 485
612 393 391 390 587 485 407
613 395 394 588 486 408 398
613 394 588 486 408 398 395
613 588 486 408 398 395 394
613 486 408 398 395 394 588
613 408 398 395 394 588 486
613 398 395 394 588 486 408
614 397 396 589 487 409 399
614 396 589 487 409 399 397
614 589 487 409 399 397 396
614 487 409 399 397 396 589
614 409 399 397 396 589 487
614 399 397 396 589 487 409
615 401 400 590 488 410 404
615 400 590 488 410 404 401
615 590 488 410 404 401 400
615 488 410 404 401 400 590
615 410 404 401 400 590 488
615 404 401 400 590 488 410
616 403 402 591 489 411 405
616 402 591 489 411 405 403
616 591 489 411 405 403 402
616 489 411 405 403 402 591
616 411 405 403 402 591 489
616 405 403 402 591 489 411
617 413 412 592 490 430 416
617 412 592 490 430 416 413
617 592 490 430 416 413 412
617 490 430 416 413 412 592
617 430 416 413 412 592 490
617 416 413 412 592 490 430
618 415 414 593 491 431 417
618 414 593 491 431 417 415
618 593 491 431 417 415 414
618 491 431 417 415 414 593
618 431 417 415 414 593 491
618 417 415 414 593 491 431
619 419 418 594 492 432 422
619 418 594 492 432 422 419
619 594 492 432 422 419 418
619 492 432 422 419 418 594
619 432 422 419 418 594 492
619 422 419 418 594 492 432
620 421 420 595 493 433 423
620 420 595 493 433 423 421
620 595 493 433 423 421 420
620 493 433 423 421 420 595
620 433 423 421 420 595 493
620 423 421 420 595 493 433
621 425 424 596 494 434 428
621 424 596 494 434 428 425
621 596 494 434 428 425 424
621 494 434 428 425 424 596
621 434 428 425 424 596 494
621 428 425 424 596 494 434
622 427 426 597 495 435 429
622 426 597 495 435 429 427
622 597 495 435 429 427 426
622 495 435 429 427 426 597
622 435 429 427 426 597 495
622 429 427 426 597 495 435
623 437 436 598 496 454 440
623 436 598 496 454 440 437
623 598 496 454 440 437 436
623 496 454 440 437 436 598
623 454 440 437 436 598 496
623 440 437 436 598 496 454
624 439 438 599 497 455 441
624 438 599 497 455 441 439
624 599 497 455 441 439 438
624 497 455 441 439 438 599
624 455 441 439 438 599 497
624 441 439 438 599 497 455
625 443 442 600 498 456 446
625 442 600 498 456 446 443
625 600 498 456 446 443 442
625 498 456 446 443 442 600
625 456 446 443 442 600 498
625 446 443 442 600 498 456
626 445 444 601 499 457 447
626 444 601 499 457 447 445
626 601 499 457 447 445 444
626 499 457 447 445 444 601
626 457 447 445 444 601 499
626 447 445 444 601 499 457
627 449 448 602 500 458 452
627 448 602 500 458 452 449
627 602 500 458 452 449 448
627 500 458 452 449 448 602
627 458 452 449 448 602 500
627 452 449 448 602 500 458
628 451 450 603 501 459 453
628 450 603 501 459 453 451
628 603 501 459 453 451 450
628 501 459 453 451 450 603
628 459 453 451 450 603 501
628 453 451 450 603 501 459
629 461 460 604 502 478 464
629 460 604 502 478 464 461
629 604 502 478 464 461 460
629 502 478 464 461 460 604
629 478 464 461 460 604 502
629 464 461 460 604 502 478
630 463 462 605 503 479 465
630 462 605 503 479 465 463
630 605 503 479 465 463 462
630 503 479 465 463 462 605
630 479 465 463 462 605 503
630 465 463 462 605 503 479
631 467 466 606 504 480 470
631 466 606 504 480 470 467
631 606 504 480 470 467 466
631 504 480 470 467 466 606
631 480 470 467 466 606 504
631 470 467 466 606 504 480
632 469 468 607 505 481 471
632 468 607 505 481 471 469
632 607 505 481 471 469 468
632 505 481 471 469 468 607
632 481 471 469 468 607 505
632 471 469 468 607 505 481
633 473 472 608 506 482 476
633 472 608 506 482 476 473
633 608 506 482 476 473 472
633 506 482 476 473 472 608
633 482 476 473 472 608 506
633 476 473 472 608 506 482
634 475 474 609 507 483 477
634 474 609 507 483 477 475
634 609 507 483 477 475 474
634 507 483 477 475 474 609
634 483 477 475 474 609 507
634 477 475 474 609 507 483
