620 3228 658 5
0 517 0 137 260 488 378
0 0 137 260 488 378 517
0 137 260 488 378 517 0
0 260 488 378 517 0 137
0 488 378 517 0 137 260
0 378 517 0 137 260 488
1 282 1 139 263 511 573
1 1 139 263 511 573 282
1 139 263 511 573 282 1
1 263 511 573 282 1 139
1 511 573 282 1 139 263
1 573 282 1 139 263 511
2 283 2 145 280 614 470
2 2 145 280 614 470 283
2 145 280 614 470 283 2
2 280 614 470 283 2 145
2 614 470 283 2 145 280
2 470 283 2 145 280 614
3 -1 494 518 3 155 346
4 -1 597 402 4 157 352
5 519 5 161 370 464 265
5 5 161 370 464 265 519
5 161 370 464 265 519 5
5 370 464 265 519 5 161
5 464 265 519 5 161 370
5 265 519 5 161 370 464
6 194 6 163 376 505 555
6 6 163 376 505 555 194
6 163 376 505 555 194 6
6 376 505 555 194 6 163
6 505 555 194 6 163 376
6 555 194 6 163 376 505
7 195 8 169 400 608 446
7 8 169 400 608 446 195
7 169 400 608 446 195 8
7 400 608 446 195 8 169
7 608 446 195 8 169 400
7 446 195 8 169 400 608
8 -1 174 468 273 574 284
9 286 12 186 571 256 471
9 12 186 571 256 471 286
9 186 571 256 471 286 12
9 571 256 471 286 12 186
9 256 471 286 12 186 571
9 471 286 12 186 571 256
10 -1 404 13 190 589 342
11 196 14 192 595 366 447
11 14 192 595 366 447 196
11 192 595 366 447 196 14
11 595 366 447 196 14 192
11 366 447 196 14 192 595
11 447 196 14 192 595 366
12 -1 612 458 230 287 15
13 521 17 220 162 373 495
13 17 220 162 373 495 521
13 220 162 373 495 521 17
13 162 373 495 521 17 220
13 373 495 521 17 220 162
13 495 521 17 220 162 373
14 405 18 222 168 397 598
14 18 222 168 397 598 405
14 222 168 397 598 405 18
14 168 397 598 405 18 222
14 397 598 405 18 222 168
14 598 405 18 222 168 397
15 406 19 227 191 592 356
15 19 227 191 592 356 406
15 227 191 592 356 406 19
15 191 592 356 406 19 227
15 592 356 406 19 227 191
15 356 406 19 227 191 592
16 -1 496 522 20 238 322
17 -1 599 407 21 240 328
18 523 22 244 364 440 176
18 22 244 364 440 176 523
18 244 364 440 176 523 22
18 364 440 176 523 22 244
18 440 176 523 22 244 364
18 176 523 22 244 364 440
19 102 23 246 374 499 537
19 23 246 374 499 537 102
19 246 374 499 537 102 23
19 374 499 537 102 23 246
19 499 537 102 23 246 374
19 537 102 23 246 374 499
20 103 25 252 398 602 422
20 25 252 398 602 422 103
20 252 398 602 422 103 25
20 398 602 422 103 25 252
20 602 422 103 25 252 398
20 422 103 25 252 398 602
21 524 26 254 438 164 381
21 26 254 438 164 381 524
21 254 438 164 381 524 26
21 438 164 381 524 26 254
21 164 381 524 26 254 438
21 381 524 26 254 438 164
22 290 27 255 444 187 576
22 27 255 444 187 576 290
22 255 444 187 576 290 27
22 444 187 576 290 27 255
22 187 576 290 27 255 444
22 576 290 27 255 444 187
23 525 28 259 480 324 177
23 28 259 480 324 177 525
23 259 480 324 177 525 28
23 480 324 177 525 28 259
23 324 177 525 28 259 480
23 177 525 28 259 480 324
24 104 29 261 490 384 538
24 29 261 490 384 538 104
24 261 490 384 538 104 29
24 490 384 538 104 29 261
24 384 538 104 29 261 490
24 538 104 29 261 490 384
25 291 30 262 503 548 146
25 30 262 503 548 146 291
25 262 503 548 146 291 30
25 503 548 146 291 30 262
25 548 146 291 30 262 503
25 146 291 30 262 503 548
26 105 31 264 513 579 306
26 31 264 513 579 306 105
26 264 513 579 306 105 31
26 513 579 306 105 31 264
26 579 306 105 31 264 513
26 306 105 31 264 513 579
27 409 32 272 552 158 357
27 32 272 552 158 357 409
27 272 552 158 357 409 32
27 552 158 357 409 32 272
27 158 357 409 32 272 552
27 357 409 32 272 552 158
28 -1 410 33 276 583 318
29 106 34 278 593 360 423
29 34 278 593 360 423 106
29 278 593 360 423 106 34
29 593 360 423 106 34 278
29 360 423 106 34 278 593
29 423 106 34 278 593 360
30 293 35 279 606 434 147
30 35 279 606 434 147 293
30 279 606 434 147 293 35
30 606 434 147 293 35 279
30 434 147 293 35 279 606
30 147 293 35 279 606 434
31 107 36 281 616 476 307
31 36 281 616 476 307 107
31 281 616 476 307 107 36
31 616 476 307 107 36 281
31 476 307 107 36 281 616
31 307 107 36 281 616 476
32 -1 497 526 37 315 138
33 -1 600 411 38 317 144
34 -1 465 266 527 39 321
35 -1 506 556 197 40 323
36 -1 609 448 198 42 329
37 528 43 339 224 175 498
37 43 339 224 175 498 528
37 339 224 175 498 528 43
37 224 175 498 528 43 339
37 175 498 528 43 339 224
37 498 528 43 339 224 175
38 413 44 341 228 193 601
38 44 341 228 193 601 413
38 341 228 193 601 413 44
38 228 193 601 413 44 341
38 193 601 413 44 341 228
38 601 413 44 341 228 193
39 -1 441 178 529 45 345
40 -1 500 539 108 46 347
41 -1 554 170 414 47 351
42 -1 603 424 109 48 353
43 530 49 363 432 140 267
43 49 363 432 140 267 530
43 363 432 140 267 530 49
43 432 140 267 530 49 363
43 140 267 530 49 363 432
43 267 530 49 363 432 140
44 199 50 365 442 181 557
44 50 365 442 181 557 199
44 365 442 181 557 199 50
44 442 181 557 199 50 365
44 181 557 199 50 365 442
44 557 199 50 365 442 181
45 531 51 369 456 225 179
45 51 369 456 225 179 531
45 369 456 225 179 531 51
45 456 225 179 531 51 369
45 225 179 531 51 369 456
45 179 531 51 369 456 225
46 110 52 371 466 270 540
46 52 371 466 270 540 110
46 371 466 270 540 110 52
46 466 270 540 110 52 371
46 270 540 110 52 371 466
46 540 110 52 371 466 270
47 200 53 375 501 542 122
47 53 375 501 542 122 200
47 375 501 542 122 200 53
47 501 542 122 200 53 375
47 542 122 200 53 375 501
47 122 200 53 375 501 542
48 111 54 377 507 560 214
48 54 377 507 560 214 111
48 377 507 560 214 111 54
48 507 560 214 111 54 377
48 560 214 111 54 377 507
48 214 111 54 377 507 560
49 -1 415 55 387 546 134
50 202 59 399 604 428 123
50 59 399 604 428 123 202
50 399 604 428 123 202 59
50 604 428 123 202 59 399
50 428 123 202 59 399 604
50 123 202 59 399 604 428
51 113 60 401 610 452 215
51 60 401 610 452 215 113
51 401 610 452 215 113 60
51 610 452 215 113 60 401
51 452 215 113 60 401 610
51 215 113 60 401 610 452
52 -1 433 142 274 577 294
53 532 61 437 156 349 268
53 61 437 156 349 268 532
53 437 156 349 268 532 61
53 156 349 268 532 61 437
53 349 268 532 61 437 156
53 268 532 61 437 156 349
54 203 62 439 166 391 558
54 62 439 166 391 558 203
54 439 166 391 558 203 62
54 166 391 558 203 62 439
54 391 558 203 62 439 166
54 558 203 62 439 166 391
55 -1 443 183 565 231 295
56 204 63 445 189 586 332
56 63 445 189 586 332 204
56 445 189 586 332 204 63
56 189 586 332 204 63 445
56 586 332 204 63 445 189
56 332 204 63 445 189 586
57 533 64 455 221 165 383
57 64 455 221 165 383 533
57 455 221 165 383 533 64
57 221 165 383 533 64 455
57 165 383 533 64 455 221
57 383 533 64 455 221 165
58 296 65 457 226 188 578
58 65 457 226 188 578 296
58 457 226 188 578 296 65
58 226 188 578 296 65 457
58 188 578 296 65 457 226
58 578 296 65 457 226 188
59 -1 534 66 461 239 325
60 297 68 467 271 549 148
60 68 467 271 549 148 297
60 467 271 549 148 297 68
60 271 549 148 297 68 467
60 549 148 297 68 467 271
60 148 297 68 467 271 549
61 -1 69 469 275 580 308
62 535 70 479 316 141 269
62 70 479 316 141 269 535
62 479 316 141 269 535 70
62 316 141 269 535 70 479
62 141 269 535 70 479 316
62 269 535 70 479 316 141
63 205 71 481 326 182 559
63 71 481 326 182 559 205
63 481 326 182 559 205 71
63 326 182 559 205 71 481
63 182 559 205 71 481 326
63 559 205 71 481 326 182
64 -1 180 536 72 485 340
65 -1 541 114 73 487 350
66 206 74 491 386 543 124
66 74 491 386 543 124 206
66 491 386 543 124 206 74
66 386 543 124 206 74 491
66 543 124 206 74 491 386
66 124 206 74 491 386 543
67 -1 502 544 128 232 298
68 207 76 504 550 152 333
68 76 504 550 152 333 207
68 504 550 152 333 207 76
68 550 152 333 207 76 504
68 152 333 207 76 504 550
68 333 207 76 504 550 152
69 299 77 508 561 217 149
69 77 508 561 217 149 299
69 508 561 217 149 299 77
69 561 217 149 299 77 508
69 217 149 299 77 508 561
69 149 299 77 508 561 217
70 -1 78 510 566 235 309
71 208 79 514 581 312 125
71 79 514 581 312 125 208
71 514 581 312 125 208 79
71 581 312 125 208 79 514
71 312 125 208 79 514 581
71 125 208 79 514 581 312
72 -1 116 80 516 587 336
73 300 81 547 136 257 474
73 81 547 136 257 474 300
73 547 136 257 474 300 81
73 136 257 474 300 81 547
73 257 474 300 81 547 136
73 474 300 81 547 136 257
74 -1 417 82 551 154 343
75 209 83 553 160 367 450
75 83 553 160 367 450 209
75 553 160 367 450 209 83
75 160 367 450 209 83 553
75 367 450 209 83 553 160
75 450 209 83 553 160 367
76 418 86 562 219 159 359
76 86 562 219 159 359 418
76 562 219 159 359 418 86
76 219 159 359 418 86 562
76 159 359 418 86 562 219
76 359 418 86 562 219 159
77 -1 419 87 567 237 319
78 117 88 569 243 361 426
78 88 569 243 361 426 117
78 569 243 361 426 117 88
78 243 361 426 117 88 569
78 361 426 117 88 569 243
78 426 117 88 569 243 361
79 303 89 570 253 435 150
79 89 570 253 435 150 303
79 570 253 435 150 303 89
79 253 435 150 303 89 570
79 435 150 303 89 570 253
79 150 303 89 570 253 435
80 118 90 572 258 477 310
80 90 572 258 477 310 118
80 572 258 477 310 118 90
80 258 477 310 118 90 572
80 477 310 118 90 572 258
80 310 118 90 572 258 477
81 -1 420 91 582 314 135
82 -1 451 210 92 584 320
83 -1 172 421 93 588 338
84 -1 427 119 94 590 344
85 211 95 594 362 429 126
85 95 594 362 429 126 211
85 594 362 429 126 211 95
85 362 429 126 211 95 594
85 429 126 211 95 594 362
85 126 211 95 594 362 429
86 120 96 596 368 453 216
86 96 596 368 453 216 120
86 596 368 453 216 120 96
86 368 453 216 120 96 596
86 453 216 120 96 596 368
86 216 120 96 596 368 453
87 -1 605 430 129 234 304
88 212 97 607 436 153 335
88 97 607 436 153 335 212
88 607 436 153 335 212 97
88 436 153 335 212 97 607
88 153 335 212 97 607 436
88 335 212 97 607 436 153
89 305 98 611 454 218 151
89 98 611 454 218 151 305
89 611 454 218 151 305 98
89 454 218 151 305 98 611
89 218 151 305 98 611 454
89 151 305 98 611 454 218
90 -1 99 613 460 236 311
91 213 100 617 478 313 127
91 100 617 478 313 127 213
91 617 478 313 127 213 100
91 478 313 127 213 100 617
91 313 127 213 100 617 478
91 127 213 100 617 478 313
92 -1 121 101 619 484 337
93 -1 102 122 128 130 131
94 -1 103 123 129 132 133
95 136 137 0 104 124 134
95 137 0 104 124 134 136
95 0 104 124 134 136 137
95 104 124 134 136 137 0
95 124 134 136 137 0 104
95 134 136 137 0 104 124
96 138 139 1 105 125 135
96 139 1 105 125 135 138
96 1 105 125 135 138 139
96 105 125 135 138 139 1
96 125 135 138 139 1 105
96 135 138 139 1 105 125
97 -1 106 126 140 142 143
98 144 145 2 107 127 141
98 145 2 107 127 141 144
98 2 107 127 141 144 145
98 107 127 141 144 145 2
98 127 141 144 145 2 107
98 141 144 145 2 107 127
99 154 155 3 108 146 152
99 155 3 108 146 152 154
99 3 108 146 152 154 155
99 108 146 152 154 155 3
99 146 152 154 155 3 108
99 152 154 155 3 108 146
100 156 157 4 109 147 153
100 157 4 109 147 153 156
100 4 109 147 153 156 157
100 109 147 153 156 157 4
100 147 153 156 157 4 109
100 153 156 157 4 109 147
101 160 161 5 110 148 158
101 161 5 110 148 158 160
101 5 110 148 158 160 161
101 110 148 158 160 161 5
101 148 158 160 161 5 110
101 158 160 161 5 110 148
102 162 163 6 111 149 159
102 163 6 111 149 159 162
102 6 111 149 159 162 163
102 111 149 159 162 163 6
102 149 159 162 163 6 111
102 159 162 163 6 111 149
103 166 167 7 112 150 164
103 167 7 112 150 164 166
103 7 112 150 164 166 167
103 112 150 164 166 167 7
103 150 164 166 167 7 112
103 164 166 167 7 112 150
104 168 169 8 113 151 165
104 169 8 113 151 165 168
104 8 113 151 165 168 169
104 113 151 165 168 169 8
104 151 165 168 169 8 113
104 165 168 169 8 113 151
105 -1 117 176 181 183 184
106 185 186 12 118 177 182
106 186 12 118 177 182 185
106 12 118 177 182 185 186
106 118 177 182 185 186 12
106 177 182 185 186 12 118
106 182 185 186 12 118 177
107 189 190 13 119 178 187
107 190 13 119 178 187 189
107 13 119 178 187 189 190
107 119 178 187 189 190 13
107 178 187 189 190 13 119
107 187 189 190 13 119 178
108 191 192 14 120 179 188
108 192 14 120 179 188 191
108 14 120 179 188 191 192
108 120 179 188 191 192 14
108 179 188 191 192 14 120
108 188 191 192 14 120 179
109 219 220 17 194 214 217
109 220 17 194 214 217 219
109 17 194 214 217 219 220
109 194 214 217 219 220 17
109 214 217 219 220 17 194
109 217 219 220 17 194 214
110 221 222 18 195 215 218
110 222 18 195 215 218 221
110 18 195 215 218 221 222
110 195 215 218 221 222 18
110 215 218 221 222 18 195
110 218 221 222 18 195 215
111 226 227 19 196 216 225
111 227 19 196 216 225 226
111 19 196 216 225 226 227
111 196 216 225 226 227 19
111 216 225 226 227 19 196
111 225 226 227 19 196 216
112 237 238 20 197 229 235
112 238 20 197 229 235 237
112 20 197 229 235 237 238
112 197 229 235 237 238 20
112 229 235 237 238 20 197
112 235 237 238 20 197 229
113 239 240 21 198 230 236
113 240 21 198 230 236 239
113 21 198 230 236 239 240
113 198 230 236 239 240 21
113 230 236 239 240 21 198
113 236 239 240 21 198 230
114 243 244 22 199 231 241
114 244 22 199 231 241 243
114 22 199 231 241 243 244
114 199 231 241 243 244 22
114 231 241 243 244 22 199
114 241 243 244 22 199 231
115 245 246 23 200 232 242
115 246 23 200 232 242 245
115 23 200 232 242 245 246
115 200 232 242 245 246 23
115 232 242 245 246 23 200
115 242 245 246 23 200 232
116 249 250 24 201 233 247
116 250 24 201 233 247 249
116 24 201 233 247 249 250
116 201 233 247 249 250 24
116 233 247 249 250 24 201
116 247 249 250 24 201 233
117 251 252 25 202 234 248
117 252 25 202 234 248 251
117 25 202 234 248 251 252
117 202 234 248 251 252 25
117 234 248 251 252 25 202
117 248 251 252 25 202 234
118 -1 256 258 259 28 205
119 -1 257 260 261 29 206
120 271 272 32 209 265 270
120 272 32 209 265 270 271
120 32 209 265 270 271 272
120 209 265 270 271 272 32
120 265 270 271 272 32 209
120 270 271 272 32 209 265
121 275 276 33 210 266 273
121 276 33 210 266 273 275
121 33 210 266 273 275 276
121 210 266 273 275 276 33
121 266 273 275 276 33 210
121 273 275 276 33 210 266
122 277 278 34 211 267 274
122 278 34 211 267 274 277
122 34 211 267 274 277 278
122 211 267 274 277 278 34
122 267 274 277 278 34 211
122 274 277 278 34 211 267
123 -1 280 281 36 213 269
124 314 315 37 282 306 312
124 315 37 282 306 312 314
124 37 282 306 312 314 315
124 282 306 312 314 315 37
124 306 312 314 315 37 282
124 312 314 315 37 282 306
125 316 317 38 283 307 313
125 317 38 283 307 313 316
125 38 283 307 313 316 317
125 283 307 313 316 317 38
125 307 313 316 317 38 283
125 313 316 317 38 283 307
126 320 321 39 284 308 318
126 321 39 284 308 318 320
126 39 284 308 318 320 321
126 284 308 318 320 321 39
126 308 318 320 321 39 284
126 318 320 321 39 284 308
127 322 323 40 285 309 319
127 323 40 285 309 319 322
127 40 285 309 319 322 323
127 285 309 319 322 323 40
127 309 319 322 323 40 285
127 319 322 323 40 285 309
128 326 327 41 286 310 324
128 327 41 286 310 324 326
128 41 286 310 324 326 327
128 286 310 324 326 327 41
128 310 324 326 327 41 286
128 324 326 327 41 286 310
129 328 329 42 287 311 325
129 329 42 287 311 325 328
129 42 287 311 325 328 329
129 287 311 325 328 329 42
129 311 325 328 329 42 287
129 325 328 329 42 287 311
130 338 339 43 288 330 336
130 339 43 288 330 336 338
130 43 288 330 336 338 339
130 288 330 336 338 339 43
130 330 336 338 339 43 288
130 336 338 339 43 288 330
131 340 341 44 289 331 337
131 341 44 289 331 337 340
131 44 289 331 337 340 341
131 289 331 337 340 341 44
131 331 337 340 341 44 289
131 337 340 341 44 289 331
132 344 345 45 290 332 342
132 345 45 290 332 342 344
132 45 290 332 342 344 345
132 290 332 342 344 345 45
132 332 342 344 345 45 290
132 342 344 345 45 290 332
133 346 347 46 291 333 343
133 347 46 291 333 343 346
133 46 291 333 343 346 347
133 291 333 343 346 347 46
133 333 343 346 347 46 291
133 343 346 347 46 291 333
134 350 351 47 292 334 348
134 351 47 292 334 348 350
134 47 292 334 348 350 351
134 292 334 348 350 351 47
134 334 348 350 351 47 292
134 348 350 351 47 292 334
135 352 353 48 293 335 349
135 353 48 293 335 349 352
135 48 293 335 349 352 353
135 293 335 349 352 353 48
135 335 349 352 353 48 293
135 349 352 353 48 293 335
136 362 363 49 294 354 360
136 363 49 294 354 360 362
136 49 294 354 360 362 363
136 294 354 360 362 363 49
136 354 360 362 363 49 294
136 360 362 363 49 294 354
137 364 365 50 295 355 361
137 365 50 295 355 361 364
137 50 295 355 361 364 365
137 295 355 361 364 365 50
137 355 361 364 365 50 295
137 361 364 365 50 295 355
138 368 369 51 296 356 366
138 369 51 296 356 366 368
138 51 296 356 366 368 369
138 296 356 366 368 369 51
138 356 366 368 369 51 296
138 366 368 369 51 296 356
139 370 371 52 297 357 367
139 371 52 297 357 367 370
139 52 297 357 367 370 371
139 297 357 367 370 371 52
139 357 367 370 371 52 297
139 367 370 371 52 297 357
140 374 375 53 298 358 372
140 375 53 298 358 372 374
140 53 298 358 372 374 375
140 298 358 372 374 375 53
140 358 372 374 375 53 298
140 372 374 375 53 298 358
141 376 377 54 299 359 373
141 377 54 299 359 373 376
141 54 299 359 373 376 377
141 299 359 373 376 377 54
141 359 373 376 377 54 299
141 373 376 377 54 299 359
142 386 387 55 300 378 384
142 387 55 300 378 384 386
142 55 300 378 384 386 387
142 300 378 384 386 387 55
142 378 384 386 387 55 300
142 384 386 387 55 300 378
143 388 389 56 301 379 385
143 389 56 301 379 385 388
143 56 301 379 385 388 389
143 301 379 385 388 389 56
143 379 385 388 389 56 301
143 385 388 389 56 301 379
144 392 393 57 302 380 390
144 393 57 302 380 390 392
144 57 302 380 390 392 393
144 302 380 390 392 393 57
144 380 390 392 393 57 302
144 390 392 393 57 302 380
145 394 395 58 303 381 391
145 395 58 303 381 391 394
145 58 303 381 391 394 395
145 303 381 391 394 395 58
145 381 391 394 395 58 303
145 391 394 395 58 303 381
146 398 399 59 304 382 396
146 399 59 304 382 396 398
146 59 304 382 396 398 399
146 304 382 396 398 399 59
146 382 396 398 399 59 304
146 396 398 399 59 304 382
147 400 401 60 305 383 397
147 401 60 305 383 397 400
147 60 305 383 397 400 401
147 305 383 397 400 401 60
147 383 397 400 401 60 305
147 397 400 401 60 305 383
148 436 437 61 402 424 434
148 437 61 402 424 434 436
148 61 402 424 434 436 437
148 402 424 434 436 437 61
148 424 434 436 437 61 402
148 434 436 437 61 402 424
149 438 439 62 403 425 435
149 439 62 403 425 435 438
149 62 403 425 435 438 439
149 403 425 435 438 439 62
149 425 435 438 439 62 403
149 435 438 439 62 403 425
150 444 445 63 404 427 441
150 445 63 404 427 441 444
150 63 404 427 441 444 445
150 404 427 441 444 445 63
150 427 441 444 445 63 404
150 441 444 445 63 404 427
151 454 455 64 405 446 452
151 455 64 405 446 452 454
151 64 405 446 452 454 455
151 405 446 452 454 455 64
151 446 452 454 455 64 405
151 452 454 455 64 405 446
152 456 457 65 406 447 453
152 457 65 406 447 453 456
152 65 406 447 453 456 457
152 406 447 453 456 457 65
152 447 453 456 457 65 406
152 453 456 457 65 406 447
153 460 461 66 407 448 458
153 461 66 407 448 458 460
153 66 407 448 458 460 461
153 407 448 458 460 461 66
153 448 458 460 461 66 407
153 458 460 461 66 407 448
154 462 463 67 408 449 459
154 463 67 408 449 459 462
154 67 408 449 459 462 463
154 408 449 459 462 463 67
154 449 459 462 463 67 408
154 459 462 463 67 408 449
155 466 467 68 409 450 464
155 467 68 409 450 464 466
155 68 409 450 464 466 467
155 409 450 464 466 467 68
155 450 464 466 467 68 409
155 464 466 467 68 409 450
156 468 469 69 410 451 465
156 469 69 410 451 465 468
156 69 410 451 465 468 469
156 410 451 465 468 469 69
156 451 465 468 469 69 410
156 465 468 469 69 410 451
157 478 479 70 411 470 476
157 479 70 411 470 476 478
157 70 411 470 476 478 479
157 411 470 476 478 479 70
157 470 476 478 479 70 411
157 476 478 479 70 411 470
158 480 481 71 412 471 477
158 481 71 412 471 477 480
158 71 412 471 477 480 481
158 412 471 477 480 481 71
158 471 477 480 481 71 412
158 477 480 481 71 412 471
159 484 485 72 413 472 482
159 485 72 413 472 482 484
159 72 413 472 482 484 485
159 413 472 482 484 485 72
159 472 482 484 485 72 413
159 482 484 485 72 413 472
160 486 487 73 414 473 483
160 487 73 414 473 483 486
160 73 414 473 483 486 487
160 414 473 483 486 487 73
160 473 483 486 487 73 414
160 483 486 487 73 414 473
161 490 491 74 415 474 488
161 491 74 415 474 488 490
161 74 415 474 488 490 491
161 415 474 488 490 491 74
161 474 488 490 491 74 415
161 488 490 491 74 415 474
162 492 493 75 416 475 489
162 493 75 416 475 489 492
162 75 416 475 489 492 493
162 416 475 489 492 493 75
162 475 489 492 493 75 416
162 489 492 493 75 416 475
163 503 504 76 417 494 500
163 504 76 417 494 500 503
163 76 417 494 500 503 504
163 417 494 500 503 504 76
163 494 500 503 504 76 417
163 500 503 504 76 417 494
164 507 508 77 418 495 505
164 508 77 418 495 505 507
164 77 418 495 505 507 508
164 418 495 505 507 508 77
164 495 505 507 508 77 418
164 505 507 508 77 418 495
165 509 510 78 419 496 506
165 510 78 419 496 506 509
165 78 419 496 506 509 510
165 419 496 506 509 510 78
165 496 506 509 510 78 419
165 506 509 510 78 419 496
166 513 514 79 420 497 511
166 514 79 420 497 511 513
166 79 420 497 511 513 514
166 420 497 511 513 514 79
166 497 511 513 514 79 420
166 511 513 514 79 420 497
167 515 516 80 421 498 512
167 516 80 421 498 512 515
167 80 421 498 512 515 516
167 421 498 512 515 516 80
167 498 512 515 516 80 421
167 512 515 516 80 421 498
168 546 547 81 517 538 543
168 547 81 517 538 543 546
168 81 517 538 543 546 547
168 517 538 543 546 547 81
168 538 543 546 547 81 517
168 543 546 547 81 517 538
169 550 551 82 518 539 548
169 551 82 518 539 548 550
169 82 518 539 548 550 551
169 518 539 548 550 551 82
169 539 548 550 551 82 518
169 548 550 551 82 518 539
170 552 553 83 519 540 549
170 553 83 519 540 549 552
170 83 519 540 549 552 553
170 519 540 549 552 553 83
170 540 549 552 553 83 519
170 549 552 553 83 519 540
171 561 562 86 521 555 560
171 562 86 521 555 560 561
171 86 521 555 560 561 562
171 521 555 560 561 562 86
171 555 560 561 562 86 521
171 560 561 562 86 521 555
172 566 567 87 522 556 564
172 567 87 522 556 564 566
172 87 522 556 564 566 567
172 522 556 564 566 567 87
172 556 564 566 567 87 522
172 564 566 567 87 522 556
173 568 569 88 523 557 565
173 569 88 523 557 565 568
173 88 523 557 565 568 569
173 523 557 565 568 569 88
173 557 565 568 569 88 523
173 565 568 569 88 523 557
174 -1 571 572 90 525 559
175 581 582 91 526 573 579
175 582 91 526 573 579 581
175 91 526 573 579 581 582
175 526 573 579 581 582 91
175 573 579 581 582 91 526
175 579 581 582 91 526 573
176 583 584 92 527 574 580
176 584 92 527 574 580 583
176 92 527 574 580 583 584
176 527 574 580 583 584 92
176 574 580 583 584 92 527
176 580 583 584 92 527 574
177 587 588 93 528 575 585
177 588 93 528 575 585 587
177 93 528 575 585 587 588
177 528 575 585 587 588 93
177 575 585 587 588 93 528
177 585 587 588 93 528 575
178 589 590 94 529 576 586
178 590 94 529 576 586 589
178 94 529 576 586 589 590
178 529 576 586 589 590 94
178 576 586 589 590 94 529
178 586 589 590 94 529 576
179 593 594 95 530 577 591
179 594 95 530 577 591 593
179 95 530 577 591 593 594
179 530 577 591 593 594 95
179 577 591 593 594 95 530
179 591 593 594 95 530 577
180 595 596 96 531 578 592
180 596 96 531 578 592 595
180 96 531 578 592 595 596
180 531 578 592 595 596 96
180 578 592 595 596 96 531
180 592 595 596 96 531 578
181 606 607 97 532 597 603
181 607 97 532 597 603 606
181 97 532 597 603 606 607
181 532 597 603 606 607 97
181 597 603 606 607 97 532
181 603 606 607 97 532 597
182 610 611 98 533 598 608
182 611 98 533 598 608 610
182 98 533 598 608 610 611
182 533 598 608 610 611 98
182 598 608 610 611 98 533
182 608 610 611 98 533 598
183 612 613 99 534 599 609
183 613 99 534 599 609 612
183 99 534 599 609 612 613
183 534 599 609 612 613 99
183 599 609 612 613 99 534
183 609 612 613 99 534 599
184 616 617 100 535 600 614
184 617 100 535 600 614 616
184 100 535 600 614 616 617
184 535 600 614 616 617 100
184 600 614 616 617 100 535
184 614 616 617 100 535 600
185 618 619 101 536 601 615
185 619 101 536 601 615 618
185 101 536 601 615 618 619
185 536 601 615 618 619 101
185 601 615 618 619 101 536
185 615 618 619 101 536 601
186 -1 17 20 22 23 102
187 -1 18 21 24 25 103
188 -1 26 28 29 104 0
189 -1 27 30 31 105 1
190 -1 19 32 33 34 106
191 45 46 108 3 37 43
191 46 108 3 37 43 45
191 108 3 37 43 45 46
191 3 37 43 45 46 108
191 37 43 45 46 108 3
191 43 45 46 108 3 37
192 47 48 109 4 38 44
192 48 109 4 38 44 47
192 109 4 38 44 47 48
192 4 38 44 47 48 109
192 38 44 47 48 109 4
192 44 47 48 109 4 38
193 51 52 110 5 39 49
193 52 110 5 39 49 51
193 110 5 39 49 51 52
193 5 39 49 51 52 110
193 39 49 51 52 110 5
193 49 51 52 110 5 39
194 53 54 111 6 40 50
194 54 111 6 40 50 53
194 111 6 40 50 53 54
194 6 40 50 53 54 111
194 40 50 53 54 111 6
194 50 53 54 111 6 40
195 57 58 112 7 41 55
195 58 112 7 41 55 57
195 112 7 41 55 57 58
195 7 41 55 57 58 112
195 41 55 57 58 112 7
195 55 57 58 112 7 41
196 59 60 113 8 42 56
196 60 113 8 42 56 59
196 113 8 42 56 59 60
196 8 42 56 59 60 113
196 42 56 59 60 113 8
196 56 59 60 113 8 42
197 72 73 114 9 61 70
197 73 114 9 61 70 72
197 114 9 61 70 72 73
197 9 61 70 72 73 114
197 61 70 72 73 114 9
197 70 72 73 114 9 61
198 74 75 115 10 62 71
198 75 115 10 62 71 74
198 115 10 62 71 74 75
198 10 62 71 74 75 115
198 62 71 74 75 115 10
198 71 74 75 115 10 62
199 79 80 116 11 63 76
199 80 116 11 63 76 79
199 116 11 63 76 79 80
199 11 63 76 79 80 116
199 63 76 79 80 116 11
199 76 79 80 116 11 63
200 -1 89 90 118 12 81
201 93 94 119 13 82 91
201 94 119 13 82 91 93
201 119 13 82 91 93 94
201 13 82 91 93 94 119
201 82 91 93 94 119 13
201 91 93 94 119 13 82
202 95 96 120 14 83 92
202 96 120 14 83 92 95
202 120 14 83 92 95 96
202 14 83 92 95 96 120
202 83 92 95 96 120 14
202 92 95 96 120 14 83
203 100 101 121 16 85 97
203 101 121 16 85 97 100
203 121 16 85 97 100 101
203 16 85 97 100 101 121
203 85 97 100 101 121 16
203 97 100 101 121 16 85
204 199 200 122 214 194 197
204 200 122 214 194 197 199
204 122 214 194 197 199 200
204 214 194 197 199 200 122
204 194 197 199 200 122 214
204 197 199 200 122 214 194
205 201 202 123 215 195 198
205 202 123 215 195 198 201
205 123 215 195 198 201 202
205 215 195 198 201 202 123
205 195 198 201 202 123 215
205 198 201 202 123 215 195
206 210 211 126 216 196 209
206 211 126 216 196 209 210
206 126 216 196 209 210 211
206 216 196 209 210 211 126
206 196 209 210 211 126 216
206 209 210 211 126 216 196
207 231 232 128 217 235 229
207 232 128 217 235 229 231
207 128 217 235 229 231 232
207 217 235 229 231 232 128
207 235 229 231 232 128 217
207 229 231 232 128 217 235
208 233 234 129 218 236 230
208 234 129 218 236 230 233
208 129 218 236 230 233 234
208 218 236 230 233 234 129
208 236 230 233 234 129 218
208 230 233 234 129 218 236
209 241 242 130 219 237 243
209 242 130 219 237 243 241
209 130 219 237 243 241 242
209 219 237 243 241 242 130
209 237 243 241 242 130 219
209 243 241 242 130 219 237
210 246 245 131 220 238 244
210 245 131 220 238 244 246
210 131 220 238 244 246 245
210 220 238 244 246 245 131
210 238 244 246 245 131 220
210 244 246 245 131 220 238
211 247 248 132 221 239 249
211 248 132 221 239 249 247
211 132 221 239 249 247 248
211 221 239 249 247 248 132
211 239 249 247 248 132 221
211 249 247 248 132 221 239
212 252 251 133 222 240 250
212 251 133 222 240 250 252
212 133 222 240 250 252 251
212 222 240 250 252 251 133
212 240 250 252 251 133 222
212 250 252 251 133 222 240
213 256 257 136 223 253 258
213 257 136 223 253 258 256
213 136 223 253 258 256 257
213 223 253 258 256 257 136
213 253 258 256 257 136 223
213 258 256 257 136 223 253
214 -1 254 259 261 260 137
215 -1 255 262 264 263 139
216 266 267 140 225 270 265
216 267 140 225 270 265 266
216 140 225 270 265 266 267
216 225 270 265 266 267 140
216 270 265 266 267 140 225
216 265 266 267 140 225 270
217 273 274 142 226 271 275
217 274 142 226 271 275 273
217 142 226 271 275 273 274
217 226 271 275 273 274 142
217 271 275 273 274 142 226
217 275 273 274 142 226 271
218 278 277 143 227 272 276
218 277 143 227 272 276 278
218 143 227 272 276 278 277
218 227 272 276 278 277 143
218 272 276 278 277 143 227
218 276 278 277 143 227 272
219 290 291 146 306 282 288
219 291 146 306 282 288 290
219 146 306 282 288 290 291
219 306 282 288 290 291 146
219 282 288 290 291 146 306
219 288 290 291 146 306 282
220 292 293 147 307 283 289
220 293 147 307 283 289 292
220 147 307 283 289 292 293
220 307 283 289 292 293 147
220 283 289 292 293 147 307
220 289 292 293 147 307 283
221 296 297 148 308 284 294
221 297 148 308 284 294 296
221 148 308 284 294 296 297
221 308 284 294 296 297 148
221 284 294 296 297 148 308
221 294 296 297 148 308 284
222 298 299 149 309 285 295
222 299 149 309 285 295 298
222 149 309 285 295 298 299
222 309 285 295 298 299 149
222 285 295 298 299 149 309
222 295 298 299 149 309 285
223 302 303 150 310 286 300
223 303 150 310 286 300 302
223 150 310 286 300 302 303
223 310 286 300 302 303 150
223 286 300 302 303 150 310
223 300 302 303 150 310 286
224 304 305 151 311 287 301
224 305 151 311 287 301 304
224 151 311 287 301 304 305
224 311 287 301 304 305 151
224 287 301 304 305 151 311
224 301 304 305 151 311 287
225 332 333 152 312 336 330
225 333 152 312 336 330 332
225 152 312 336 330 332 333
225 312 336 330 332 333 152
225 336 330 332 333 152 312
225 330 332 333 152 312 336
226 334 335 153 313 337 331
226 335 153 313 337 331 334
226 153 313 337 331 334 335
226 313 337 331 334 335 153
226 337 331 334 335 153 313
226 331 334 335 153 313 337
227 342 343 154 314 338 344
227 343 154 314 338 344 342
227 154 314 338 344 342 343
227 314 338 344 342 343 154
227 338 344 342 343 154 314
227 344 342 343 154 314 338
228 347 346 155 315 339 345
228 346 155 315 339 345 347
228 155 315 339 345 347 346
228 315 339 345 347 346 155
228 339 345 347 346 155 315
228 345 347 346 155 315 339
229 348 349 156 316 340 350
229 349 156 316 340 350 348
229 156 316 340 350 348 349
229 316 340 350 348 349 156
229 340 350 348 349 156 316
229 350 348 349 156 316 340
230 353 352 157 317 341 351
230 352 157 317 341 351 353
230 157 317 341 351 353 352
230 317 341 351 353 352 157
230 341 351 353 352 157 317
230 351 353 352 157 317 341
231 356 357 158 318 360 354
231 357 158 318 360 354 356
231 158 318 360 354 356 357
231 318 360 354 356 357 158
231 360 354 356 357 158 318
231 354 356 357 158 318 360
232 358 359 159 319 361 355
232 359 159 319 361 355 358
232 159 319 361 355 358 359
232 319 361 355 358 359 159
232 361 355 358 359 159 319
232 355 358 359 159 319 361
233 366 367 160 320 362 368
233 367 160 320 362 368 366
233 160 320 362 368 366 367
233 320 362 368 366 367 160
233 362 368 366 367 160 320
233 368 366 367 160 320 362
234 371 370 161 321 363 369
234 370 161 321 363 369 371
234 161 321 363 369 371 370
234 321 363 369 371 370 161
234 363 369 371 370 161 321
234 369 371 370 161 321 363
235 372 373 162 322 364 374
235 373 162 322 364 374 372
235 162 322 364 374 372 373
235 322 364 374 372 373 162
235 364 374 372 373 162 322
235 374 372 373 162 322 364
236 377 376 163 323 365 375
236 376 163 323 365 375 377
236 163 323 365 375 377 376
236 323 365 375 377 376 163
236 365 375 377 376 163 323
236 375 377 376 163 323 365
237 380 381 164 324 384 378
237 381 164 324 384 378 380
237 164 324 384 378 380 381
237 324 384 378 380 381 164
237 384 378 380 381 164 324
237 378 380 381 164 324 384
238 382 383 165 325 385 379
238 383 165 325 385 379 382
238 165 325 385 379 382 383
238 325 385 379 382 383 165
238 385 379 382 383 165 325
238 379 382 383 165 325 385
239 390 391 166 326 386 392
239 391 166 326 386 392 390
239 166 326 386 392 390 391
239 326 386 392 390 391 166
239 386 392 390 391 166 326
239 392 390 391 166 326 386
240 395 394 167 327 387 393
240 394 167 327 387 393 395
240 167 327 387 393 395 394
240 327 387 393 395 394 167
240 387 393 395 394 167 327
240 393 395 394 167 327 387
241 396 397 168 328 388 398
241 397 168 328 388 398 396
241 168 328 388 398 396 397
241 328 388 398 396 397 168
241 388 398 396 397 168 328
241 398 396 397 168 328 388
242 401 400 169 329 389 399
242 400 169 329 389 399 401
242 169 329 389 399 401 400
242 329 389 399 401 400 169
242 389 399 401 400 169 329
242 399 401 400 169 329 389
243 413 414 170 424 402 411
243 414 170 424 402 411 413
243 170 424 402 411 413 414
243 424 402 411 413 414 170
243 402 411 413 414 170 424
243 411 413 414 170 424 402
244 415 416 171 425 403 412
244 416 171 425 403 412 415
244 171 425 403 412 415 416
244 425 403 412 415 416 171
244 403 412 415 416 171 425
244 412 415 416 171 425 403
245 420 421 172 427 404 417
245 421 172 427 404 417 420
245 172 427 404 417 420 421
245 427 404 417 420 421 172
245 404 417 420 421 172 427
245 417 420 421 172 427 404
246 -1 428 452 446 448 449
247 -1 429 453 447 450 451
248 -1 430 454 460 458 459
249 463 462 173 431 455 461
249 462 173 431 455 461 463
249 173 431 455 461 463 462
249 431 455 461 463 462 173
249 455 461 463 462 173 431
249 461 463 462 173 431 455
250 -1 432 456 466 464 465
251 469 468 174 433 457 467
251 468 174 433 457 467 469
251 174 433 457 467 469 468
251 433 457 467 469 468 174
251 457 467 469 468 174 433
251 467 469 468 174 433 457
252 -1 434 476 470 472 473
253 -1 435 477 471 474 475
254 -1 436 478 484 482 483
255 -1 437 479 485 487 486
256 -1 438 480 490 488 489
257 -1 439 481 491 493 492
258 497 498 175 441 500 494
258 498 175 441 500 494 497
258 175 441 500 494 497 498
258 441 500 494 497 498 175
258 500 494 497 498 175 441
258 494 497 498 175 441 500
259 -1 442 501 507 505 506
260 -1 443 502 508 510 509
261 -1 444 503 513 511 512
262 -1 445 504 514 516 515
263 -1 521 522 523 176 537
264 -1 524 525 177 538 517
265 528 529 178 539 518 526
265 529 178 539 518 526 528
265 178 539 518 526 528 529
265 539 518 526 528 529 178
265 518 526 528 529 178 539
265 526 528 529 178 539 518
266 530 531 179 540 519 527
266 531 179 540 519 527 530
266 179 540 519 527 530 531
266 540 519 527 530 531 179
266 519 527 530 531 179 540
266 527 530 531 179 540 519
267 535 536 180 541 520 532
267 536 180 541 520 532 535
267 180 541 520 532 535 536
267 541 520 532 535 536 180
267 520 532 535 536 180 541
267 532 535 536 180 541 520
268 556 557 181 542 560 555
268 557 181 542 560 555 556
268 181 542 560 555 556 557
268 542 560 555 556 557 181
268 560 555 556 557 181 542
268 555 556 557 181 542 560
269 564 565 183 544 561 566
269 565 183 544 561 566 564
269 183 544 561 566 564 565
269 544 561 566 564 565 183
269 561 566 564 565 183 544
269 566 564 565 183 544 561
270 569 568 184 545 562 567
270 568 184 545 562 567 569
270 184 545 562 567 569 568
270 545 562 567 569 568 184
270 562 567 569 568 184 545
270 567 569 568 184 545 562
271 572 571 186 547 563 570
271 571 186 547 563 570 572
271 186 547 563 570 572 571
271 547 563 570 572 571 186
271 563 570 572 571 186 547
271 570 572 571 186 547 563
272 575 576 187 548 579 573
272 576 187 548 579 573 575
272 187 548 579 573 575 576
272 548 579 573 575 576 187
272 579 573 575 576 187 548
272 573 575 576 187 548 579
273 577 578 188 549 580 574
273 578 188 549 580 574 577
273 188 549 580 574 577 578
273 549 580 574 577 578 188
273 580 574 577 578 188 549
273 574 577 578 188 549 580
274 585 586 189 550 581 587
274 586 189 550 581 587 585
274 189 550 581 587 585 586
274 550 581 587 585 586 189
274 581 587 585 586 189 550
274 587 585 586 189 550 581
275 590 589 190 551 582 588
275 589 190 551 582 588 590
275 190 551 582 588 590 589
275 551 582 588 590 589 190
275 582 588 590 589 190 551
275 588 590 589 190 551 582
276 591 592 191 552 583 593
276 592 191 552 583 593 591
276 191 552 583 593 591 592
276 552 583 593 591 592 191
276 583 593 591 592 191 552
276 593 591 592 191 552 583
277 596 595 192 553 584 594
277 595 192 553 584 594 596
277 192 553 584 594 596 595
277 553 584 594 596 595 192
277 584 594 596 595 192 553
277 594 596 595 192 553 584
278 600 601 193 554 603 597
278 601 193 554 603 597 600
278 193 554 603 597 600 601
278 554 603 597 600 601 193
278 603 597 600 601 193 554
278 597 600 601 193 554 603
279 -1 3 5 6 194 17
280 -1 4 7 8 195 18
281 39 40 197 20 43 37
281 40 197 20 43 37 39
281 197 20 43 37 39 40
281 20 43 37 39 40 197
281 43 37 39 40 197 20
281 37 39 40 197 20 43
282 41 42 198 21 44 38
282 42 198 21 44 38 41
282 198 21 44 38 41 42
282 21 44 38 41 42 198
282 44 38 41 42 198 21
282 38 41 42 198 21 44
283 49 50 199 22 45 51
283 50 199 22 45 51 49
283 199 22 45 51 49 50
283 22 45 51 49 50 199
283 45 51 49 50 199 22
283 51 49 50 199 22 45
284 54 53 200 23 46 52
284 53 200 23 46 52 54
284 200 23 46 52 54 53
284 23 46 52 54 53 200
284 46 52 54 53 200 23
284 52 54 53 200 23 46
285 55 56 201 24 47 57
285 56 201 24 47 57 55
285 201 24 47 57 55 56
285 24 47 57 55 56 201
285 47 57 55 56 201 24
285 57 55 56 201 24 47
286 60 59 202 25 48 58
286 59 202 25 48 58 60
286 202 25 48 58 60 59
286 25 48 58 60 59 202
286 48 58 60 59 202 25
286 58 60 59 202 25 48
287 -1 61 62 203 26 64
288 70 71 205 28 66 72
288 71 205 28 66 72 70
288 205 28 66 72 70 71
288 28 66 72 70 71 205
288 66 72 70 71 205 28
288 72 70 71 205 28 66
289 75 74 206 29 67 73
289 74 206 29 67 73 75
289 206 29 67 73 75 74
289 29 67 73 75 74 206
289 67 73 75 74 206 29
289 73 75 74 206 29 67
290 -1 76 207 30 68 77
291 80 79 208 31 69 78
291 79 208 31 69 78 80
291 208 31 69 78 80 79
291 31 69 78 80 79 208
291 69 78 80 79 208 31
291 78 80 79 208 31 69
292 -1 82 83 209 32 86
293 91 92 210 33 87 93
293 92 210 33 87 93 91
293 210 33 87 93 91 92
293 33 87 93 91 92 210
293 87 93 91 92 210 33
293 93 91 92 210 33 87
294 96 95 211 34 88 94
294 95 211 34 88 94 96
294 211 34 88 94 96 95
294 34 88 94 96 95 211
294 88 94 96 95 211 34
294 94 96 95 211 34 88
295 -1 97 212 35 89 98
296 101 100 213 36 90 99
296 100 213 36 90 99 101
296 213 36 90 99 101 100
296 36 90 99 101 100 213
296 90 99 101 100 213 36
296 99 101 100 213 36 90
297 110 111 214 122 102 108
297 111 214 122 102 108 110
297 214 122 102 108 110 111
297 122 102 108 110 111 214
297 102 108 110 111 214 122
297 108 110 111 214 122 102
298 112 113 215 123 103 109
298 113 215 123 103 109 112
298 215 123 103 109 112 113
298 123 103 109 112 113 215
298 103 109 112 113 215 123
298 109 112 113 215 123 103
299 119 120 216 126 106 117
299 120 216 126 106 117 119
299 216 126 106 117 119 120
299 126 106 117 119 120 216
299 106 117 119 120 216 126
299 117 119 120 216 126 106
300 148 149 217 128 152 146
300 149 217 128 152 146 148
300 217 128 152 146 148 149
300 128 152 146 148 149 217
300 152 146 148 149 217 128
300 146 148 149 217 128 152
301 150 151 218 129 153 147
301 151 218 129 153 147 150
301 218 129 153 147 150 151
301 129 153 147 150 151 218
301 153 147 150 151 218 129
301 147 150 151 218 129 153
302 158 159 219 130 154 160
302 159 219 130 154 160 158
302 219 130 154 160 158 159
302 130 154 160 158 159 219
302 154 160 158 159 219 130
302 160 158 159 219 130 154
303 163 162 220 131 155 161
303 162 220 131 155 161 163
303 220 131 155 161 163 162
303 131 155 161 163 162 220
303 155 161 163 162 220 131
303 161 163 162 220 131 155
304 164 165 221 132 156 166
304 165 221 132 156 166 164
304 221 132 156 166 164 165
304 132 156 166 164 165 221
304 156 166 164 165 221 132
304 166 164 165 221 132 156
305 169 168 222 133 157 167
305 168 222 133 157 167 169
305 222 133 157 167 169 168
305 133 157 167 169 168 222
305 157 167 169 168 222 133
305 167 169 168 222 133 157
306 178 179 225 140 181 176
306 179 225 140 181 176 178
306 225 140 181 176 178 179
306 140 181 176 178 179 225
306 181 176 178 179 225 140
306 176 178 179 225 140 181
307 187 188 226 142 183 189
307 188 226 142 183 189 187
307 226 142 183 189 187 188
307 142 183 189 187 188 226
307 183 189 187 188 226 142
307 189 187 188 226 142 183
308 192 191 227 143 184 190
308 191 227 143 184 190 192
308 227 143 184 190 192 191
308 143 184 190 192 191 227
308 184 190 192 191 227 143
308 190 192 191 227 143 184
309 284 285 229 330 288 282
309 285 229 330 288 282 284
309 229 330 288 282 284 285
309 330 288 282 284 285 229
309 288 282 284 285 229 330
309 282 284 285 229 330 288
310 286 287 230 331 289 283
310 287 230 331 289 283 286
310 230 331 289 283 286 287
310 331 289 283 286 287 230
310 289 283 286 287 230 331
310 283 286 287 230 331 289
311 294 295 231 332 290 296
311 295 231 332 290 296 294
311 231 332 290 296 294 295
311 332 290 296 294 295 231
311 290 296 294 295 231 332
311 296 294 295 231 332 290
312 299 298 232 333 291 297
312 298 232 333 291 297 299
312 232 333 291 297 299 298
312 333 291 297 299 298 232
312 291 297 299 298 232 333
312 297 299 298 232 333 291
313 300 301 233 334 292 302
313 301 233 334 292 302 300
313 233 334 292 302 300 301
313 334 292 302 300 301 233
313 292 302 300 301 233 334
313 302 300 301 233 334 292
314 305 304 234 335 293 303
314 304 234 335 293 303 305
314 234 335 293 303 305 304
314 335 293 303 305 304 234
314 293 303 305 304 234 335
314 303 305 304 234 335 293
315 308 309 235 336 312 306
315 309 235 336 312 306 308
315 235 336 312 306 308 309
315 336 312 306 308 309 235
315 312 306 308 309 235 336
315 306 308 309 235 336 312
316 310 311 236 337 313 307
316 311 236 337 313 307 310
316 236 337 313 307 310 311
316 337 313 307 310 311 236
316 313 307 310 311 236 337
316 307 310 311 236 337 313
317 318 319 237 338 314 320
317 319 237 338 314 320 318
317 237 338 314 320 318 319
317 338 314 320 318 319 237
317 314 320 318 319 237 338
317 320 318 319 237 338 314
318 323 322 238 339 315 321
318 322 238 339 315 321 323
318 238 339 315 321 323 322
318 339 315 321 323 322 238
318 315 321 323 322 238 339
318 321 323 322 238 339 315
319 324 325 239 340 316 326
319 325 239 340 316 326 324
319 239 340 316 326 324 325
319 340 316 326 324 325 239
319 316 326 324 325 239 340
319 326 324 325 239 340 316
320 329 328 240 341 317 327
320 328 240 341 317 327 329
320 240 341 317 327 329 328
320 341 317 327 329 328 240
320 317 327 329 328 240 341
320 327 329 328 240 341 317
321 354 355 241 342 366 356
321 355 241 342 366 356 354
321 241 342 366 356 354 355
321 342 366 356 354 355 241
321 366 356 354 355 241 342
321 356 354 355 241 342 366
322 359 358 242 343 367 357
322 358 242 343 367 357 359
322 242 343 367 357 359 358
322 343 367 357 359 358 242
322 367 357 359 358 242 343
322 357 359 358 242 343 367
323 360 361 243 344 368 362
323 361 243 344 368 362 360
323 243 344 368 362 360 361
323 344 368 362 360 361 243
323 368 362 360 361 243 344
323 362 360 361 243 344 368
324 365 364 244 345 369 363
324 364 244 345 369 363 365
324 244 345 369 363 365 364
324 345 369 363 365 364 244
324 369 363 365 364 244 345
324 363 365 364 244 345 369
325 373 372 245 346 370 376
325 372 245 346 370 376 373
325 245 346 370 376 373 372
325 346 370 376 373 372 245
325 370 376 373 372 245 346
325 376 373 372 245 346 370
326 375 374 246 347 371 377
326 374 246 347 371 377 375
326 246 347 371 377 375 374
326 347 371 377 375 374 246
326 371 377 375 374 246 347
326 377 375 374 246 347 371
327 378 379 247 348 390 380
327 379 247 348 390 380 378
327 247 348 390 380 378 379
327 348 390 380 378 379 247
327 390 380 378 379 247 348
327 380 378 379 247 348 390
328 383 382 248 349 391 381
328 382 248 349 391 381 383
328 248 349 391 381 383 382
328 349 391 381 383 382 248
328 391 381 383 382 248 349
328 381 383 382 248 349 391
329 384 385 249 350 392 386
329 385 249 350 392 386 384
329 249 350 392 386 384 385
329 350 392 386 384 385 249
329 392 386 384 385 249 350
329 386 384 385 249 350 392
330 389 388 250 351 393 387
330 388 250 351 393 387 389
330 250 351 393 387 389 388
330 351 393 387 389 388 250
330 393 387 389 388 250 351
330 387 389 388 250 351 393
331 397 396 251 352 394 400
331 396 251 352 394 400 397
331 251 352 394 400 397 396
331 352 394 400 397 396 251
331 394 400 397 396 251 352
331 400 397 396 251 352 394
332 399 398 252 353 395 401
332 398 252 353 395 401 399
332 252 353 395 401 399 398
332 353 395 401 399 398 252
332 395 401 399 398 252 353
332 401 399 398 252 353 395
333 -1 448 407 413 411 412
334 -1 449 408 414 416 415
335 -1 451 410 419 421 420
336 -1 452 428 422 424 425
337 -1 453 429 423 426 427
338 434 435 253 454 430 436
338 435 253 454 430 436 434
338 253 454 430 436 434 435
338 454 430 436 434 435 253
338 430 436 434 435 253 454
338 436 434 435 253 454 430
339 439 438 254 455 431 437
339 438 254 455 431 437 439
339 254 455 431 437 439 438
339 455 431 437 439 438 254
339 431 437 439 438 254 455
339 437 439 438 254 455 431
340 -1 456 432 442 440 441
341 445 444 255 457 433 443
341 444 255 457 433 443 445
341 255 457 433 443 445 444
341 457 433 443 445 444 255
341 433 443 445 444 255 457
341 443 445 444 255 457 433
342 470 471 256 458 482 472
342 471 256 458 482 472 470
342 256 458 482 472 470 471
342 458 482 472 470 471 256
342 482 472 470 471 256 458
342 472 470 471 256 458 482
343 475 474 257 459 483 473
343 474 257 459 483 473 475
343 257 459 483 473 475 474
343 459 483 473 475 474 257
343 483 473 475 474 257 459
343 473 475 474 257 459 483
344 476 477 258 460 484 478
344 477 258 460 484 478 476
344 258 460 484 478 476 477
344 460 484 478 476 477 258
344 484 478 476 477 258 460
344 478 476 477 258 460 484
345 481 480 259 461 485 479
345 480 259 461 485 479 481
345 259 461 485 479 481 480
345 461 485 479 481 480 259
345 485 479 481 480 259 461
345 479 481 480 259 461 485
346 489 488 260 462 486 492
346 488 260 462 486 492 489
346 260 462 486 492 489 488
346 462 486 492 489 488 260
346 486 492 489 488 260 462
346 492 489 488 260 462 486
347 491 490 261 463 487 493
347 490 261 463 487 493 491
347 261 463 487 493 491 490
347 463 487 493 491 490 261
347 487 493 491 490 261 463
347 493 491 490 261 463 487
348 -1 465 506 496 498 497
349 -1 466 507 501 499 500
350 504 503 262 467 508 502
350 503 262 467 508 502 504
350 262 467 508 502 504 503
350 467 508 502 504 503 262
350 508 502 504 503 262 467
350 502 504 503 262 467 508
351 512 511 263 468 509 515
351 511 263 468 509 515 512
351 263 468 509 515 512 511
351 468 509 515 512 511 263
351 509 515 512 511 263 468
351 515 512 511 263 468 509
352 514 513 264 469 510 516
352 513 264 469 510 516 514
352 264 469 510 516 514 513
352 469 510 516 514 513 264
352 510 516 514 513 264 469
352 516 514 513 264 469 510
353 -1 518 519 265 555 521
354 526 527 266 556 522 528
354 527 266 556 522 528 526
354 266 556 522 528 526 527
354 556 522 528 526 527 266
354 522 528 526 527 266 556
354 528 526 527 266 556 522
355 531 530 267 557 523 529
355 530 267 557 523 529 531
355 267 557 523 529 531 530
355 557 523 529 531 530 267
355 523 529 531 530 267 557
355 529 531 530 267 557 523
356 -1 532 268 558 524 533
357 536 535 269 559 525 534
357 535 269 559 525 534 536
357 269 559 525 534 536 535
357 559 525 534 536 535 269
357 525 534 536 535 269 559
357 534 536 535 269 559 525
358 539 540 270 560 542 537
358 540 270 560 542 537 539
358 270 560 542 537 539 540
358 560 542 537 539 540 270
358 542 537 539 540 270 560
358 537 539 540 270 560 542
359 548 549 271 561 544 550
359 549 271 561 544 550 548
359 271 561 544 550 548 549
359 561 544 550 548 549 271
359 544 550 548 549 271 561
359 550 548 549 271 561 544
360 553 552 272 562 545 551
360 552 272 562 545 551 553
360 272 562 545 551 553 552
360 562 545 551 553 552 272
360 545 551 553 552 272 562
360 551 553 552 272 562 545
361 573 574 273 564 585 575
361 574 273 564 585 575 573
361 273 564 585 575 573 574
361 564 585 575 573 574 273
361 585 575 573 574 273 564
361 575 573 574 273 564 585
362 578 577 274 565 586 576
362 577 274 565 586 576 578
362 274 565 586 576 578 577
362 565 586 576 578 577 274
362 586 576 578 577 274 565
362 576 578 577 274 565 586
363 579 580 275 566 587 581
363 580 275 566 587 581 579
363 275 566 587 581 579 580
363 566 587 581 579 580 275
363 587 581 579 580 275 566
363 581 579 580 275 566 587
364 584 583 276 567 588 582
364 583 276 567 588 582 584
364 276 567 588 582 584 583
364 567 588 582 584 583 276
364 588 582 584 583 276 567
364 582 584 583 276 567 588
365 592 591 277 568 589 595
365 591 277 568 589 595 592
365 277 568 589 595 592 591
365 568 589 595 592 591 277
365 589 595 592 591 277 568
365 595 592 591 277 568 589
366 594 593 278 569 590 596
366 593 278 569 590 596 594
366 278 569 590 596 594 593
366 569 590 596 594 593 278
366 590 596 594 593 278 569
366 596 594 593 278 569 590
367 607 606 279 570 611 605
367 606 279 570 611 605 607
367 279 570 611 605 607 606
367 570 611 605 607 606 279
367 611 605 607 606 279 570
367 605 607 606 279 570 611
368 615 614 280 571 612 618
368 614 280 571 612 618 615
368 280 571 612 618 615 614
368 571 612 618 615 614 280
368 612 618 615 614 280 571
368 618 615 614 280 571 612
369 617 616 281 572 613 619
369 616 281 572 613 619 617
369 281 572 613 619 617 616
369 572 613 619 617 616 281
369 613 619 617 616 281 572
369 619 617 616 281 572 613
370 -1 0 1 282 37 3
371 -1 285 40 6 10 11
372 -1 12 286 41 7 13
373 16 15 287 42 8 14
373 15 287 42 8 14 16
373 287 42 8 14 16 15
373 42 8 14 16 15 287
373 8 14 16 15 287 42
373 14 16 15 287 42 8
374 -1 289 44 21 18 19
375 26 27 290 45 22 28
375 27 290 45 22 28 26
375 290 45 22 28 26 27
375 45 22 28 26 27 290
375 22 28 26 27 290 45
375 28 26 27 290 45 22
376 31 30 291 46 23 29
376 30 291 46 23 29 31
376 291 46 23 29 31 30
376 46 23 29 31 30 291
376 23 29 31 30 291 46
376 29 31 30 291 46 23
377 -1 292 47 24 33 32
378 36 35 293 48 25 34
378 35 293 48 25 34 36
378 293 48 25 34 36 35
378 48 25 34 36 35 293
378 25 34 36 35 293 48
378 34 36 35 293 48 25
379 -1 295 50 71 62 63
380 64 65 296 51 72 66
380 65 296 51 72 66 64
380 296 51 72 66 64 65
380 51 72 66 64 65 296
380 72 66 64 65 296 51
380 66 64 65 296 51 72
381 69 68 297 52 73 67
381 68 297 52 73 67 69
381 297 52 73 67 69 68
381 52 73 67 69 68 297
381 73 67 69 68 297 52
381 67 69 68 297 52 73
382 -1 298 53 74 79 76
383 78 77 299 54 75 80
383 77 299 54 75 80 78
383 299 54 75 80 78 77
383 54 75 80 78 77 299
383 75 80 78 77 299 54
383 80 78 77 299 54 75
384 -1 81 300 55 91 82
385 85 84 301 56 92 83
385 84 301 56 92 83 85
385 301 56 92 83 85 84
385 56 92 83 85 84 301
385 92 83 85 84 301 56
385 83 85 84 301 56 92
386 -1 302 57 93 87 86
387 90 89 303 58 94 88
387 89 303 58 94 88 90
387 303 58 94 88 90 89
387 58 94 88 90 89 303
387 94 88 90 89 303 58
387 88 90 89 303 58 94
388 -1 304 59 95 100 97
389 99 98 305 60 96 101
389 98 305 60 96 101 99
389 305 60 96 101 99 98
389 60 96 101 99 98 305
389 96 101 99 98 305 60
389 101 99 98 305 60 96
390 104 105 306 146 108 102
390 105 306 146 108 102 104
390 306 146 108 102 104 105
390 146 108 102 104 105 306
390 108 102 104 105 306 146
390 102 104 105 306 146 108
391 106 107 307 147 109 103
391 107 307 147 109 103 106
391 307 147 109 103 106 107
391 147 109 103 106 107 307
391 109 103 106 107 307 147
391 103 106 107 307 147 109
392 -1 309 149 111 115 116
393 117 118 310 150 112 119
393 118 310 150 112 119 117
393 310 150 112 119 117 118
393 150 112 119 117 118 310
393 112 119 117 118 310 150
393 119 117 118 310 150 112
394 -1 311 151 113 120 121
395 124 125 312 152 128 122
395 125 312 152 128 122 124
395 312 152 128 122 124 125
395 152 128 122 124 125 312
395 128 122 124 125 312 152
395 122 124 125 312 152 128
396 126 127 313 153 129 123
396 127 313 153 129 123 126
396 313 153 129 123 126 127
396 153 129 123 126 127 313
396 129 123 126 127 313 153
396 123 126 127 313 153 129
397 134 135 314 154 130 136
397 135 314 154 130 136 134
397 314 154 130 136 134 135
397 154 130 136 134 135 314
397 130 136 134 135 314 154
397 136 134 135 314 154 130
398 139 138 315 155 131 137
398 138 315 155 131 137 139
398 315 155 131 137 139 138
398 155 131 137 139 138 315
398 131 137 139 138 315 155
398 137 139 138 315 155 131
399 140 141 316 156 132 142
399 141 316 156 132 142 140
399 316 156 132 142 140 141
399 156 132 142 140 141 316
399 132 142 140 141 316 156
399 142 140 141 316 156 132
400 145 144 317 157 133 143
400 144 317 157 133 143 145
400 317 157 133 143 145 144
400 157 133 143 145 144 317
400 133 143 145 144 317 157
400 143 145 144 317 157 133
401 176 177 324 164 187 178
401 177 324 164 187 178 176
401 324 164 187 178 176 177
401 164 187 178 176 177 324
401 187 178 176 177 324 164
401 178 176 177 324 164 187
402 -1 325 165 188 179 180
403 181 182 326 166 189 183
403 182 326 166 189 183 181
403 326 166 189 183 181 182
403 166 189 183 181 182 326
403 189 183 181 182 326 166
403 183 181 182 326 166 189
404 186 185 327 167 190 184
404 185 327 167 190 184 186
404 327 167 190 184 186 185
404 167 190 184 186 185 327
404 190 184 186 185 327 167
404 184 186 185 327 167 190
405 -1 331 230 198 195 196
406 203 204 332 231 199 205
406 204 332 231 199 205 203
406 332 231 199 205 203 204
406 231 199 205 203 204 332
406 199 205 203 204 332 231
406 205 203 204 332 231 199
407 208 207 333 232 200 206
407 207 333 232 200 206 208
407 333 232 200 206 208 207
407 232 200 206 208 207 333
407 200 206 208 207 333 232
407 206 208 207 333 232 200
408 -1 334 233 201 210 209
409 213 212 335 234 202 211
409 212 335 234 202 211 213
409 335 234 202 211 213 212
409 234 202 211 213 212 335
409 202 211 213 212 335 234
409 211 213 212 335 234 202
410 -1 337 236 218 215 216
411 -1 340 239 221 226 225
412 -1 228 341 240 222 227
413 -1 345 244 259 254 255
414 -1 347 246 261 264 262
415 -1 348 247 273 266 265
416 269 268 349 248 274 267
416 268 349 248 274 267 269
416 349 248 274 267 269 268
416 248 274 267 269 268 349
416 274 267 269 268 349 248
416 267 269 268 349 248 274
417 -1 350 249 275 271 270
418 -1 353 252 278 281 279
419 -1 355 471 412 403 404
420 405 406 356 472 413 407
420 406 356 472 413 407 405
420 356 472 413 407 405 406
420 472 413 407 405 406 356
420 413 407 405 406 356 472
420 407 405 406 356 472 413
421 410 409 357 473 414 408
421 409 357 473 414 408 410
421 357 473 414 408 410 409
421 473 414 408 410 409 357
421 414 408 410 409 357 473
421 408 410 409 357 473 414
422 -1 358 474 415 420 417
423 419 418 359 475 416 421
423 418 359 475 416 421 419
423 359 475 416 421 419 418
423 475 416 421 419 418 359
423 416 421 419 418 359 475
423 421 419 418 359 475 416
424 422 423 360 476 434 424
424 423 360 476 434 424 422
424 360 476 434 424 422 423
424 476 434 424 422 423 360
424 434 424 422 423 360 476
424 424 422 423 360 476 434
425 427 426 361 477 435 425
425 426 361 477 435 425 427
425 361 477 435 425 427 426
425 477 435 425 427 426 361
425 435 425 427 426 361 477
425 425 427 426 361 477 435
426 428 429 362 478 436 430
426 429 362 478 436 430 428
426 362 478 436 430 428 429
426 478 436 430 428 429 362
426 436 430 428 429 362 478
426 430 428 429 362 478 436
427 433 432 363 479 437 431
427 432 363 479 437 431 433
427 363 479 437 431 433 432
427 479 437 431 433 432 363
427 437 431 433 432 363 479
427 431 433 432 363 479 437
428 441 440 364 480 438 444
428 440 364 480 438 444 441
428 364 480 438 444 441 440
428 480 438 444 441 440 364
428 438 444 441 440 364 480
428 444 441 440 364 480 438
429 443 442 365 481 439 445
429 442 365 481 439 445 443
429 365 481 439 445 443 442
429 481 439 445 443 442 365
429 439 445 443 442 365 481
429 445 443 442 365 481 439
430 446 447 366 482 458 448
430 447 366 482 458 448 446
430 366 482 458 448 446 447
430 482 458 448 446 447 366
430 458 448 446 447 366 482
430 448 446 447 366 482 458
431 451 450 367 483 459 449
431 450 367 483 459 449 451
431 367 483 459 449 451 450
431 483 459 449 451 450 367
431 459 449 451 450 367 483
431 449 451 450 367 483 459
432 452 453 368 484 460 454
432 453 368 484 460 454 452
432 368 484 460 454 452 453
432 484 460 454 452 453 368
432 460 454 452 453 368 484
432 454 452 453 368 484 460
433 457 456 369 485 461 455
433 456 369 485 461 455 457
433 369 485 461 455 457 456
433 485 461 455 457 456 369
433 461 455 457 456 369 485
433 455 457 456 369 485 461
434 465 464 370 486 462 468
434 464 370 486 462 468 465
434 370 486 462 468 465 464
434 486 462 468 465 464 370
434 462 468 465 464 370 486
434 468 465 464 370 486 462
435 467 466 371 487 463 469
435 466 371 487 463 469 467
435 371 487 463 469 467 466
435 487 463 469 467 466 371
435 463 469 467 466 371 487
435 469 467 466 371 487 463
436 -1 372 488 511 497 494
437 496 495 373 489 512 498
437 495 373 489 512 498 496
437 373 489 512 498 496 495
437 489 512 498 496 495 373
437 512 498 496 495 373 489
437 498 496 495 373 489 512
438 500 499 374 490 513 503
438 499 374 490 513 503 500
438 374 490 513 503 500 499
438 490 513 503 500 499 374
438 513 503 500 499 374 490
438 503 500 499 374 490 513
439 502 501 375 491 514 504
439 501 375 491 514 504 502
439 375 491 514 504 502 501
439 491 514 504 502 501 375
439 514 504 502 501 375 491
439 504 502 501 375 491 514
440 506 505 376 492 515 509
440 505 376 492 515 509 506
440 376 492 515 509 506 505
440 492 515 509 506 505 376
440 515 509 506 505 376 492
440 509 506 505 376 492 515
441 508 507 377 493 516 510
441 507 377 493 516 510 508
441 377 493 516 510 508 507
441 493 516 510 508 507 377
441 516 510 508 507 377 493
441 510 508 507 377 493 516
442 -1 517 378 573 526 518
443 -1 379 574 527 519 520
444 -1 380 575 528 522 521
445 525 524 381 576 529 523
445 524 381 576 529 523 525
445 381 576 529 523 525 524
445 576 529 523 525 524 381
445 529 523 525 524 381 576
445 523 525 524 381 576 529
446 -1 382 577 530 535 532
447 534 533 383 578 531 536
447 533 383 578 531 536 534
447 383 578 531 536 534 533
447 578 531 536 534 533 383
447 531 536 534 533 383 578
447 536 534 533 383 578 531
448 537 538 384 579 548 539
448 538 384 579 548 539 537
448 384 579 548 539 537 538
448 579 548 539 537 538 384
448 548 539 537 538 384 579
448 539 537 538 384 579 548
449 -1 385 580 549 540 541
450 542 543 386 581 550 544
450 543 386 581 550 544 542
450 386 581 550 544 542 543
450 581 550 544 542 543 386
450 550 544 542 543 386 581
450 544 542 543 386 581 550
451 547 546 387 582 551 545
451 546 387 582 551 545 547
451 387 582 551 545 547 546
451 582 551 545 547 546 387
451 551 545 547 546 387 582
451 545 547 546 387 582 551
452 -1 390 585 564 556 555
453 559 558 391 586 565 557
453 558 391 586 565 557 559
453 391 586 565 557 559 558
453 586 565 557 559 558 391
453 565 557 559 558 391 586
453 557 559 558 391 586 565
454 -1 392 587 566 561 560
455 -1 393 588 567 562 563
456 -1 395 590 569 572 570
457 -1 396 591 614 600 597
458 599 598 397 592 615 601
458 598 397 592 615 601 599
458 397 592 615 601 599 598
458 592 615 601 599 598 397
458 615 601 599 598 397 592
458 601 599 598 397 592 615
459 603 602 398 593 616 606
459 602 398 593 616 606 603
459 398 593 616 606 603 602
459 593 616 606 603 602 398
459 616 606 603 602 398 593
459 606 603 602 398 593 616
460 605 604 399 594 617 607
460 604 399 594 617 607 605
460 399 594 617 607 605 604
460 594 617 607 605 604 399
460 617 607 605 604 399 594
460 607 605 604 399 594 617
461 609 608 400 595 618 612
461 608 400 595 618 612 609
461 400 595 618 612 609 608
461 595 618 612 609 608 400
461 618 612 609 608 400 595
461 612 609 608 400 595 618
462 611 610 401 596 619 613
462 610 401 596 619 613 611
462 401 596 619 613 611 610
462 596 619 613 611 610 401
462 619 613 611 610 401 596
462 613 611 610 401 596 619
463 3 4 402 61 9 5
463 4 402 61 9 5 3
463 402 61 9 5 3 4
463 61 9 5 3 4 402
463 9 5 3 4 402 61
463 5 3 4 402 61 9
464 8 7 403 62 10 6
464 7 403 62 10 6 8
464 403 62 10 6 8 7
464 62 10 6 8 7 403
464 10 6 8 7 403 62
464 6 8 7 403 62 10
465 14 13 404 63 11 16
465 13 404 63 11 16 14
465 404 63 11 16 14 13
465 63 11 16 14 13 404
465 11 16 14 13 404 63
465 16 14 13 404 63 11
466 -1 17 18 405 64 26
467 20 21 407 66 28 22
467 21 407 66 28 22 20
467 407 66 28 22 20 21
467 66 28 22 20 21 407
467 28 22 20 21 407 66
467 22 20 21 407 66 28
468 25 24 408 67 29 23
468 24 408 67 29 23 25
468 408 67 29 23 25 24
468 67 29 23 25 24 408
468 29 23 25 24 408 67
468 23 25 24 408 67 29
469 -1 32 409 68 30 35
470 34 33 410 69 31 36
470 33 410 69 31 36 34
470 410 69 31 36 34 33
470 69 31 36 34 33 410
470 31 36 34 33 410 69
470 36 34 33 410 69 31
471 37 38 411 70 49 39
471 38 411 70 49 39 37
471 411 70 49 39 37 38
471 70 49 39 37 38 411
471 49 39 37 38 411 70
471 39 37 38 411 70 49
472 42 41 412 71 50 40
472 41 412 71 50 40 42
472 412 71 50 40 42 41
472 71 50 40 42 41 412
472 50 40 42 41 412 71
472 40 42 41 412 71 50
473 43 44 413 72 51 45
473 44 413 72 51 45 43
473 413 72 51 45 43 44
473 72 51 45 43 44 413
473 51 45 43 44 413 72
473 45 43 44 413 72 51
474 48 47 414 73 52 46
474 47 414 73 52 46 48
474 414 73 52 46 48 47
474 73 52 46 48 47 414
474 52 46 48 47 414 73
474 46 48 47 414 73 52
475 56 55 415 74 53 59
475 55 415 74 53 59 56
475 415 74 53 59 56 55
475 74 53 59 56 55 415
475 53 59 56 55 415 74
475 59 56 55 415 74 53
476 58 57 416 75 54 60
476 57 416 75 54 60 58
476 416 75 54 60 58 57
476 75 54 60 58 57 416
476 54 60 58 57 416 75
476 60 58 57 416 75 54
477 83 82 417 76 97 85
477 82 417 76 97 85 83
477 417 76 97 85 83 82
477 76 97 85 83 82 417
477 97 85 83 82 417 76
477 85 83 82 417 76 97
478 -1 86 418 77 98 89
479 88 87 419 78 99 90
479 87 419 78 99 90 88
479 419 78 99 90 88 87
479 78 99 90 88 87 419
479 99 90 88 87 419 78
479 90 88 87 419 78 99
480 92 91 420 79 100 95
480 91 420 79 100 95 92
480 420 79 100 95 92 91
480 79 100 95 92 91 420
480 100 95 92 91 420 79
480 95 92 91 420 79 100
481 94 93 421 80 101 96
481 93 421 80 101 96 94
481 421 80 101 96 94 93
481 80 101 96 94 93 421
481 101 96 94 93 421 80
481 96 94 93 421 80 101
482 108 109 424 170 114 110
482 109 424 170 114 110 108
482 424 170 114 110 108 109
482 170 114 110 108 109 424
482 114 110 108 109 424 170
482 110 108 109 424 170 114
483 113 112 425 171 115 111
483 112 425 171 115 111 113
483 425 171 115 111 113 112
483 171 115 111 113 112 425
483 115 111 113 112 425 171
483 111 113 112 425 171 115
484 120 119 427 172 116 121
484 119 427 172 116 121 120
484 427 172 116 121 120 119
484 172 116 121 120 119 427
484 116 121 120 119 427 172
484 121 120 119 427 172 116
485 -1 134 124 122 123 428
486 -1 135 125 127 126 429
487 -1 136 130 128 129 430
488 133 132 431 173 137 131
488 132 431 173 137 131 133
488 431 173 137 131 133 132
488 173 137 131 133 132 431
488 137 131 133 132 431 173
488 131 133 132 431 173 137
489 -1 138 144 141 140 432
490 143 142 433 174 139 145
490 142 433 174 139 145 143
490 433 174 139 145 143 142
490 174 139 145 143 142 433
490 139 145 143 142 433 174
490 145 143 142 433 174 139
491 -1 158 148 146 147 434
492 -1 159 149 151 150 435
493 -1 160 154 152 153 436
494 -1 161 155 157 156 437
495 -1 162 168 165 164 438
496 -1 163 169 167 166 439
497 179 178 441 175 193 180
497 178 441 175 193 180 179
497 441 175 193 180 179 178
497 175 193 180 179 178 441
497 193 180 179 178 441 175
497 180 179 178 441 175 193
498 -1 205 199 197 198 448
499 -1 206 200 202 201 449
500 -1 208 213 211 210 451
501 217 218 454 253 223 219
501 218 454 253 223 219 217
501 454 253 223 219 217 218
501 253 223 219 217 218 454
501 223 219 217 218 454 253
501 219 217 218 454 253 223
502 -1 220 222 221 455 254
503 229 230 458 256 241 231
503 230 458 256 241 231 229
503 458 256 241 231 229 230
503 256 241 231 229 230 458
503 241 231 229 230 458 256
503 231 229 230 458 256 241
504 234 233 459 257 242 232
504 233 459 257 242 232 234
504 459 257 242 232 234 233
504 257 242 232 234 233 459
504 242 232 234 233 459 257
504 232 234 233 459 257 242
505 235 236 460 258 243 237
505 236 460 258 243 237 235
505 460 258 243 237 235 236
505 258 243 237 235 236 460
505 243 237 235 236 460 258
505 237 235 236 460 258 243
506 240 239 461 259 244 238
506 239 461 259 244 238 240
506 461 259 244 238 240 239
506 259 244 238 240 239 461
506 244 238 240 239 461 259
506 238 240 239 461 259 244
507 248 247 462 260 245 251
507 247 462 260 245 251 248
507 462 260 245 251 248 247
507 260 245 251 248 247 462
507 245 251 248 247 462 260
507 251 248 247 462 260 245
508 250 249 463 261 246 252
508 249 463 261 246 252 250
508 463 261 246 252 250 249
508 261 246 252 250 249 463
508 246 252 250 249 463 261
508 252 250 249 463 261 246
509 -1 272 271 467 262 279
510 274 273 468 263 280 277
510 273 468 263 280 277 274
510 468 263 280 277 274 273
510 263 280 277 274 273 468
510 280 277 274 273 468 263
510 277 274 273 468 263 280
511 276 275 469 264 281 278
511 275 469 264 281 278 276
511 469 264 281 278 276 275
511 264 281 278 276 275 469
511 281 278 276 275 469 264
511 278 276 275 469 264 281
512 282 283 470 354 294 284
512 283 470 354 294 284 282
512 470 354 294 284 282 283
512 354 294 284 282 283 470
512 294 284 282 283 470 354
512 284 282 283 470 354 294
513 287 286 471 355 295 285
513 286 471 355 295 285 287
513 471 355 295 285 287 286
513 355 295 285 287 286 471
513 295 285 287 286 471 355
513 285 287 286 471 355 295
514 288 289 472 356 296 290
514 289 472 356 296 290 288
514 472 356 296 290 288 289
514 356 296 290 288 289 472
514 296 290 288 289 472 356
514 290 288 289 472 356 296
515 293 292 473 357 297 291
515 292 473 357 297 291 293
515 473 357 297 291 293 292
515 357 297 291 293 292 473
515 297 291 293 292 473 357
515 291 293 292 473 357 297
516 301 300 474 358 298 304
516 300 474 358 298 304 301
516 474 358 298 304 301 300
516 358 298 304 301 300 474
516 298 304 301 300 474 358
516 304 301 300 474 358 298
517 303 302 475 359 299 305
517 302 475 359 299 305 303
517 475 359 299 305 303 302
517 359 299 305 303 302 475
517 299 305 303 302 475 359
517 305 303 302 475 359 299
518 306 307 476 360 318 308
518 307 476 360 318 308 306
518 476 360 318 308 306 307
518 360 318 308 306 307 476
518 318 308 306 307 476 360
518 308 306 307 476 360 318
519 311 310 477 361 319 309
519 310 477 361 319 309 311
519 477 361 319 309 311 310
519 361 319 309 311 310 477
519 319 309 311 310 477 361
519 309 311 310 477 361 319
520 312 313 478 362 320 314
520 313 478 362 320 314 312
520 478 362 320 314 312 313
520 362 320 314 312 313 478
520 320 314 312 313 478 362
520 314 312 313 478 362 320
521 317 316 479 363 321 315
521 316 479 363 321 315 317
521 479 363 321 315 317 316
521 363 321 315 317 316 479
521 321 315 317 316 479 363
521 315 317 316 479 363 321
522 325 324 480 364 322 328
522 324 480 364 322 328 325
522 480 364 322 328 325 324
522 364 322 328 325 324 480
522 322 328 325 324 480 364
522 328 325 324 480 364 322
523 327 326 481 365 323 329
523 326 481 365 323 329 327
523 481 365 323 329 327 326
523 365 323 329 327 326 481
523 323 329 327 326 481 365
523 329 327 326 481 365 323
524 330 331 482 366 342 332
524 331 482 366 342 332 330
524 482 366 342 332 330 331
524 366 342 332 330 331 482
524 342 332 330 331 482 366
524 332 330 331 482 366 342
525 335 334 483 367 343 333
525 334 483 367 343 333 335
525 483 367 343 333 335 334
525 367 343 333 335 334 483
525 343 333 335 334 483 367
525 333 335 334 483 367 343
526 336 337 484 368 344 338
526 337 484 368 344 338 336
526 484 368 344 338 336 337
526 368 344 338 336 337 484
526 344 338 336 337 484 368
526 338 336 337 484 368 344
527 341 340 485 369 345 339
527 340 485 369 345 339 341
527 485 369 345 339 341 340
527 369 345 339 341 340 485
527 345 339 341 340 485 369
527 339 341 340 485 369 345
528 349 348 486 370 346 352
528 348 486 370 346 352 349
528 486 370 346 352 349 348
528 370 346 352 349 348 486
528 346 352 349 348 486 370
528 352 349 348 486 370 346
529 351 350 487 371 347 353
529 350 487 371 347 353 351
529 487 371 347 353 351 350
529 371 347 353 351 350 487
529 347 353 351 350 487 371
529 353 351 350 487 371 347
530 379 378 488 372 396 382
530 378 488 372 396 382 379
530 488 372 396 382 379 378
530 372 396 382 379 378 488
530 396 382 379 378 488 372
530 382 379 378 488 372 396
531 381 380 489 373 397 383
531 380 489 373 397 383 381
531 489 373 397 383 381 380
531 373 397 383 381 380 489
531 397 383 381 380 489 373
531 383 381 380 489 373 397
532 385 384 490 374 398 388
532 384 490 374 398 388 385
532 490 374 398 388 385 384
532 374 398 388 385 384 490
532 398 388 385 384 490 374
532 388 385 384 490 374 398
533 387 386 491 375 399 389
533 386 491 375 399 389 387
533 491 375 399 389 387 386
533 375 399 389 387 386 491
533 399 389 387 386 491 375
533 389 387 386 491 375 399
534 391 390 492 376 400 394
534 390 492 376 400 394 391
534 492 376 400 394 391 390
534 376 400 394 391 390 492
534 400 394 391 390 492 376
534 394 391 390 492 376 400
535 393 392 493 377 401 395
535 392 493 377 401 395 393
535 493 377 401 395 393 392
535 377 401 395 393 392 493
535 401 395 393 392 493 377
535 395 393 392 493 377 401
536 519 518 494 597 532 520
536 518 494 597 532 520 519
536 494 597 532 520 519 518
536 597 532 520 519 518 494
536 532 520 519 518 494 597
536 520 519 518 494 597 532
537 -1 521 495 598 533 524
538 523 522 496 599 534 525
538 522 496 599 534 525 523
538 496 599 534 525 523 522
538 599 534 525 523 522 496
538 534 525 523 522 496 599
538 525 523 522 496 599 534
539 527 526 497 600 535 530
539 526 497 600 535 530 527
539 497 600 535 530 527 526
539 600 535 530 527 526 497
539 535 530 527 526 497 600
539 530 527 526 497 600 535
540 529 528 498 601 536 531
540 528 498 601 536 531 529
540 498 601 536 531 529 528
540 601 536 531 529 528 498
540 536 531 529 528 498 601
540 531 529 528 498 601 536
541 540 539 500 603 554 541
541 539 500 603 554 541 540
541 500 603 554 541 540 539
541 603 554 541 540 539 500
541 554 541 540 539 500 603
541 541 540 539 500 603 554
542 -1 546 543 542 501 604
543 -1 547 545 544 502 605
544 -1 552 549 548 503 606
545 -1 553 551 550 504 607
546 -1 559 557 556 506 609
547 562 561 508 611 570 563
547 561 508 611 570 563 562
547 508 611 570 563 562 561
547 611 570 563 562 561 508
547 570 563 562 561 508 611
547 563 562 561 508 611 570
548 565 564 509 612 571 568
548 564 509 612 571 568 565
548 509 612 571 568 565 564
548 612 571 568 565 564 509
548 571 568 565 564 509 612
548 568 565 564 509 612 571
549 567 566 510 613 572 569
549 566 510 613 572 569 567
549 510 613 572 569 567 566
549 613 572 569 567 566 510
549 572 569 567 566 510 613
549 569 567 566 510 613 572
550 574 573 511 614 591 577
550 573 511 614 591 577 574
550 511 614 591 577 574 573
550 614 591 577 574 573 511
550 591 577 574 573 511 614
550 577 574 573 511 614 591
551 576 575 512 615 592 578
551 575 512 615 592 578 576
551 512 615 592 578 576 575
551 615 592 578 576 575 512
551 592 578 576 575 512 615
551 578 576 575 512 615 592
552 580 579 513 616 593 583
552 579 513 616 593 583 580
552 513 616 593 583 580 579
552 616 593 583 580 579 513
552 593 583 580 579 513 616
552 583 580 579 513 616 593
553 582 581 514 617 594 584
553 581 514 617 594 584 582
553 514 617 594 584 582 581
553 617 594 584 582 581 514
553 594 584 582 581 514 617
553 584 582 581 514 617 594
554 586 585 515 618 595 589
554 585 515 618 595 589 586
554 515 618 595 589 586 585
554 618 595 589 586 585 515
554 595 589 586 585 515 618
554 589 586 585 515 618 595
555 588 587 516 619 596 590
555 587 516 619 596 590 588
555 516 619 596 590 588 587
555 619 596 590 588 587 516
555 596 590 588 587 516 619
555 590 588 587 516 619 596
556 1 0 517 81 12 2
556 0 517 81 12 2 1
556 517 81 12 2 1 0
556 81 12 2 1 0 517
556 12 2 1 0 517 81
556 2 1 0 517 81 12
557 4 3 518 82 13 7
557 3 518 82 13 7 4
557 518 82 13 7 4 3
557 82 13 7 4 3 518
557 13 7 4 3 518 82
557 7 4 3 518 82 13
558 6 5 519 83 14 8
558 5 519 83 14 8 6
558 519 83 14 8 6 5
558 83 14 8 6 5 519
558 14 8 6 5 519 83
558 8 6 5 519 83 14
559 10 9 520 85 16 11
559 9 520 85 16 11 10
559 520 85 16 11 10 9
559 85 16 11 10 9 520
559 16 11 10 9 520 85
559 11 10 9 520 85 16
560 18 17 521 86 32 19
560 17 521 86 32 19 18
560 521 86 32 19 18 17
560 86 32 19 18 17 521
560 32 19 18 17 521 86
560 19 18 17 521 86 32
561 21 20 522 87 33 24
561 20 522 87 33 24 21
561 522 87 33 24 21 20
561 87 33 24 21 20 522
561 33 24 21 20 522 87
561 24 21 20 522 87 33
562 23 22 523 88 34 25
562 22 523 88 34 25 23
562 523 88 34 25 23 22
562 88 34 25 23 22 523
562 34 25 23 22 523 88
562 25 23 22 523 88 34
563 27 26 524 89 35 30
563 26 524 89 35 30 27
563 524 89 35 30 27 26
563 89 35 30 27 26 524
563 35 30 27 26 524 89
563 30 27 26 524 89 35
564 29 28 525 90 36 31
564 28 525 90 36 31 29
564 525 90 36 31 29 28
564 90 36 31 29 28 525
564 36 31 29 28 525 90
564 31 29 28 525 90 36
565 38 37 526 91 55 41
565 37 526 91 55 41 38
565 526 91 55 41 38 37
565 91 55 41 38 37 526
565 55 41 38 37 526 91
565 41 38 37 526 91 55
566 40 39 527 92 56 42
566 39 527 92 56 42 40
566 527 92 56 42 40 39
566 92 56 42 40 39 527
566 56 42 40 39 527 92
566 42 40 39 527 92 56
567 44 43 528 93 57 47
567 43 528 93 57 47 44
567 528 93 57 47 44 43
567 93 57 47 44 43 528
567 57 47 44 43 528 93
567 47 44 43 528 93 57
568 46 45 529 94 58 48
568 45 529 94 58 48 46
568 529 94 58 48 46 45
568 94 58 48 46 45 529
568 58 48 46 45 529 94
568 48 46 45 529 94 58
569 50 49 530 95 59 53
569 49 530 95 59 53 50
569 530 95 59 53 50 49
569 95 59 53 50 49 530
569 59 53 50 49 530 95
569 53 50 49 530 95 59
570 52 51 531 96 60 54
570 51 531 96 60 54 52
570 531 96 60 54 52 51
570 96 60 54 52 51 531
570 60 54 52 51 531 96
570 54 52 51 531 96 60
571 62 61 532 97 76 63
571 61 532 97 76 63 62
571 532 97 76 63 62 61
571 97 76 63 62 61 532
571 76 63 62 61 532 97
571 63 62 61 532 97 76
572 65 64 533 98 77 68
572 64 533 98 77 68 65
572 533 98 77 68 65 64
572 98 77 68 65 64 533
572 77 68 65 64 533 98
572 68 65 64 533 98 77
573 67 66 534 99 78 69
573 66 534 99 78 69 67
573 534 99 78 69 67 66
573 99 78 69 67 66 534
573 78 69 67 66 534 99
573 69 67 66 534 99 78
574 71 70 535 100 79 74
574 70 535 100 79 74 71
574 535 100 79 74 71 70
574 100 79 74 71 70 535
574 79 74 71 70 535 100
574 74 71 70 535 100 79
575 73 72 536 101 80 75
575 72 536 101 80 75 73
575 536 101 80 75 73 72
575 101 80 75 73 72 536
575 80 75 73 72 536 101
575 75 73 72 536 101 80
576 103 102 537 176 117 106
576 102 537 176 117 106 103
576 537 176 117 106 103 102
576 176 117 106 103 102 537
576 117 106 103 102 537 176
576 106 103 102 537 176 117
577 105 104 538 177 118 107
577 104 538 177 118 107 105
577 538 177 118 107 105 104
577 177 118 107 105 104 538
577 118 107 105 104 538 177
577 107 105 104 538 177 118
578 109 108 539 178 119 112
578 108 539 178 119 112 109
578 539 178 119 112 109 108
578 178 119 112 109 108 539
578 119 112 109 108 539 178
578 112 109 108 539 178 119
579 111 110 540 179 120 113
579 110 540 179 120 113 111
579 540 179 120 113 111 110
579 179 120 113 111 110 540
579 120 113 111 110 540 179
579 113 111 110 540 179 120
580 115 114 541 180 121 116
580 114 541 180 121 116 115
580 541 180 121 116 115 114
580 180 121 116 115 114 541
580 121 116 115 114 541 180
580 116 115 114 541 180 121
581 123 122 542 181 140 126
581 122 542 181 140 126 123
581 542 181 140 126 123 122
581 181 140 126 123 122 542
581 140 126 123 122 542 181
581 126 123 122 542 181 140
582 125 124 543 182 141 127
582 124 543 182 141 127 125
582 543 182 141 127 125 124
582 182 141 127 125 124 543
582 141 127 125 124 543 182
582 127 125 124 543 182 141
583 129 128 544 183 142 132
583 128 544 183 142 132 129
583 544 183 142 132 129 128
583 183 142 132 129 128 544
583 142 132 129 128 544 183
583 132 129 128 544 183 142
584 131 130 545 184 143 133
584 130 545 184 143 133 131
584 545 184 143 133 131 130
584 184 143 133 131 130 545
584 143 133 131 130 545 184
584 133 131 130 545 184 143
585 135 134 546 185 144 138
585 134 546 185 144 138 135
585 546 185 144 138 135 134
585 185 144 138 135 134 546
585 144 138 135 134 546 185
585 138 135 134 546 185 144
586 137 136 547 186 145 139
586 136 547 186 145 139 137
586 547 186 145 139 137 136
586 186 145 139 137 136 547
586 145 139 137 136 547 186
586 139 137 136 547 186 145
587 147 146 548 187 164 150
587 146 548 187 164 150 147
587 548 187 164 150 147 146
587 187 164 150 147 146 548
587 164 150 147 146 548 187
587 150 147 146 548 187 164
588 149 148 549 188 165 151
588 148 549 188 165 151 149
588 549 188 165 151 149 148
588 188 165 151 149 148 549
588 165 151 149 148 549 188
588 151 149 148 549 188 165
589 153 152 550 189 166 156
589 152 550 189 166 156 153
589 550 189 166 156 153 152
589 189 166 156 153 152 550
589 166 156 153 152 550 189
589 156 153 152 550 189 166
590 155 154 551 190 167 157
590 154 551 190 167 157 155
590 551 190 167 157 155 154
590 190 167 157 155 154 551
590 167 157 155 154 551 190
590 157 155 154 551 190 167
591 159 158 552 191 168 162
591 158 552 191 168 162 159
591 552 191 168 162 159 158
591 191 168 162 159 158 552
591 168 162 159 158 552 191
591 162 159 158 552 191 168
592 161 160 553 192 169 163
592 160 553 192 169 163 161
592 553 192 169 163 161 160
592 192 169 163 161 160 553
592 169 163 161 160 553 192
592 163 161 160 553 192 169
593 171 170 554 193 175 172
593 170 554 193 175 172 171
593 554 193 175 172 171 170
593 193 175 172 171 170 554
593 175 172 171 170 554 193
593 172 171 170 554 193 175
594 195 194 555 265 209 196
594 194 555 265 209 196 195
594 555 265 209 196 195 194
594 265 209 196 195 194 555
594 209 196 195 194 555 265
594 196 195 194 555 265 209
595 198 197 556 266 210 201
595 197 556 266 210 201 198
595 556 266 210 201 198 197
595 266 210 201 198 197 556
595 210 201 198 197 556 266
595 201 198 197 556 266 210
596 200 199 557 267 211 202
596 199 557 267 211 202 200
596 557 267 211 202 200 199
596 267 211 202 200 199 557
596 211 202 200 199 557 267
596 202 200 199 557 267 211
597 204 203 558 268 212 207
597 203 558 268 212 207 204
597 558 268 212 207 204 203
597 268 212 207 204 203 558
597 212 207 204 203 558 268
597 207 204 203 558 268 212
598 206 205 559 269 213 208
598 205 559 269 213 208 206
598 559 269 213 208 206 205
598 269 213 208 206 205 559
598 213 208 206 205 559 269
598 208 206 205 559 269 213
599 215 214 560 270 225 216
599 214 560 270 225 216 215
599 560 270 225 216 215 214
599 270 225 216 215 214 560
599 225 216 215 214 560 270
599 216 215 214 560 270 225
600 218 217 561 271 226 221
600 217 561 271 226 221 218
600 561 271 226 221 218 217
600 271 226 221 218 217 561
600 226 221 218 217 561 271
600 221 218 217 561 271 226
601 220 219 562 272 227 222
601 219 562 272 227 222 220
601 562 272 227 222 220 219
601 272 227 222 220 219 562
601 227 222 220 219 562 272
601 222 220 219 562 272 227
602 230 229 564 273 247 233
602 229 564 273 247 233 230
602 564 273 247 233 230 229
602 273 247 233 230 229 564
602 247 233 230 229 564 273
602 233 230 229 564 273 247
603 232 231 565 274 248 234
603 231 565 274 248 234 232
603 565 274 248 234 232 231
603 274 248 234 232 231 565
603 248 234 232 231 565 274
603 234 232 231 565 274 248
604 236 235 566 275 249 239
604 235 566 275 249 239 236
604 566 275 249 239 236 235
604 275 249 239 236 235 566
604 249 239 236 235 566 275
604 239 236 235 566 275 249
605 238 237 567 276 250 240
605 237 567 276 250 240 238
605 567 276 250 240 238 237
605 276 250 240 238 237 567
605 250 240 238 237 567 276
605 240 238 237 567 276 250
606 242 241 568 277 251 245
606 241 568 277 251 245 242
606 568 277 251 245 242 241
606 277 251 245 242 241 568
606 251 245 242 241 568 277
606 245 242 241 568 277 251
607 244 243 569 278 252 246
607 243 569 278 252 246 244
607 569 278 252 246 244 243
607 278 252 246 244 243 569
607 252 246 244 243 569 278
607 246 244 243 569 278 252
608 254 253 570 279 262 255
608 253 570 279 262 255 254
608 570 279 262 255 254 253
608 279 262 255 254 253 570
608 262 255 254 253 570 279
608 255 254 253 570 279 262
609 257 256 571 280 263 260
609 256 571 280 263 260 257
609 571 280 263 260 257 256
609 280 263 260 257 256 571
609 263 260 257 256 571 280
609 260 257 256 571 280 263
610 259 258 572 281 264 261
610 258 572 281 264 261 259
610 572 281 264 261 259 258
610 281 264 261 259 258 572
610 264 261 259 258 572 281
610 261 259 258 572 281 264
611 283 282 573 378 300 286
611 282 573 378 300 286 283
611 573 378 300 286 283 282
611 378 300 286 283 282 573
611 300 286 283 282 573 378
611 286 283 282 573 378 300
612 285 284 574 379 301 287
612 284 574 379 301 287 285
612 574 379 301 287 285 284
612 379 301 287 285 284 574
612 301 287 285 284 574 379
612 287 285 284 574 379 301
613 289 288 575 380 302 292
613 288 575 380 302 292 289
613 575 380 302 292 289 288
613 380 302 292 289 288 575
613 302 292 289 288 575 380
613 292 289 288 575 380 302
614 291 290 576 381 303 293
614 290 576 381 303 293 291
614 576 381 303 293 291 290
614 381 303 293 291 290 576
614 303 293 291 290 576 381
614 293 291 290 576 381 303
615 295 294 577 382 304 298
615 294 577 382 304 298 295
615 577 382 304 298 295 294
615 382 304 298 295 294 577
615 304 298 295 294 577 382
615 298 295 294 577 382 304
616 297 296 578 383 305 299
616 296 578 383 305 299 297
616 578 383 305 299 297 296
616 383 305 299 297 296 578
616 305 299 297 296 578 383
616 299 297 296 578 383 305
617 307 306 579 384 324 310
617 306 579 384 324 310 307
617 579 384 324 310 307 306
617 384 324 310 307 306 579
617 324 310 307 306 579 384
617 310 307 306 579 384 324
618 309 308 580 385 325 311
618 308 580 385 325 311 309
618 580 385 325 311 309 308
618 385 325 311 309 308 580
618 325 311 309 308 580 385
618 311 309 308 580 385 325
619 313 312 581 386 326 316
619 312 581 386 326 316 313
619 581 386 326 316 313 312
619 386 326 316 313 312 581
619 326 316 313 312 581 386
619 316 313 312 581 386 326
620 315 314 582 387 327 317
620 314 582 387 327 317 315
620 582 387 327 317 315 314
620 387 327 317 315 314 582
620 327 317 315 314 582 387
620 317 315 314 582 387 327
621 319 318 583 388 328 322
621 318 583 388 328 322 319
621 583 388 328 322 319 318
621 388 328 322 319 318 583
621 328 322 319 318 583 388
621 322 319 318 583 388 328
622 321 320 584 389 329 323
622 320 584 389 329 323 321
622 584 389 329 323 321 320
622 389 329 323 321 320 584
622 329 323 321 320 584 389
622 323 321 320 584 389 329
623 331 330 585 390 348 334
623 330 585 390 348 334 331
623 585 390 348 334 331 330
623 390 348 334 331 330 585
623 348 334 331 330 585 390
623 334 331 330 585 390 348
624 333 332 586 391 349 335
624 332 586 391 349 335 333
624 586 391 349 335 333 332
624 391 349 335 333 332 586
624 349 335 333 332 586 391
624 335 333 332 586 391 349
625 337 336 587 392 350 340
625 336 587 392 350 340 337
625 587 392 350 340 337 336
625 392 350 340 337 336 587
625 350 340 337 336 587 392
625 340 337 336 587 392 350
626 339 338 588 393 351 341
626 338 588 393 351 341 339
626 588 393 351 341 339 338
626 393 351 341 339 338 588
626 351 341 339 338 588 393
626 341 339 338 588 393 351
627 343 342 589 394 352 346
627 342 589 394 352 346 343
627 589 394 352 346 343 342
627 394 352 346 343 342 589
627 352 346 343 342 589 394
627 346 343 342 589 394 352
628 345 344 590 395 353 347
628 344 590 395 353 347 345
628 590 395 353 347 345 344
628 395 353 347 345 344 590
628 353 347 345 344 590 395
628 347 345 344 590 395 353
629 355 354 591 396 372 358
629 354 591 396 372 358 355
629 591 396 372 358 355 354
629 396 372 358 355 354 591
629 372 358 355 354 591 396
629 358 355 354 591 396 372
630 357 356 592 397 373 359
630 356 592 397 373 359 357
630 592 397 373 359 357 356
630 397 373 359 357 356 592
630 373 359 357 356 592 397
630 359 357 356 592 397 373
631 361 360 593 398 374 364
631 360 593 398 374 364 361
631 593 398 374 364 361 360
631 398 374 364 361 360 593
631 374 364 361 360 593 398
631 364 361 360 593 398 374
632 363 362 594 399 375 365
632 362 594 399 375 365 363
632 594 399 375 365 363 362
632 399 375 365 363 362 594
632 375 365 363 362 594 399
632 365 363 362 594 399 375
633 367 366 595 400 376 370
633 366 595 400 376 370 367
633 595 400 376 370 367 366
633 400 376 370 367 366 595
633 376 370 367 366 595 400
633 370 367 366 595 400 376
634 369 368 596 401 377 371
634 368 596 401 377 371 369
634 596 401 377 371 369 368
634 401 377 371 369 368 596
634 377 371 369 368 596 401
634 371 369 368 596 401 377
635 403 402 597 494 417 404
635 402 597 494 417 404 403
635 597 494 417 404 403 402
635 494 417 404 403 402 597
635 417 404 403 402 597 494
635 404 403 402 597 494 417
636 406 405 598 495 418 409
636 405 598 495 418 409 406
636 598 495 418 409 406 405
636 495 418 409 406 405 598
636 418 409 406 405 598 495
636 409 406 405 598 495 418
637 408 407 599 496 419 410
637 407 599 496 419 410 408
637 599 496 419 410 408 407
637 496 419 410 408 407 599
637 419 410 408 407 599 496
637 410 408 407 599 496 419
638 412 411 600 497 420 415
638 411 600 497 420 415 412
638 600 497 420 415 412 411
638 497 420 415 412 411 600
638 420 415 412 411 600 497
638 415 412 411 600 497 420
639 414 413 601 498 421 416
639 413 601 498 421 416 414
639 601 498 421 416 414 413
639 498 421 416 414 413 601
639 421 416 414 413 601 498
639 416 414 413 601 498 421
640 423 422 602 499 440 426
640 422 602 499 440 426 423
640 602 499 440 426 423 422
640 499 440 426 423 422 602
640 440 426 423 422 602 499
640 426 423 422 602 499 440
641 425 424 603 500 441 427
641 424 603 500 441 427 425
641 603 500 441 427 425 424
641 500 441 427 425 424 603
641 441 427 425 424 603 500
641 427 425 424 603 500 441
642 429 428 604 501 442 432
642 428 604 501 442 432 429
642 604 501 442 432 429 428
642 501 442 432 429 428 604
642 442 432 429 428 604 501
642 432 429 428 604 501 442
643 431 430 605 502 443 433
643 430 605 502 443 433 431
643 605 502 443 433 431 430
643 502 443 433 431 430 605
643 443 433 431 430 605 502
643 433 431 430 605 502 443
644 435 434 606 503 444 438
644 434 606 503 444 438 435
644 606 503 444 438 435 434
644 503 444 438 435 434 606
644 444 438 435 434 606 503
644 438 435 434 606 503 444
645 437 436 607 504 445 439
645 436 607 504 445 439 437
645 607 504 445 439 437 436
645 504 445 439 437 436 607
645 445 439 437 436 607 504
645 439 437 436 607 504 445
646 447 446 608 505 464 450
646 446 608 505 464 450 447
646 608 505 464 450 447 446
646 505 464 450 447 446 608
646 464 450 447 446 608 505
646 450 447 446 608 505 464
647 449 448 609 506 465 451
647 448 609 506 465 451 449
647 609 506 465 451 449 448
647 506 465 451 449 448 609
647 465 451 449 448 609 506
647 451 449 448 609 506 465
648 453 452 610 507 466 456
648 452 610 507 466 456 453
648 610 507 466 456 453 452
648 507 466 456 453 452 610
648 466 456 453 452 610 507
648 456 453 452 610 507 466
649 455 454 611 508 467 457
649 454 611 508 467 457 455
649 611 508 467 457 455 454
649 508 467 457 455 454 611
649 467 457 455 454 611 508
649 457 455 454 611 508 467
650 459 458 612 509 468 462
650 458 612 509 468 462 459
650 612 509 468 462 459 458
650 509 468 462 459 458 612
650 468 462 459 458 612 509
650 462 459 458 612 509 468
651 461 460 613 510 469 463
651 460 613 510 469 463 461
651 613 510 469 463 461 460
651 510 469 463 461 460 613
651 469 463 461 460 613 510
651 463 461 460 613 510 469
652 471 470 614 511 488 474
652 470 614 511 488 474 471
652 614 511 488 474 471 470
652 511 488 474 471 470 614
652 488 474 471 470 614 511
652 474 471 470 614 511 488
653 473 472 615 512 489 475
653 472 615 512 489 475 473
653 615 512 489 475 473 472
653 512 489 475 473 472 615
653 489 475 473 472 615 512
653 475 473 472 615 512 489
654 477 476 616 513 490 480
654 476 616 513 490 480 477
654 616 513 490 480 477 476
654 513 490 480 477 476 616
654 490 480 477 476 616 513
654 480 477 476 616 513 490
655 479 478 617 514 491 481
655 478 617 514 491 481 479
655 617 514 491 481 479 478
655 514 491 481 479 478 617
655 491 481 479 478 617 514
655 481 479 478 617 514 491
656 483 482 618 515 492 486
656 482 618 515 492 486 483
656 618 515 492 486 483 482
656 515 492 486 483 482 618
656 492 486 483 482 618 515
656 486 483 482 618 515 492
657 485 484 619 516 493 487
657 484 619 516 493 487 485
657 619 516 493 487 485 484
657 516 493 487 485 484 619
657 493 487 485 484 619 516
657 487 485 484 619 516 493
