620 3224 654 5
0 -1 125 292 511 580 318
1 319 0 131 316 615 474
1 0 131 316 615 474 319
1 131 316 615 474 319 0
1 316 615 474 319 0 131
1 615 474 319 0 131 316
1 474 319 0 131 316 615
2 516 1 138 361 288 494
2 1 138 361 288 494 516
2 138 361 288 494 516 1
2 361 288 494 516 1 138
2 288 494 516 1 138 361
2 494 516 1 138 361 288
3 406 2 140 367 312 598
3 2 140 367 312 598 406
3 140 367 312 598 406 2
3 367 312 598 406 2 140
3 312 598 406 2 140 367
3 598 406 2 140 367 312
4 517 3 144 382 468 294
4 3 144 382 468 294 517
4 144 382 468 294 517 3
4 382 468 294 517 3 144
4 468 294 517 3 144 382
4 294 517 3 144 382 468
5 198 4 146 387 505 556
5 4 146 387 505 556 198
5 146 387 505 556 198 4
5 387 505 556 198 4 146
5 505 556 198 4 146 387
5 556 198 4 146 387 505
6 407 5 149 399 574 270
6 5 149 399 574 270 407
6 149 399 574 270 407 5
6 399 574 270 407 5 149
6 574 270 407 5 149 399
6 270 407 5 149 399 574
7 199 6 151 404 609 450
7 6 151 404 609 450 199
7 151 404 609 450 199 6
7 404 609 450 199 6 151
7 609 450 199 6 151 404
7 450 199 6 151 404 609
8 518 7 167 487 363 295
8 7 167 487 363 295 518
8 167 487 363 295 518 7
8 487 363 295 518 7 167
8 363 295 518 7 167 487
8 295 518 7 167 487 363
9 200 8 169 492 395 557
9 8 169 492 395 557 200
9 169 492 395 557 200 8
9 492 395 557 200 8 169
9 395 557 200 8 169 492
9 557 200 8 169 492 395
10 201 9 175 514 587 345
10 9 175 514 587 345 201
10 175 514 587 345 201 9
10 514 587 345 201 9 175
10 587 345 201 9 175 514
10 345 201 9 175 514 587
11 320 10 186 578 282 475
11 10 186 578 282 475 320
11 186 578 282 475 320 10
11 578 282 475 320 10 186
11 282 475 320 10 186 578
11 475 320 10 186 578 282
12 408 11 189 591 357 271
12 11 189 591 357 271 408
12 189 591 357 271 408 11
12 591 357 271 408 11 189
12 357 271 408 11 189 591
12 271 408 11 189 591 357
13 202 12 191 596 378 451
13 12 191 596 378 451 202
13 191 596 378 451 202 12
13 596 378 451 202 12 191
13 378 451 202 12 191 596
13 451 202 12 191 596 378
14 203 13 197 618 483 346
14 13 197 618 483 346 203
14 197 618 483 346 203 13
14 618 483 346 203 13 197
14 483 346 203 13 197 618
14 346 203 13 197 618 483
15 519 14 231 145 385 495
15 14 231 145 385 495 519
15 231 145 385 495 519 14
15 145 385 495 519 14 231
15 385 495 519 14 231 145
15 495 519 14 231 145 385
16 409 15 233 150 402 599
16 15 233 150 402 599 409
16 233 150 402 599 409 15
16 150 402 599 409 15 233
16 402 599 409 15 233 150
16 599 409 15 233 150 402
17 -1 239 174 512 581 321
18 410 16 243 190 594 371
18 16 243 190 594 371 410
18 243 190 594 371 410 16
18 190 594 371 410 16 243
18 594 371 410 16 243 190
18 371 410 16 243 190 594
19 -1 245 196 616 476 322
20 -1 170 496 520 17 255
21 -1 192 600 411 18 257
22 -1 444 176 521 19 261
23 -1 499 533 87 20 263
24 -1 550 152 412 21 267
25 -1 603 426 88 22 269
26 -1 281 448 187 582 323
27 -1 291 503 545 132 324
28 413 23 303 548 141 372
28 23 303 548 141 372 413
28 303 548 141 372 413 23
28 548 141 372 413 23 303
28 141 372 413 23 303 548
28 372 413 23 303 548 141
29 -1 305 554 164 477 325
30 -1 315 607 438 133 326
31 522 26 335 124 289 497
31 26 335 124 289 497 522
31 335 124 289 497 522 26
31 124 289 497 522 26 335
31 289 497 522 26 335 124
31 497 522 26 335 124 289
32 415 27 337 130 313 601
32 27 337 130 313 601 415
32 337 130 313 601 415 27
32 130 313 601 415 27 337
32 313 601 415 27 337 130
32 601 415 27 337 130 313
33 523 28 339 162 469 296
33 28 339 162 469 296 523
33 339 162 469 296 523 28
33 162 469 296 523 28 339
33 469 296 523 28 339 162
33 296 523 28 339 162 469
34 204 29 340 172 506 558
34 29 340 172 506 558 204
34 340 172 506 558 204 29
34 172 506 558 204 29 340
34 506 558 204 29 340 172
34 558 204 29 340 172 506
35 416 30 343 185 575 272
35 30 343 185 575 272 416
35 343 185 575 272 416 30
35 185 575 272 416 30 343
35 575 272 416 30 343 185
35 272 416 30 343 185 575
36 205 31 344 194 610 452
36 31 344 194 610 452 205
36 344 194 610 452 205 31
36 194 610 452 205 31 344
36 610 452 205 31 344 194
36 452 205 31 344 194 610
37 524 32 354 238 171 498
37 32 354 238 171 498 524
37 354 238 171 498 524 32
37 238 171 498 524 32 354
37 171 498 524 32 354 238
37 498 524 32 354 238 171
38 417 33 356 244 193 602
38 33 356 244 193 602 417
38 356 244 193 602 417 33
38 244 193 602 417 33 356
38 193 602 417 33 356 244
38 602 417 33 356 244 193
39 525 34 360 280 445 177
39 34 360 280 445 177 525
39 360 280 445 177 525 34
39 280 445 177 525 34 360
39 445 177 525 34 360 280
39 177 525 34 360 280 445
40 91 35 362 290 500 535
40 35 362 290 500 535 91
40 362 290 500 535 91 35
40 290 500 535 91 35 362
40 500 535 91 35 362 290
40 535 91 35 362 290 500
41 418 36 366 304 551 154
41 36 366 304 551 154 418
41 366 304 551 154 418 36
41 304 551 154 418 36 366
41 551 154 418 36 366 304
41 154 418 36 366 304 551
42 92 37 368 314 604 428
42 37 368 314 604 428 92
42 368 314 604 428 92 37
42 314 604 428 92 37 368
42 604 428 92 37 368 314
42 428 92 37 368 314 604
43 526 38 376 436 126 297
43 38 376 436 126 297 526
43 376 436 126 297 526 38
43 436 126 297 526 38 376
43 126 297 526 38 376 436
43 297 526 38 376 436 126
44 206 39 377 446 181 559
44 39 377 446 181 559 206
44 377 446 181 559 206 39
44 446 181 559 206 39 377
44 181 559 206 39 377 446
44 559 206 39 377 446 181
45 527 40 381 460 240 178
45 40 381 460 240 178 527
45 381 460 240 178 527 40
45 460 240 178 527 40 381
45 240 178 527 40 381 460
45 178 527 40 381 460 240
46 93 41 383 470 300 536
46 41 383 470 300 536 93
46 383 470 300 536 93 41
46 470 300 536 93 41 383
46 300 536 93 41 383 470
46 536 93 41 383 470 300
47 207 42 386 501 539 108
47 42 386 501 539 108 207
47 386 501 539 108 207 42
47 501 539 108 207 42 386
47 539 108 207 42 386 501
47 108 207 42 386 501 539
48 94 43 388 507 562 222
48 43 388 507 562 222 94
48 388 507 562 222 94 43
48 507 562 222 94 43 388
48 562 222 94 43 388 507
48 222 94 43 388 507 562
49 419 44 393 543 120 273
49 44 393 543 120 273 419
49 393 543 120 273 419 44
49 543 120 273 419 44 393
49 120 273 419 44 393 543
49 273 419 44 393 543 120
50 208 45 394 552 158 453
50 45 394 552 158 453 208
50 394 552 158 453 208 45
50 552 158 453 208 45 394
50 158 453 208 45 394 552
50 453 208 45 394 552 158
51 420 46 398 566 234 155
51 46 398 566 234 155 420
51 398 566 234 155 420 46
51 566 234 155 420 46 398
51 234 155 420 46 398 566
51 155 420 46 398 566 234
52 95 47 400 576 276 429
52 47 400 576 276 429 95
52 400 576 276 429 95 47
52 576 276 429 95 47 400
52 276 429 95 47 400 576
52 429 95 47 400 576 276
53 209 48 403 605 432 109
53 48 403 605 432 109 209
53 403 605 432 109 209 48
53 605 432 109 209 48 403
53 432 109 209 48 403 605
53 109 209 48 403 605 432
54 96 49 405 611 456 223
54 49 405 611 456 223 96
54 405 611 456 223 96 49
54 611 456 223 96 49 405
54 456 223 96 49 405 611
54 223 96 49 405 611 456
55 528 50 441 139 364 298
55 50 441 139 364 298 528
55 441 139 364 298 528 50
55 139 364 298 528 50 441
55 364 298 528 50 441 139
55 298 528 50 441 139 364
56 210 51 443 148 396 560
56 51 443 148 396 560 210
56 443 148 396 560 210 51
56 148 396 560 210 51 443
56 396 560 210 51 443 148
56 560 210 51 443 148 396
57 211 52 449 188 588 347
57 52 449 188 588 347 211
57 449 188 588 347 211 52
57 188 588 347 211 52 449
57 588 347 211 52 449 188
57 347 211 52 449 188 588
58 530 55 465 256 341 179
58 55 465 256 341 179 530
58 465 256 341 179 530 55
58 256 341 179 530 55 465
58 341 179 530 55 465 256
58 179 530 55 465 256 341
59 -1 537 97 56 467 266
60 531 59 481 336 127 299
60 59 481 336 127 299 531
60 481 336 127 299 531 59
60 336 127 299 531 59 481
60 127 299 531 59 481 336
60 299 531 59 481 336 127
61 212 60 482 342 182 561
61 60 482 342 182 561 212
61 482 342 182 561 212 60
61 342 182 561 212 60 482
61 182 561 212 60 482 342
61 561 212 60 482 342 182
62 532 61 486 355 241 180
62 61 486 355 241 180 532
62 486 355 241 180 532 61
62 355 241 180 532 61 486
62 241 180 532 61 486 355
62 180 532 61 486 355 241
63 99 62 488 365 301 538
63 62 488 365 301 538 99
63 488 365 301 538 99 62
63 365 301 538 99 62 488
63 301 538 99 62 488 365
63 538 99 62 488 365 301
64 213 63 491 392 540 110
64 63 491 392 540 110 213
64 491 392 540 110 213 63
64 392 540 110 213 63 491
64 540 110 213 63 491 392
64 110 213 63 491 392 540
65 100 64 493 397 563 224
65 64 493 397 563 224 100
65 493 397 563 224 100 64
65 397 563 224 100 64 493
65 563 224 100 64 493 397
65 224 100 64 493 397 563
66 214 65 504 546 135 348
66 65 504 546 135 348 214
66 504 546 135 348 214 65
66 546 135 348 214 65 504
66 135 348 214 65 504 546
66 348 214 65 504 546 135
67 -1 101 67 510 570 252
68 215 68 513 584 332 111
68 68 513 584 332 111 215
68 513 584 332 111 215 68
68 584 332 111 215 68 513
68 332 111 215 68 513 584
68 111 215 68 513 584 332
69 102 69 515 589 351 225
69 69 515 589 351 225 102
69 515 589 351 225 102 69
69 589 351 225 102 69 515
69 351 225 102 69 515 589
69 225 102 69 515 589 351
70 -1 544 122 283 478 327
71 421 70 547 137 358 274
71 70 547 137 358 274 421
71 547 137 358 274 421 70
71 137 358 274 421 70 547
71 358 274 421 70 547 137
71 274 421 70 547 137 358
72 216 71 549 143 379 454
72 71 549 143 379 454 216
72 549 143 379 454 216 71
72 143 379 454 216 71 549
72 379 454 216 71 549 143
72 454 216 71 549 143 379
73 217 72 555 166 484 349
73 72 555 166 484 349 217
73 555 166 484 349 217 72
73 166 484 349 217 72 555
73 484 349 217 72 555 166
73 349 217 72 555 166 484
74 422 73 565 230 142 374
74 73 565 230 142 374 422
74 565 230 142 374 422 73
74 230 142 374 422 73 565
74 142 374 422 73 565 230
74 374 422 73 565 230 142
75 -1 567 236 165 479 328
76 -1 156 423 74 571 254
77 -1 430 103 75 573 260
78 -1 577 278 439 134 329
79 424 76 585 334 121 275
79 76 585 334 121 275 424
79 585 334 121 275 424 76
79 334 121 275 424 76 585
79 121 275 424 76 585 334
79 275 424 76 585 334 121
80 218 77 586 338 159 455
80 77 586 338 159 455 218
80 586 338 159 455 218 77
80 338 159 455 218 77 586
80 159 455 218 77 586 338
80 455 218 77 586 338 159
81 425 78 590 353 235 157
81 78 590 353 235 157 425
81 590 353 235 157 425 78
81 353 235 157 425 78 590
81 235 157 425 78 590 353
81 157 425 78 590 353 235
82 104 79 592 359 277 431
82 79 592 359 277 431 104
82 592 359 277 431 104 79
82 359 277 431 104 79 592
82 277 431 104 79 592 359
82 431 104 79 592 359 277
83 219 80 595 375 433 112
83 80 595 375 433 112 219
83 595 375 433 112 219 80
83 375 433 112 219 80 595
83 433 112 219 80 595 375
83 112 219 80 595 375 433
84 105 81 597 380 457 226
84 81 597 380 457 226 105
84 597 380 457 226 105 81
84 380 457 226 105 81 597
84 457 226 105 81 597 380
84 226 105 81 597 380 457
85 220 82 608 440 136 350
85 82 608 440 136 350 220
85 608 440 136 350 220 82
85 440 136 350 220 82 608
85 136 350 220 82 608 440
85 350 220 82 608 440 136
86 106 84 614 464 253 331
86 84 614 464 253 331 106
86 614 464 253 331 106 84
86 464 253 331 106 84 614
86 253 331 106 84 614 464
86 331 106 84 614 464 253
87 221 85 617 480 333 113
87 85 617 480 333 113 221
87 617 480 333 113 221 85
87 480 333 113 221 85 617
87 333 113 221 85 617 480
87 113 221 85 617 480 333
88 107 86 619 485 352 227
88 86 619 485 352 227 107
88 619 485 352 227 107 86
88 485 352 227 107 86 619
88 352 227 107 86 619 485
88 227 107 86 619 485 352
89 -1 87 108 114 116 117
90 -1 88 109 115 118 119
91 -1 89 110 120 122 123
92 -1 90 112 126 128 129
93 -1 113 127 130 131 0
94 137 138 1 91 132 135
94 138 1 91 132 135 137
94 1 91 132 135 137 138
94 91 132 135 137 138 1
94 132 135 137 138 1 91
94 135 137 138 1 91 132
95 139 140 2 92 133 136
95 140 2 92 133 136 139
95 2 92 133 136 139 140
95 92 133 136 139 140 2
95 133 136 139 140 2 92
95 136 139 140 2 92 133
96 -1 141 143 144 3 93
97 -1 142 145 146 4 94
98 148 149 5 95 134 147
98 149 5 95 134 147 148
98 5 95 134 147 148 149
98 95 134 147 148 149 5
98 134 147 148 149 5 95
98 147 148 149 5 95 134
99 -1 97 152 158 160 161
100 -1 98 153 159 162 163
101 166 167 7 99 154 164
101 167 7 99 154 164 166
101 7 99 154 164 166 167
101 99 154 164 166 167 7
101 154 164 166 167 7 99
101 164 166 167 7 99 154
102 168 169 8 100 155 165
102 169 8 100 155 165 168
102 8 100 155 165 168 169
102 100 155 165 168 169 8
102 155 165 168 169 8 100
102 165 168 169 8 100 155
103 -1 101 156 170 172 173
104 174 175 9 102 157 171
104 175 9 102 157 171 174
104 9 102 157 171 174 175
104 102 157 171 174 175 9
104 157 171 174 175 9 102
104 171 174 175 9 102 157
105 -1 103 176 181 183 184
106 188 189 11 104 177 187
106 189 11 104 177 187 188
106 11 104 177 187 188 189
106 104 177 187 188 189 11
106 177 187 188 189 11 104
106 187 188 189 11 104 177
107 -1 190 191 12 105 178
108 -1 106 179 192 194 195
109 196 197 13 107 180 193
109 197 13 107 180 193 196
109 13 107 180 193 196 197
109 107 180 193 196 197 13
109 180 193 196 197 13 107
109 193 196 197 13 107 180
110 230 231 14 198 222 228
110 231 14 198 222 228 230
110 14 198 222 228 230 231
110 198 222 228 230 231 14
110 222 228 230 231 14 198
110 228 230 231 14 198 222
111 232 233 15 199 223 229
111 233 15 199 223 229 232
111 15 199 223 229 232 233
111 199 223 229 232 233 15
111 223 229 232 233 15 199
111 229 232 233 15 199 223
112 -1 200 224 234 236 237
113 -1 201 225 235 238 239
114 242 243 16 202 226 240
114 243 16 202 226 240 242
114 16 202 226 240 242 243
114 202 226 240 242 243 16
114 226 240 242 243 16 202
114 240 242 243 16 202 226
115 -1 203 227 241 244 245
116 254 255 17 204 246 252
116 255 17 204 246 252 254
116 17 204 246 252 254 255
116 204 246 252 254 255 17
116 246 252 254 255 17 204
116 252 254 255 17 204 246
117 256 257 18 205 247 253
117 257 18 205 247 253 256
117 18 205 247 253 256 257
117 205 247 253 256 257 18
117 247 253 256 257 18 205
117 253 256 257 18 205 247
118 260 261 19 206 248 258
118 261 19 206 248 258 260
118 19 206 248 258 260 261
118 206 248 258 260 261 19
118 248 258 260 261 19 206
118 258 260 261 19 206 248
119 262 263 20 207 249 259
119 263 20 207 249 259 262
119 20 207 249 259 262 263
119 207 249 259 262 263 20
119 249 259 262 263 20 207
119 259 262 263 20 207 249
120 266 267 21 208 250 264
120 267 21 208 250 264 266
120 21 208 250 264 266 267
120 208 250 264 266 267 21
120 250 264 266 267 21 208
120 264 266 267 21 208 250
121 268 269 22 209 251 265
121 269 22 209 251 265 268
121 22 209 251 265 268 269
121 209 251 265 268 269 22
121 251 265 268 269 22 209
121 265 268 269 22 209 251
122 -1 210 270 276 278 279
123 -1 211 271 277 280 281
124 -1 212 272 282 284 285
125 -1 213 273 283 286 287
126 -1 214 274 288 290 291
127 -1 215 275 289 292 293
128 302 303 23 216 294 300
128 303 23 216 294 300 302
128 23 216 294 300 302 303
128 216 294 300 302 303 23
128 294 300 302 303 23 216
128 300 302 303 23 216 294
129 -1 217 295 301 304 305
130 308 309 24 218 296 306
130 309 24 218 296 306 308
130 24 218 296 306 308 309
130 218 296 306 308 309 24
130 296 306 308 309 24 218
130 306 308 309 24 218 296
131 310 311 25 219 297 307
131 311 25 219 297 307 310
131 25 219 297 307 310 311
131 219 297 307 310 311 25
131 297 307 310 311 25 219
131 307 310 311 25 219 297
132 -1 220 298 312 314 315
133 -1 221 299 313 316 317
134 334 335 26 318 330 332
134 335 26 318 330 332 334
134 26 318 330 332 334 335
134 318 330 332 334 335 26
134 330 332 334 335 26 318
134 332 334 335 26 318 330
135 -1 333 336 337 27 319
136 353 354 32 321 345 351
136 354 32 321 345 351 353
136 32 321 345 351 353 354
136 321 345 351 353 354 32
136 345 351 353 354 32 321
136 351 353 354 32 321 345
137 355 356 33 322 346 352
137 356 33 322 346 352 355
137 33 322 346 352 355 356
137 322 346 352 355 356 33
137 346 352 355 356 33 322
137 352 355 356 33 322 346
138 359 360 34 323 347 357
138 360 34 323 347 357 359
138 34 323 347 357 359 360
138 323 347 357 359 360 34
138 347 357 359 360 34 323
138 357 359 360 34 323 347
139 361 362 35 324 348 358
139 362 35 324 348 358 361
139 35 324 348 358 361 362
139 324 348 358 361 362 35
139 348 358 361 362 35 324
139 358 361 362 35 324 348
140 365 366 36 325 349 363
140 366 36 325 349 363 365
140 36 325 349 363 365 366
140 325 349 363 365 366 36
140 349 363 365 366 36 325
140 363 365 366 36 325 349
141 367 368 37 326 350 364
141 368 37 326 350 364 367
141 37 326 350 364 367 368
141 326 350 364 367 368 37
141 350 364 367 368 37 326
141 364 367 368 37 326 350
142 -1 371 378 380 381 40
143 -1 372 379 382 383 41
144 -1 374 385 387 388 43
145 -1 392 393 44 327 389
146 397 398 46 328 390 395
146 398 46 328 390 395 397
146 46 328 390 395 397 398
146 328 390 395 397 398 46
146 390 395 397 398 46 328
146 395 397 398 46 328 390
147 399 400 47 329 391 396
147 400 47 329 391 396 399
147 47 329 391 396 399 400
147 329 391 396 399 400 47
147 391 396 399 400 47 329
147 396 399 400 47 329 391
148 440 441 50 406 428 438
148 441 50 406 428 438 440
148 50 406 428 438 440 441
148 406 428 438 440 441 50
148 428 438 440 441 50 406
148 438 440 441 50 406 428
149 442 443 51 407 429 439
149 443 51 407 429 439 442
149 51 407 429 439 442 443
149 407 429 439 442 443 51
149 429 439 442 443 51 407
149 439 442 443 51 407 429
150 448 449 52 408 431 445
150 449 52 408 431 445 448
150 52 408 431 445 448 449
150 408 431 445 448 449 52
150 431 445 448 449 52 408
150 445 448 449 52 408 431
151 458 459 53 409 450 456
151 459 53 409 450 456 458
151 53 409 450 456 458 459
151 409 450 456 458 459 53
151 450 456 458 459 53 409
151 456 458 459 53 409 450
152 460 461 54 410 451 457
152 461 54 410 451 457 460
152 54 410 451 457 460 461
152 410 451 457 460 461 54
152 451 457 460 461 54 410
152 457 460 461 54 410 451
153 464 465 55 411 452 462
153 465 55 411 452 462 464
153 55 411 452 462 464 465
153 411 452 462 464 465 55
153 452 462 464 465 55 411
153 462 464 465 55 411 452
154 466 467 56 412 453 463
154 467 56 412 453 463 466
154 56 412 453 463 466 467
154 412 453 463 466 467 56
154 453 463 466 467 56 412
154 463 466 467 56 412 453
155 470 471 57 413 454 468
155 471 57 413 454 468 470
155 57 413 454 468 470 471
155 413 454 468 470 471 57
155 454 468 470 471 57 413
155 468 470 471 57 413 454
156 472 473 58 414 455 469
156 473 58 414 455 469 472
156 58 414 455 469 472 473
156 414 455 469 472 473 58
156 455 469 472 473 58 414
156 469 472 473 58 414 455
157 -1 480 481 59 415 474
158 485 486 61 417 476 483
158 486 61 417 476 483 485
158 61 417 476 483 485 486
158 417 476 483 485 486 61
158 476 483 485 486 61 417
158 483 485 486 61 417 476
159 487 488 62 418 477 484
159 488 62 418 477 484 487
159 62 418 477 484 487 488
159 418 477 484 487 488 62
159 477 484 487 488 62 418
159 484 487 488 62 418 477
160 -1 491 63 419 478 489
161 492 493 64 420 479 490
161 493 64 420 479 490 492
161 64 420 479 490 492 493
161 420 479 490 492 493 64
161 479 490 492 493 64 420
161 490 492 493 64 420 479
162 503 504 65 421 494 500
162 504 65 421 494 500 503
162 65 421 494 500 503 504
162 421 494 500 503 504 65
162 494 500 503 504 65 421
162 500 503 504 65 421 494
163 507 508 66 422 495 505
163 508 66 422 495 505 507
163 66 422 495 505 507 508
163 422 495 505 507 508 66
163 495 505 507 508 66 422
163 505 507 508 66 422 495
164 509 510 67 423 496 506
164 510 67 423 496 506 509
164 67 423 496 506 509 510
164 423 496 506 509 510 67
164 496 506 509 510 67 423
164 506 509 510 67 423 496
165 -1 513 68 424 497 511
166 514 515 69 425 498 512
166 515 69 425 498 512 514
166 69 425 498 512 514 515
166 425 498 512 514 515 69
166 498 512 514 515 69 425
166 512 514 515 69 425 498
167 546 547 70 516 535 545
167 547 70 516 535 545 546
167 70 516 535 545 546 547
167 516 535 545 546 547 70
167 535 545 546 547 70 516
167 545 546 547 70 516 535
168 -1 548 549 71 517 536
169 554 555 72 518 538 551
169 555 72 518 538 551 554
169 72 518 538 551 554 555
169 518 538 551 554 555 72
169 538 551 554 555 72 518
169 551 554 555 72 518 538
170 564 565 73 519 556 562
170 565 73 519 556 562 564
170 73 519 556 562 564 565
170 519 556 562 564 565 73
170 556 562 564 565 73 519
170 562 564 565 73 519 556
171 570 571 74 520 558 568
171 571 74 520 558 568 570
171 74 520 558 568 570 571
171 520 558 568 570 571 74
171 558 568 570 571 74 520
171 568 570 571 74 520 558
172 572 573 75 521 559 569
172 573 75 521 559 569 572
172 75 521 559 569 572 573
172 521 559 569 572 573 75
172 559 569 572 573 75 521
172 569 572 573 75 521 559
173 584 585 76 522 580 583
173 585 76 522 580 583 584
173 76 522 580 583 584 585
173 522 580 583 584 585 76
173 580 583 584 585 76 522
173 583 584 585 76 522 580
174 589 590 78 524 581 587
174 590 78 524 581 587 589
174 78 524 581 587 589 590
174 524 581 587 589 590 78
174 581 587 589 590 78 524
174 587 589 590 78 524 581
175 591 592 79 525 582 588
175 592 79 525 582 588 591
175 79 525 582 588 591 592
175 525 582 588 591 592 79
175 582 588 591 592 79 525
175 588 591 592 79 525 582
176 -1 594 596 597 81 527
177 607 608 82 528 598 604
177 608 82 528 598 604 607
177 82 528 598 604 607 608
177 528 598 604 607 608 82
177 598 604 607 608 82 528
177 604 607 608 82 528 598
178 611 612 83 529 599 609
178 612 83 529 599 609 611
178 83 529 599 609 611 612
178 529 599 609 611 612 83
178 599 609 611 612 83 529
178 609 611 612 83 529 599
179 613 614 84 530 600 610
179 614 84 530 600 610 613
179 84 530 600 610 613 614
179 530 600 610 613 614 84
179 600 610 613 614 84 530
179 610 613 614 84 530 600
180 -1 617 85 531 601 615
181 618 619 86 532 602 616
181 619 86 532 602 616 618
181 86 532 602 616 618 619
181 532 602 616 618 619 86
181 602 616 618 619 86 532
181 616 618 619 86 532 602
182 -1 14 17 19 20 87
183 -1 15 18 21 22 88
184 -1 16 23 24 25 90
185 34 35 91 1 26 32
185 35 91 1 26 32 34
185 91 1 26 32 34 35
185 1 26 32 34 35 91
185 26 32 34 35 91 1
185 32 34 35 91 1 26
186 36 37 92 2 27 33
186 37 92 2 27 33 36
186 92 2 27 33 36 37
186 2 27 33 36 37 92
186 27 33 36 37 92 2
186 33 36 37 92 2 27
187 40 41 93 3 28 38
187 41 93 3 28 38 40
187 93 3 28 38 40 41
187 3 28 38 40 41 93
187 28 38 40 41 93 3
187 38 40 41 93 3 28
188 42 43 94 4 29 39
188 43 94 4 29 39 42
188 94 4 29 39 42 43
188 4 29 39 42 43 94
188 29 39 42 43 94 4
188 39 42 43 94 4 29
189 46 47 95 5 30 44
189 47 95 5 30 44 46
189 95 5 30 44 46 47
189 5 30 44 46 47 95
189 30 44 46 47 95 5
189 44 46 47 95 5 30
190 48 49 96 6 31 45
190 49 96 6 31 45 48
190 96 6 31 45 48 49
190 6 31 45 48 49 96
190 31 45 48 49 96 6
190 45 48 49 96 6 31
191 61 62 99 7 50 59
191 62 99 7 50 59 61
191 99 7 50 59 61 62
191 7 50 59 61 62 99
191 50 59 61 62 99 7
191 59 61 62 99 7 50
192 63 64 100 8 51 60
192 64 100 8 51 60 63
192 100 8 51 60 63 64
192 8 51 60 63 64 100
192 51 60 63 64 100 8
192 60 63 64 100 8 51
193 68 69 102 9 52 65
193 69 102 9 52 65 68
193 102 9 52 65 68 69
193 9 52 65 68 69 102
193 52 65 68 69 102 9
193 65 68 69 102 9 52
194 78 79 104 11 70 76
194 79 104 11 70 76 78
194 104 11 70 76 78 79
194 11 70 76 78 79 104
194 70 76 78 79 104 11
194 76 78 79 104 11 70
195 80 81 105 12 71 77
195 81 105 12 71 77 80
195 105 12 71 77 80 81
195 12 71 77 80 81 105
195 71 77 80 81 105 12
195 77 80 81 105 12 71
196 85 86 107 13 72 82
196 86 107 13 72 82 85
196 107 13 72 82 85 86
196 13 72 82 85 86 107
196 72 82 85 86 107 13
196 82 85 86 107 13 72
197 206 207 108 222 198 204
197 207 108 222 198 204 206
197 108 222 198 204 206 207
197 222 198 204 206 207 108
197 198 204 206 207 108 222
197 204 206 207 108 222 198
198 208 209 109 223 199 205
198 209 109 223 199 205 208
198 109 223 199 205 208 209
198 223 199 205 208 209 109
198 199 205 208 209 109 223
198 205 208 209 109 223 199
199 212 213 110 224 200 210
199 213 110 224 200 210 212
199 110 224 200 210 212 213
199 224 200 210 212 213 110
199 200 210 212 213 110 224
199 210 212 213 110 224 200
200 214 215 111 225 201 211
200 215 111 225 201 211 214
200 111 225 201 211 214 215
200 225 201 211 214 215 111
200 201 211 214 215 111 225
200 211 214 215 111 225 201
201 218 219 112 226 202 216
201 219 112 226 202 216 218
201 112 226 202 216 218 219
201 226 202 216 218 219 112
201 202 216 218 219 112 226
201 216 218 219 112 226 202
202 220 221 113 227 203 217
202 221 113 227 203 217 220
202 113 227 203 217 220 221
202 227 203 217 220 221 113
202 203 217 220 221 113 227
202 217 220 221 113 227 203
203 248 249 114 228 252 246
203 249 114 228 252 246 248
203 114 228 252 246 248 249
203 228 252 246 248 249 114
203 252 246 248 249 114 228
203 246 248 249 114 228 252
204 250 251 115 229 253 247
204 251 115 229 253 247 250
204 115 229 253 247 250 251
204 229 253 247 250 251 115
204 253 247 250 251 115 229
204 247 250 251 115 229 253
205 258 259 116 230 254 260
205 259 116 230 254 260 258
205 116 230 254 260 258 259
205 230 254 260 258 259 116
205 254 260 258 259 116 230
205 260 258 259 116 230 254
206 263 262 117 231 255 261
206 262 117 231 255 261 263
206 117 231 255 261 263 262
206 231 255 261 263 262 117
206 255 261 263 262 117 231
206 261 263 262 117 231 255
207 264 265 118 232 256 266
207 265 118 232 256 266 264
207 118 232 256 266 264 265
207 232 256 266 264 265 118
207 256 266 264 265 118 232
207 266 264 265 118 232 256
208 269 268 119 233 257 267
208 268 119 233 257 267 269
208 119 233 257 267 269 268
208 233 257 267 269 268 119
208 257 267 269 268 119 233
208 267 269 268 119 233 257
209 272 273 120 234 276 270
209 273 120 234 276 270 272
209 120 234 276 270 272 273
209 234 276 270 272 273 120
209 276 270 272 273 120 234
209 270 272 273 120 234 276
210 274 275 121 235 277 271
210 275 121 235 277 271 274
210 121 235 277 271 274 275
210 235 277 271 274 275 121
210 277 271 274 275 121 235
210 271 274 275 121 235 277
211 282 283 122 236 278 284
211 283 122 236 278 284 282
211 122 236 278 284 282 283
211 236 278 284 282 283 122
211 278 284 282 283 122 236
211 284 282 283 122 236 278
212 287 286 123 237 279 285
212 286 123 237 279 285 287
212 123 237 279 285 287 286
212 237 279 285 287 286 123
212 279 285 287 286 123 237
212 285 287 286 123 237 279
213 288 289 124 238 280 290
213 289 124 238 280 290 288
213 124 238 280 290 288 289
213 238 280 290 288 289 124
213 280 290 288 289 124 238
213 290 288 289 124 238 280
214 293 292 125 239 281 291
214 292 125 239 281 291 293
214 125 239 281 291 293 292
214 239 281 291 293 292 125
214 281 291 293 292 125 239
214 291 293 292 125 239 281
215 296 297 126 240 300 294
215 297 126 240 300 294 296
215 126 240 300 294 296 297
215 240 300 294 296 297 126
215 300 294 296 297 126 240
215 294 296 297 126 240 300
216 298 299 127 241 301 295
216 299 127 241 301 295 298
216 127 241 301 295 298 299
216 241 301 295 298 299 127
216 301 295 298 299 127 241
216 295 298 299 127 241 301
217 306 307 128 242 302 308
217 307 128 242 302 308 306
217 128 242 302 308 306 307
217 242 302 308 306 307 128
217 302 308 306 307 128 242
217 308 306 307 128 242 302
218 311 310 129 243 303 309
218 310 129 243 303 309 311
218 129 243 303 309 311 310
218 243 303 309 311 310 129
218 303 309 311 310 129 243
218 309 311 310 129 243 303
219 312 313 130 244 304 314
219 313 130 244 304 314 312
219 130 244 304 314 312 313
219 244 304 314 312 313 130
219 304 314 312 313 130 244
219 314 312 313 130 244 304
220 317 316 131 245 305 315
220 316 131 245 305 315 317
220 131 245 305 315 317 316
220 245 305 315 317 316 131
220 305 315 317 316 131 245
220 315 317 316 131 245 305
221 323 324 132 330 318 321
221 324 132 330 318 321 323
221 132 330 318 321 323 324
221 330 318 321 323 324 132
221 318 321 323 324 132 330
221 321 323 324 132 330 318
222 -1 319 322 325 326 133
223 -1 320 327 328 329 134
224 347 348 135 332 351 345
224 348 135 332 351 345 347
224 135 332 351 345 347 348
224 332 351 345 347 348 135
224 351 345 347 348 135 332
224 345 347 348 135 332 351
225 349 350 136 333 352 346
225 350 136 333 352 346 349
225 136 333 352 346 349 350
225 333 352 346 349 350 136
225 352 346 349 350 136 333
225 346 349 350 136 333 352
226 357 358 137 334 353 359
226 358 137 334 353 359 357
226 137 334 353 359 357 358
226 334 353 359 357 358 137
226 353 359 357 358 137 334
226 359 357 358 137 334 353
227 362 361 138 335 354 360
227 361 138 335 354 360 362
227 138 335 354 360 362 361
227 335 354 360 362 361 138
227 354 360 362 361 138 335
227 360 362 361 138 335 354
228 363 364 139 336 355 365
228 364 139 336 355 365 363
228 139 336 355 365 363 364
228 336 355 365 363 364 139
228 355 365 363 364 139 336
228 365 363 364 139 336 355
229 368 367 140 337 356 366
229 367 140 337 356 366 368
229 140 337 356 366 368 367
229 337 356 366 368 367 140
229 356 366 368 367 140 337
229 366 368 367 140 337 356
230 378 379 143 338 375 380
230 379 143 338 375 380 378
230 143 338 375 380 378 379
230 338 375 380 378 379 143
230 375 380 378 379 143 338
230 380 378 379 143 338 375
231 383 382 144 339 376 381
231 382 144 339 376 381 383
231 144 339 376 381 383 382
231 339 376 381 383 382 144
231 376 381 383 382 144 339
231 381 383 382 144 339 376
232 388 387 146 340 377 386
232 387 146 340 377 386 388
232 146 340 377 386 388 387
232 340 377 386 388 387 146
232 377 386 388 387 146 340
232 386 388 387 146 340 377
233 395 396 148 342 392 397
233 396 148 342 392 397 395
233 148 342 392 397 395 396
233 342 392 397 395 396 148
233 392 397 395 396 148 342
233 397 395 396 148 342 392
234 400 399 149 343 393 398
234 399 149 343 393 398 400
234 149 343 393 398 400 399
234 343 393 398 400 399 149
234 393 398 400 399 149 343
234 398 400 399 149 343 393
235 405 404 151 344 394 403
235 404 151 344 394 403 405
235 151 344 394 403 405 404
235 344 394 403 405 404 151
235 394 403 405 404 151 344
235 403 405 404 151 344 394
236 -1 409 411 412 152 426
237 -1 410 413 414 153 427
238 417 418 154 428 406 415
238 418 154 428 406 415 417
238 154 428 406 415 417 418
238 428 406 415 417 418 154
238 406 415 417 418 154 428
238 415 417 418 154 428 406
239 419 420 155 429 407 416
239 420 155 429 407 416 419
239 155 429 407 416 419 420
239 429 407 416 419 420 155
239 407 416 419 420 155 429
239 416 419 420 155 429 407
240 424 425 157 431 408 421
240 425 157 431 408 421 424
240 157 431 408 421 424 425
240 431 408 421 424 425 157
240 408 421 424 425 157 431
240 421 424 425 157 431 408
241 452 453 158 432 456 450
241 453 158 432 456 450 452
241 158 432 456 450 452 453
241 432 456 450 452 453 158
241 456 450 452 453 158 432
241 450 452 453 158 432 456
242 454 455 159 433 457 451
242 455 159 433 457 451 454
242 159 433 457 451 454 455
242 433 457 451 454 455 159
242 457 451 454 455 159 433
242 451 454 455 159 433 457
243 462 463 160 434 458 464
243 463 160 434 458 464 462
243 160 434 458 464 462 463
243 434 458 464 462 463 160
243 458 464 462 463 160 434
243 464 462 463 160 434 458
244 467 466 161 435 459 465
244 466 161 435 459 465 467
244 161 435 459 465 467 466
244 435 459 465 467 466 161
244 459 465 467 466 161 435
244 465 467 466 161 435 459
245 468 469 162 436 460 470
245 469 162 436 460 470 468
245 162 436 460 470 468 469
245 436 460 470 468 469 162
245 460 470 468 469 162 436
245 470 468 469 162 436 460
246 473 472 163 437 461 471
246 472 163 437 461 471 473
246 163 437 461 471 473 472
246 437 461 471 473 472 163
246 461 471 473 472 163 437
246 471 473 472 163 437 461
247 -1 474 476 477 164 438
248 -1 475 478 479 165 439
249 483 484 166 440 480 485
249 484 166 440 480 485 483
249 166 440 480 485 483 484
249 440 480 485 483 484 166
249 480 485 483 484 166 440
249 485 483 484 166 440 480
250 488 487 167 441 481 486
250 487 167 441 481 486 488
250 167 441 481 486 488 487
250 441 481 486 488 487 167
250 481 486 488 487 167 441
250 486 488 487 167 441 481
251 493 492 169 443 482 491
251 492 169 443 482 491 493
251 169 443 482 491 493 492
251 443 482 491 493 492 169
251 482 491 493 492 169 443
251 491 493 492 169 443 482
252 -1 495 496 170 444 499
253 497 498 171 445 500 494
253 498 171 445 500 494 497
253 171 445 500 494 497 498
253 445 500 494 497 498 171
253 500 494 497 498 171 445
253 494 497 498 171 445 500
254 505 506 172 446 501 507
254 506 172 446 501 507 505
254 172 446 501 507 505 506
254 446 501 507 505 506 172
254 501 507 505 506 172 446
254 507 505 506 172 446 501
255 510 509 173 447 502 508
255 509 173 447 502 508 510
255 173 447 502 508 510 509
255 447 502 508 510 509 173
255 502 508 510 509 173 447
255 508 510 509 173 447 502
256 -1 511 512 174 448 503
257 515 514 175 449 504 513
257 514 175 449 504 513 515
257 175 449 504 513 515 514
257 449 504 513 515 514 175
257 504 513 515 514 175 449
257 513 515 514 175 449 504
258 -1 519 520 521 176 533
259 524 525 177 535 516 522
259 525 177 535 516 522 524
259 177 535 516 522 524 525
259 535 516 522 524 525 177
259 516 522 524 525 177 535
259 522 524 525 177 535 516
260 526 527 178 536 517 523
260 527 178 536 517 523 526
260 178 536 517 523 526 527
260 536 517 523 526 527 178
260 517 523 526 527 178 536
260 523 526 527 178 536 517
261 531 532 180 538 518 528
261 532 180 538 518 528 531
261 180 538 518 528 531 532
261 538 518 528 531 532 180
261 518 528 531 532 180 538
261 528 531 532 180 538 518
262 558 559 181 539 562 556
262 559 181 539 562 556 558
262 181 539 562 556 558 559
262 539 562 556 558 559 181
262 562 556 558 559 181 539
262 556 558 559 181 539 562
263 560 561 182 540 563 557
263 561 182 540 563 557 560
263 182 540 563 557 560 561
263 540 563 557 560 561 182
263 563 557 560 561 182 540
263 557 560 561 182 540 563
264 568 569 183 541 564 570
264 569 183 541 564 570 568
264 183 541 564 570 568 569
264 541 564 570 568 569 183
264 564 570 568 569 183 541
264 570 568 569 183 541 564
265 573 572 184 542 565 571
265 572 184 542 565 571 573
265 184 542 565 571 573 572
265 542 565 571 573 572 184
265 565 571 573 572 184 542
265 571 573 572 184 542 565
266 574 575 185 543 566 576
266 575 185 543 566 576 574
266 185 543 566 576 574 575
266 543 566 576 574 575 185
266 566 576 574 575 185 543
266 576 574 575 185 543 566
267 579 578 186 544 567 577
267 578 186 544 567 577 579
267 186 544 567 577 579 578
267 544 567 577 579 578 186
267 567 577 579 578 186 544
267 577 579 578 186 544 567
268 581 582 187 545 583 580
268 582 187 545 583 580 581
268 187 545 583 580 581 582
268 545 583 580 581 582 187
268 583 580 581 582 187 545
268 580 581 582 187 545 583
269 587 588 188 546 584 589
269 588 188 546 584 589 587
269 188 546 584 589 587 588
269 546 584 589 587 588 188
269 584 589 587 588 188 546
269 589 587 588 188 546 584
270 592 591 189 547 585 590
270 591 189 547 585 590 592
270 189 547 585 590 592 591
270 547 585 590 592 591 189
270 585 590 592 591 189 547
270 590 592 591 189 547 585
271 597 596 191 549 586 595
271 596 191 549 586 595 597
271 191 549 586 595 597 596
271 549 586 595 597 596 191
271 586 595 597 596 191 549
271 595 597 596 191 549 586
272 -1 599 600 192 550 603
273 601 602 193 551 604 598
273 602 193 551 604 598 601
273 193 551 604 598 601 602
273 551 604 598 601 602 193
273 604 598 601 602 193 551
273 598 601 602 193 551 604
274 609 610 194 552 605 611
274 610 194 552 605 611 609
274 194 552 605 611 609 610
274 552 605 611 609 610 194
274 605 611 609 610 194 552
274 611 609 610 194 552 605
275 614 613 195 553 606 612
275 613 195 553 606 612 614
275 195 553 606 612 614 613
275 553 606 612 614 613 195
275 606 612 614 613 195 553
275 612 614 613 195 553 606
276 -1 615 616 196 554 607
277 619 618 197 555 608 617
277 618 197 555 608 617 619
277 197 555 608 617 619 618
277 555 608 617 619 618 197
277 608 617 619 618 197 555
277 617 619 618 197 555 608
278 -1 1 3 4 198 14
279 -1 2 5 6 199 15
280 28 29 204 17 32 26
280 29 204 17 32 26 28
280 204 17 32 26 28 29
280 17 32 26 28 29 204
280 32 26 28 29 204 17
280 26 28 29 204 17 32
281 30 31 205 18 33 27
281 31 205 18 33 27 30
281 205 18 33 27 30 31
281 18 33 27 30 31 205
281 33 27 30 31 205 18
281 27 30 31 205 18 33
282 38 39 206 19 34 40
282 39 206 19 34 40 38
282 206 19 34 40 38 39
282 19 34 40 38 39 206
282 34 40 38 39 206 19
282 40 38 39 206 19 34
283 43 42 207 20 35 41
283 42 207 20 35 41 43
283 207 20 35 41 43 42
283 20 35 41 43 42 207
283 35 41 43 42 207 20
283 41 43 42 207 20 35
284 44 45 208 21 36 46
284 45 208 21 36 46 44
284 208 21 36 46 44 45
284 21 36 46 44 45 208
284 36 46 44 45 208 21
284 46 44 45 208 21 36
285 49 48 209 22 37 47
285 48 209 22 37 47 49
285 209 22 37 47 49 48
285 22 37 47 49 48 209
285 37 47 49 48 209 22
285 47 49 48 209 22 37
286 -1 55 61 59 60 212
287 -1 56 62 64 63 213
288 -1 58 67 69 68 215
289 -1 70 71 216 23 73
290 76 77 218 24 74 78
290 77 218 24 74 78 76
290 218 24 74 78 76 77
290 24 74 78 76 77 218
290 74 78 76 77 218 24
290 78 76 77 218 24 74
291 81 80 219 25 75 79
291 80 219 25 75 79 81
291 219 25 75 79 81 80
291 25 75 79 81 80 219
291 75 79 81 80 219 25
291 79 81 80 219 25 75
292 93 94 222 108 87 91
292 94 222 108 87 91 93
292 222 108 87 91 93 94
292 108 87 91 93 94 222
292 87 91 93 94 222 108
292 91 93 94 222 108 87
293 95 96 223 109 88 92
293 96 223 109 88 92 95
293 223 109 88 92 95 96
293 109 88 92 95 96 223
293 88 92 95 96 223 109
293 92 95 96 223 109 88
294 99 100 224 110 89 97
294 100 224 110 89 97 99
294 224 110 89 97 99 100
294 110 89 97 99 100 224
294 89 97 99 100 224 110
294 97 99 100 224 110 89
295 -1 98 101 102 225 111
296 104 105 226 112 90 103
296 105 226 112 90 103 104
296 226 112 90 103 104 105
296 112 90 103 104 105 226
296 90 103 104 105 226 112
296 103 104 105 226 112 90
297 -1 229 115 136 133 134
298 141 142 230 116 137 143
298 142 230 116 137 143 141
298 230 116 137 143 141 142
298 116 137 143 141 142 230
298 137 143 141 142 230 116
298 143 141 142 230 116 137
299 146 145 231 117 138 144
299 145 231 117 138 144 146
299 231 117 138 144 146 145
299 117 138 144 146 145 231
299 138 144 146 145 231 117
299 144 146 145 231 117 138
300 -1 232 118 139 148 147
301 151 150 233 119 140 149
301 150 233 119 140 149 151
301 233 119 140 149 151 150
301 119 140 149 151 150 233
301 140 149 151 150 233 119
301 149 151 150 233 119 140
302 154 155 234 120 158 152
302 155 234 120 158 152 154
302 234 120 158 152 154 155
302 120 158 152 154 155 234
302 158 152 154 155 234 120
302 152 154 155 234 120 158
303 156 157 235 121 159 153
303 157 235 121 159 153 156
303 235 121 159 153 156 157
303 121 159 153 156 157 235
303 159 153 156 157 235 121
303 153 156 157 235 121 159
304 164 165 236 122 160 166
304 165 236 122 160 166 164
304 236 122 160 166 164 165
304 122 160 166 164 165 236
304 160 166 164 165 236 122
304 166 164 165 236 122 160
305 169 168 237 123 161 167
305 168 237 123 161 167 169
305 237 123 161 167 169 168
305 123 161 167 169 168 237
305 161 167 169 168 237 123
305 167 169 168 237 123 161
306 170 171 238 124 162 172
306 171 238 124 162 172 170
306 238 124 162 172 170 171
306 124 162 172 170 171 238
306 162 172 170 171 238 124
306 172 170 171 238 124 162
307 175 174 239 125 163 173
307 174 239 125 163 173 175
307 239 125 163 173 175 174
307 125 163 173 175 174 239
307 163 173 175 174 239 125
307 173 175 174 239 125 163
308 177 178 240 126 181 176
308 178 240 126 181 176 177
308 240 126 181 176 177 178
308 126 181 176 177 178 240
308 181 176 177 178 240 126
308 176 177 178 240 126 181
309 -1 179 180 241 127 182
310 -1 242 128 183 188 187
311 191 190 243 129 184 189
311 190 243 129 184 189 191
311 243 129 184 189 191 190
311 129 184 189 191 190 243
311 184 189 191 190 243 129
311 189 191 190 243 129 184
312 192 193 244 130 185 194
312 193 244 130 185 194 192
312 244 130 185 194 192 193
312 130 185 194 192 193 244
312 185 194 192 193 244 130
312 194 192 193 244 130 185
313 197 196 245 131 186 195
313 196 245 131 186 195 197
313 245 131 186 195 197 196
313 131 186 195 197 196 245
313 186 195 197 196 245 131
313 195 197 196 245 131 186
314 -1 247 346 322 319 320
315 -1 250 349 325 328 327
316 -1 255 354 335 339 340
317 -1 341 256 355 336 342
318 -1 257 356 337 343 344
319 369 370 258 357 378 371
319 370 258 357 378 371 369
319 258 357 378 371 369 370
319 357 378 371 369 370 258
319 378 371 369 370 258 357
319 371 369 370 258 357 378
320 374 373 259 358 379 372
320 373 259 358 379 372 374
320 259 358 379 372 374 373
320 358 379 372 374 373 259
320 379 372 374 373 259 358
320 372 374 373 259 358 379
321 -1 261 360 381 376 377
322 385 384 262 361 382 387
322 384 262 361 382 387 385
322 262 361 382 387 385 384
322 361 382 387 385 384 262
322 382 387 385 384 262 361
322 387 385 384 262 361 382
323 -1 263 362 383 388 386
324 -1 264 363 395 390 389
325 -1 267 366 398 393 394
326 402 401 268 367 399 404
326 401 268 367 399 404 402
326 268 367 399 404 402 401
326 367 399 404 402 401 268
326 399 404 402 401 268 367
326 404 402 401 268 367 399
327 -1 269 368 400 405 403
328 -1 406 407 270 450 409
329 415 416 272 452 411 417
329 416 272 452 411 417 415
329 272 452 411 417 415 416
329 452 411 417 415 416 272
329 411 417 415 416 272 452
329 417 415 416 272 452 411
330 420 419 273 453 412 418
330 419 273 453 412 418 420
330 273 453 412 418 420 419
330 453 412 418 420 419 273
330 412 418 420 419 273 453
330 418 420 419 273 453 412
331 -1 421 274 454 413 422
332 425 424 275 455 414 423
332 424 275 455 414 423 425
332 275 455 414 423 425 424
332 455 414 423 425 424 275
332 414 423 425 424 275 455
332 423 425 424 275 455 414
333 428 429 276 456 432 426
333 429 276 456 432 426 428
333 276 456 432 426 428 429
333 456 432 426 428 429 276
333 432 426 428 429 276 456
333 426 428 429 276 456 432
334 430 431 277 457 433 427
334 431 277 457 433 427 430
334 277 457 433 427 430 431
334 457 433 427 430 431 277
334 433 427 430 431 277 457
334 427 430 431 277 457 433
335 438 439 278 458 434 440
335 439 278 458 434 440 438
335 278 458 434 440 438 439
335 458 434 440 438 439 278
335 434 440 438 439 278 458
335 440 438 439 278 458 434
336 443 442 279 459 435 441
336 442 279 459 435 441 443
336 279 459 435 441 443 442
336 459 435 441 443 442 279
336 435 441 443 442 279 459
336 441 443 442 279 459 435
337 444 445 280 460 436 446
337 445 280 460 436 446 444
337 280 460 436 446 444 445
337 460 436 446 444 445 280
337 436 446 444 445 280 460
337 446 444 445 280 460 436
338 449 448 281 461 437 447
338 448 281 461 437 447 449
338 281 461 437 447 449 448
338 461 437 447 449 448 281
338 437 447 449 448 281 461
338 447 449 448 281 461 437
339 474 475 282 462 483 476
339 475 282 462 483 476 474
339 282 462 483 476 474 475
339 462 483 476 474 475 282
339 483 476 474 475 282 462
339 476 474 475 282 462 483
340 479 478 283 463 484 477
340 478 283 463 484 477 479
340 283 463 484 477 479 478
340 463 484 477 479 478 283
340 484 477 479 478 283 463
340 477 479 478 283 463 484
341 -1 285 465 486 481 482
342 490 489 286 466 487 492
342 489 286 466 487 492 490
342 286 466 487 492 490 489
342 466 487 492 490 489 286
342 487 492 490 489 286 466
342 492 490 489 286 466 487
343 -1 287 467 488 493 491
344 -1 494 288 468 505 495
345 498 497 289 469 506 496
345 497 289 469 506 496 498
345 289 469 506 496 498 497
345 469 506 496 498 497 289
345 506 496 498 497 289 469
345 496 498 497 289 469 506
346 499 500 290 470 507 501
346 500 290 470 507 501 499
346 290 470 507 501 499 500
346 470 507 501 499 500 290
346 507 501 499 500 290 470
346 501 499 500 290 470 507
347 504 503 291 471 508 502
347 503 291 471 508 502 504
347 291 471 508 502 504 503
347 471 508 502 504 503 291
347 508 502 504 503 291 471
347 502 504 503 291 471 508
348 512 511 292 472 509 514
348 511 292 472 509 514 512
348 292 472 509 514 512 511
348 472 509 514 512 511 292
348 509 514 512 511 292 472
348 514 512 511 292 472 509
349 -1 293 473 510 515 513
350 -1 516 517 294 556 519
351 522 523 296 558 520 524
351 523 296 558 520 524 522
351 296 558 520 524 522 523
351 558 520 524 522 523 296
351 520 524 522 523 296 558
351 524 522 523 296 558 520
352 527 526 297 559 521 525
352 526 297 559 521 525 527
352 297 559 521 525 527 526
352 559 521 525 527 526 297
352 521 525 527 526 297 559
352 525 527 526 297 559 521
353 -1 530 532 531 299 561
354 535 536 300 562 539 533
354 536 300 562 539 533 535
354 300 562 539 533 535 536
354 562 539 533 535 536 300
354 539 533 535 536 300 562
354 533 535 536 300 562 539
355 537 538 301 563 540 534
355 538 301 563 540 534 537
355 301 563 540 534 537 538
355 563 540 534 537 538 301
355 540 534 537 538 301 563
355 534 537 538 301 563 540
356 -1 302 564 541 546 545
357 549 548 303 565 542 547
357 548 303 565 542 547 549
357 303 565 542 547 549 548
357 565 542 547 549 548 303
357 542 547 549 548 303 565
357 547 549 548 303 565 542
358 550 551 304 566 543 552
358 551 304 566 543 552 550
358 304 566 543 552 550 551
358 566 543 552 550 551 304
358 543 552 550 551 304 566
358 552 550 551 304 566 543
359 555 554 305 567 544 553
359 554 305 567 544 553 555
359 305 567 544 553 555 554
359 567 544 553 555 554 305
359 544 553 555 554 305 567
359 553 555 554 305 567 544
360 -1 306 568 587 581 580
361 -1 308 570 589 584 583
362 -1 309 571 590 585 586
363 594 593 310 572 591 596
363 593 310 572 591 596 594
363 310 572 591 596 594 593
363 572 591 596 594 593 310
363 591 596 594 593 310 572
363 596 594 593 310 572 591
364 -1 311 573 592 597 595
365 -1 598 312 574 609 599
366 602 601 313 575 610 600
366 601 313 575 610 600 602
366 313 575 610 600 602 601
366 575 610 600 602 601 313
366 610 600 602 601 313 575
366 600 602 601 313 575 610
367 603 604 314 576 611 605
367 604 314 576 611 605 603
367 314 576 611 605 603 604
367 576 611 605 603 604 314
367 611 605 603 604 314 576
367 605 603 604 314 576 611
368 608 607 315 577 612 606
368 607 315 577 612 606 608
368 315 577 612 606 608 607
368 577 612 606 608 607 315
368 612 606 608 607 315 577
368 606 608 607 315 577 612
369 616 615 316 578 613 618
369 615 316 578 613 618 616
369 316 578 613 618 616 615
369 578 613 618 616 615 316
369 613 618 616 615 316 578
369 618 616 615 316 578 613
370 -1 317 579 614 619 617
371 -1 10 320 30 5 11
372 -1 322 33 18 15 16
373 -1 325 36 21 24 23
374 -1 40 61 55 53 54
375 -1 41 62 56 58 57
376 -1 43 64 69 67 66
377 -1 328 46 78 74 73
378 -1 49 81 86 84 83
379 -1 330 132 91 87 89
380 -1 96 105 107 106 331
381 110 111 332 135 114 108
381 111 332 135 114 108 110
381 332 135 114 108 110 111
381 135 114 108 110 111 332
381 114 108 110 111 332 135
381 108 110 111 332 135 114
382 112 113 333 136 115 109
382 113 333 136 115 109 112
382 333 136 115 109 112 113
382 136 115 109 112 113 333
382 115 109 112 113 333 136
382 109 112 113 333 136 115
383 120 121 334 137 116 122
383 121 334 137 116 122 120
383 334 137 116 122 120 121
383 137 116 122 120 121 334
383 116 122 120 121 334 137
383 122 120 121 334 137 116
384 125 124 335 138 117 123
384 124 335 138 117 123 125
384 335 138 117 123 125 124
384 138 117 123 125 124 335
384 117 123 125 124 335 138
384 123 125 124 335 138 117
385 126 127 336 139 118 128
385 127 336 139 118 128 126
385 336 139 118 128 126 127
385 139 118 128 126 127 336
385 118 128 126 127 336 139
385 128 126 127 336 139 118
386 131 130 337 140 119 129
386 130 337 140 119 129 131
386 337 140 119 129 131 130
386 140 119 129 131 130 337
386 119 129 131 130 337 140
386 129 131 130 337 140 119
387 -1 141 164 154 152 153
388 -1 142 165 155 157 156
389 158 159 338 143 166 160
389 159 338 143 166 160 158
389 338 143 166 160 158 159
389 143 166 160 158 159 338
389 166 160 158 159 338 143
389 160 158 159 338 143 166
390 163 162 339 144 167 161
390 162 339 144 167 161 163
390 339 144 167 161 163 162
390 144 167 161 163 162 339
390 167 161 163 162 339 144
390 161 163 162 339 144 167
391 -1 145 168 174 171 170
392 173 172 340 146 169 175
392 172 340 146 169 175 173
392 340 146 169 175 173 172
392 146 169 175 173 172 340
392 169 175 173 172 340 146
392 175 173 172 340 146 169
393 181 182 342 148 188 183
393 182 342 148 188 183 181
393 342 148 188 183 181 182
393 148 188 183 181 182 342
393 188 183 181 182 342 148
393 183 181 182 342 148 188
394 186 185 343 149 189 184
394 185 343 149 189 184 186
394 343 149 189 184 186 185
394 149 189 184 186 185 343
394 189 184 186 185 343 149
394 184 186 185 343 149 189
395 -1 150 190 196 193 192
396 195 194 344 151 191 197
396 194 344 151 191 197 195
396 344 151 191 197 195 194
396 151 191 197 195 194 344
396 191 197 195 194 344 151
396 197 195 194 344 151 191
397 200 201 345 246 204 198
397 201 345 246 204 198 200
397 345 246 204 198 200 201
397 246 204 198 200 201 345
397 204 198 200 201 345 246
397 198 200 201 345 246 204
398 202 203 346 247 205 199
398 203 346 247 205 199 202
398 346 247 205 199 202 203
398 247 205 199 202 203 346
398 205 199 202 203 346 247
398 199 202 203 346 247 205
399 210 211 347 248 206 212
399 211 347 248 206 212 210
399 347 248 206 212 210 211
399 248 206 212 210 211 347
399 206 212 210 211 347 248
399 212 210 211 347 248 206
400 215 214 348 249 207 213
400 214 348 249 207 213 215
400 348 249 207 213 215 214
400 249 207 213 215 214 348
400 207 213 215 214 348 249
400 213 215 214 348 249 207
401 216 217 349 250 208 218
401 217 349 250 208 218 216
401 349 250 208 218 216 217
401 250 208 218 216 217 349
401 208 218 216 217 349 250
401 218 216 217 349 250 208
402 221 220 350 251 209 219
402 220 350 251 209 219 221
402 350 251 209 219 221 220
402 251 209 219 221 220 350
402 209 219 221 220 350 251
402 219 221 220 350 251 209
403 224 225 351 252 228 222
403 225 351 252 228 222 224
403 351 252 228 222 224 225
403 252 228 222 224 225 351
403 228 222 224 225 351 252
403 222 224 225 351 252 228
404 226 227 352 253 229 223
404 227 352 253 229 223 226
404 352 253 229 223 226 227
404 253 229 223 226 227 352
404 229 223 226 227 352 253
404 223 226 227 352 253 229
405 234 235 353 254 230 236
405 235 353 254 230 236 234
405 353 254 230 236 234 235
405 254 230 236 234 235 353
405 230 236 234 235 353 254
405 236 234 235 353 254 230
406 239 238 354 255 231 237
406 238 354 255 231 237 239
406 354 255 231 237 239 238
406 255 231 237 239 238 354
406 231 237 239 238 354 255
406 237 239 238 354 255 231
407 240 241 355 256 232 242
407 241 355 256 232 242 240
407 355 256 232 242 240 241
407 256 232 242 240 241 355
407 232 242 240 241 355 256
407 242 240 241 355 256 232
408 245 244 356 257 233 243
408 244 356 257 233 243 245
408 356 257 233 243 245 244
408 257 233 243 245 244 356
408 233 243 245 244 356 257
408 243 245 244 356 257 233
409 270 271 357 258 282 272
409 271 357 258 282 272 270
409 357 258 282 272 270 271
409 258 282 272 270 271 357
409 282 272 270 271 357 258
409 272 270 271 357 258 282
410 275 274 358 259 283 273
410 274 358 259 283 273 275
410 358 259 283 273 275 274
410 259 283 273 275 274 358
410 283 273 275 274 358 259
410 273 275 274 358 259 283
411 276 277 359 260 284 278
411 277 359 260 284 278 276
411 359 260 284 278 276 277
411 260 284 278 276 277 359
411 284 278 276 277 359 260
411 278 276 277 359 260 284
412 281 280 360 261 285 279
412 280 360 261 285 279 281
412 360 261 285 279 281 280
412 261 285 279 281 280 360
412 285 279 281 280 360 261
412 279 281 280 360 261 285
413 289 288 361 262 286 292
413 288 361 262 286 292 289
413 361 262 286 292 289 288
413 262 286 292 289 288 361
413 286 292 289 288 361 262
413 292 289 288 361 262 286
414 291 290 362 263 287 293
414 290 362 263 287 293 291
414 362 263 287 293 291 290
414 263 287 293 291 290 362
414 287 293 291 290 362 263
414 293 291 290 362 263 287
415 294 295 363 264 306 296
415 295 363 264 306 296 294
415 363 264 306 296 294 295
415 264 306 296 294 295 363
415 306 296 294 295 363 264
415 296 294 295 363 264 306
416 299 298 364 265 307 297
416 298 364 265 307 297 299
416 364 265 307 297 299 298
416 265 307 297 299 298 364
416 307 297 299 298 364 265
416 297 299 298 364 265 307
417 300 301 365 266 308 302
417 301 365 266 308 302 300
417 365 266 308 302 300 301
417 266 308 302 300 301 365
417 308 302 300 301 365 266
417 302 300 301 365 266 308
418 305 304 366 267 309 303
418 304 366 267 309 303 305
418 366 267 309 303 305 304
418 267 309 303 305 304 366
418 309 303 305 304 366 267
418 303 305 304 366 267 309
419 313 312 367 268 310 316
419 312 367 268 310 316 313
419 367 268 310 316 313 312
419 268 310 316 313 312 367
419 310 316 313 312 367 268
419 316 313 312 367 268 310
420 315 314 368 269 311 317
420 314 368 269 311 317 315
420 368 269 311 317 315 314
420 269 311 317 315 314 368
420 311 317 315 314 368 269
420 317 315 314 368 269 311
421 -1 370 475 416 407 408
422 409 410 371 476 417 411
422 410 371 476 417 411 409
422 371 476 417 411 409 410
422 476 417 411 409 410 371
422 417 411 409 410 371 476
422 411 409 410 371 476 417
423 414 413 372 477 418 412
423 413 372 477 418 412 414
423 372 477 418 412 414 413
423 477 418 412 414 413 372
423 418 412 414 413 372 477
423 412 414 413 372 477 418
424 -1 373 478 419 424 421
425 423 422 374 479 420 425
425 422 374 479 420 425 423
425 374 479 420 425 423 422
425 479 420 425 423 422 374
425 420 425 423 422 374 479
425 425 423 422 374 479 420
426 432 433 375 480 440 434
426 433 375 480 440 434 432
426 375 480 440 434 432 433
426 480 440 434 432 433 375
426 440 434 432 433 375 480
426 434 432 433 375 480 440
427 437 436 376 481 441 435
427 436 376 481 441 435 437
427 376 481 441 435 437 436
427 481 441 435 437 436 376
427 441 435 437 436 376 481
427 435 437 436 376 481 441
428 447 446 377 482 443 449
428 446 377 482 443 449 447
428 377 482 443 449 447 446
428 482 443 449 447 446 377
428 443 449 447 446 377 482
428 449 447 446 377 482 443
429 450 451 378 483 462 452
429 451 378 483 462 452 450
429 378 483 462 452 450 451
429 483 462 452 450 451 378
429 462 452 450 451 378 483
429 452 450 451 378 483 462
430 455 454 379 484 463 453
430 454 379 484 463 453 455
430 379 484 463 453 455 454
430 484 463 453 455 454 379
430 463 453 455 454 379 484
430 453 455 454 379 484 463
431 456 457 380 485 464 458
431 457 380 485 464 458 456
431 380 485 464 458 456 457
431 485 464 458 456 457 380
431 464 458 456 457 380 485
431 458 456 457 380 485 464
432 461 460 381 486 465 459
432 460 381 486 465 459 461
432 381 486 465 459 461 460
432 486 465 459 461 460 381
432 465 459 461 460 381 486
432 459 461 460 381 486 465
433 469 468 382 487 466 472
433 468 382 487 466 472 469
433 382 487 466 472 469 468
433 487 466 472 469 468 382
433 466 472 469 468 382 487
433 472 469 468 382 487 466
434 471 470 383 488 467 473
434 470 383 488 467 473 471
434 383 488 467 473 471 470
434 488 467 473 471 470 383
434 467 473 471 470 383 488
434 473 471 470 383 488 467
435 -1 384 489 511 497 494
436 496 495 385 490 512 498
436 495 385 490 512 498 496
436 385 490 512 498 496 495
436 490 512 498 496 495 385
436 512 498 496 495 385 490
436 498 496 495 385 490 512
437 502 501 386 491 513 504
437 501 386 491 513 504 502
437 386 491 513 504 502 501
437 491 513 504 502 501 386
437 513 504 502 501 386 491
437 504 502 501 386 491 513
438 506 505 387 492 514 509
438 505 387 492 514 509 506
438 387 492 514 509 506 505
438 492 514 509 506 505 387
438 514 509 506 505 387 492
438 509 506 505 387 492 514
439 508 507 388 493 515 510
439 507 388 493 515 510 508
439 388 493 515 510 508 507
439 493 515 510 508 507 388
439 515 510 508 507 388 493
439 510 508 507 388 493 515
440 -1 390 581 524 520 519
441 -1 583 545 535 533 534
442 539 540 392 584 546 541
442 540 392 584 546 541 539
442 392 584 546 541 539 540
442 584 546 541 539 540 392
442 546 541 539 540 392 584
442 541 539 540 392 584 546
443 544 543 393 585 547 542
443 543 393 585 547 542 544
443 393 585 547 542 544 543
443 585 547 542 544 543 393
443 547 542 544 543 393 585
443 542 544 543 393 585 547
444 553 552 394 586 549 555
444 552 394 586 549 555 553
444 394 586 549 555 553 552
444 586 549 555 553 552 394
444 549 555 553 552 394 586
444 555 553 552 394 586 549
445 556 557 395 587 568 558
445 557 395 587 568 558 556
445 395 587 568 558 556 557
445 587 568 558 556 557 395
445 568 558 556 557 395 587
445 558 556 557 395 587 568
446 561 560 396 588 569 559
446 560 396 588 569 559 561
446 396 588 569 559 561 560
446 588 569 559 561 560 396
446 569 559 561 560 396 588
446 559 561 560 396 588 569
447 562 563 397 589 570 564
447 563 397 589 570 564 562
447 397 589 570 564 562 563
447 589 570 564 562 563 397
447 570 564 562 563 397 589
447 564 562 563 397 589 570
448 567 566 398 590 571 565
448 566 398 590 571 565 567
448 398 590 571 565 567 566
448 590 571 565 567 566 398
448 571 565 567 566 398 590
448 565 567 566 398 590 571
449 575 574 399 591 572 578
449 574 399 591 572 578 575
449 399 591 572 578 575 574
449 591 572 578 575 574 399
449 572 578 575 574 399 591
449 578 575 574 399 591 572
450 577 576 400 592 573 579
450 576 400 592 573 579 577
450 400 592 573 579 577 576
450 592 573 579 577 576 400
450 573 579 577 576 400 592
450 579 577 576 400 592 573
451 -1 401 593 615 601 598
452 600 599 402 594 616 602
452 599 402 594 616 602 600
452 402 594 616 602 600 599
452 594 616 602 600 599 402
452 616 602 600 599 402 594
452 602 600 599 402 594 616
453 606 605 403 595 617 608
453 605 403 595 617 608 606
453 403 595 617 608 606 605
453 595 617 608 606 605 403
453 617 608 606 605 403 595
453 608 606 605 403 595 617
454 610 609 404 596 618 613
454 609 404 596 618 613 610
454 404 596 618 613 610 609
454 596 618 613 610 609 404
454 618 613 610 609 404 596
454 613 610 609 404 596 618
455 612 611 405 597 619 614
455 611 405 597 619 614 612
455 405 597 619 614 612 611
455 597 619 614 612 611 405
455 619 614 612 611 405 597
455 614 612 611 405 597 619
456 1 2 406 50 7 3
456 2 406 50 7 3 1
456 406 50 7 3 1 2
456 50 7 3 1 2 406
456 7 3 1 2 406 50
456 3 1 2 406 50 7
457 6 5 407 51 8 4
457 5 407 51 8 4 6
457 407 51 8 4 6 5
457 51 8 4 6 5 407
457 8 4 6 5 407 51
457 4 6 5 407 51 8
458 12 11 408 52 9 13
458 11 408 52 9 13 12
458 408 52 9 13 12 11
458 52 9 13 12 11 408
458 9 13 12 11 408 52
458 13 12 11 408 52 9
459 -1 19 17 18 411 55
460 -1 20 22 21 412 56
461 26 27 415 59 38 28
461 27 415 59 38 28 26
461 415 59 38 28 26 27
461 59 38 28 26 27 415
461 38 28 26 27 415 59
461 28 26 27 415 59 38
462 31 30 416 60 39 29
462 30 416 60 39 29 31
462 416 60 39 29 31 30
462 60 39 29 31 30 416
462 39 29 31 30 416 60
462 29 31 30 416 60 39
463 32 33 417 61 40 34
463 33 417 61 40 34 32
463 417 61 40 34 32 33
463 61 40 34 32 33 417
463 40 34 32 33 417 61
463 34 32 33 417 61 40
464 37 36 418 62 41 35
464 36 418 62 41 35 37
464 418 62 41 35 37 36
464 62 41 35 37 36 418
464 41 35 37 36 418 62
464 35 37 36 418 62 41
465 45 44 419 63 42 48
465 44 419 63 42 48 45
465 419 63 42 48 45 44
465 63 42 48 45 44 419
465 42 48 45 44 419 63
465 48 45 44 419 63 42
466 47 46 420 64 43 49
466 46 420 64 43 49 47
466 420 64 43 49 47 46
466 64 43 49 47 46 420
466 43 49 47 46 420 64
466 49 47 46 420 64 43
467 71 70 421 65 82 72
467 70 421 65 82 72 71
467 421 65 82 72 71 70
467 65 82 72 71 70 421
467 82 72 71 70 421 65
467 72 71 70 421 65 82
468 -1 75 74 423 67 84
469 77 76 424 68 85 80
469 76 424 68 85 80 77
469 424 68 85 80 77 76
469 68 85 80 77 76 424
469 85 80 77 76 424 68
469 80 77 76 424 68 85
470 79 78 425 69 86 81
470 78 425 69 86 81 79
470 425 69 86 81 79 78
470 69 86 81 79 78 425
470 86 81 79 78 425 69
470 81 79 78 425 69 86
471 87 88 426 152 97 89
471 88 426 152 97 89 87
471 426 152 97 89 87 88
471 152 97 89 87 88 426
471 97 89 87 88 426 152
471 89 87 88 426 152 97
472 91 92 428 154 99 93
472 92 428 154 99 93 91
472 428 154 99 93 91 92
472 154 99 93 91 92 428
472 99 93 91 92 428 154
472 93 91 92 428 154 99
473 96 95 429 155 100 94
473 95 429 155 100 94 96
473 429 155 100 94 96 95
473 155 100 94 96 95 429
473 100 94 96 95 429 155
473 94 96 95 429 155 100
474 -1 103 430 156 101 106
475 105 104 431 157 102 107
475 104 431 157 102 107 105
475 431 157 102 107 105 104
475 157 102 107 105 104 431
475 102 107 105 104 431 157
475 107 105 104 431 157 102
476 108 109 432 158 120 110
476 109 432 158 120 110 108
476 432 158 120 110 108 109
476 158 120 110 108 109 432
476 120 110 108 109 432 158
476 110 108 109 432 158 120
477 113 112 433 159 121 111
477 112 433 159 121 111 113
477 433 159 121 111 113 112
477 159 121 111 113 112 433
477 121 111 113 112 433 159
477 111 113 112 433 159 121
478 114 115 434 160 122 116
478 115 434 160 122 116 114
478 434 160 122 116 114 115
478 160 122 116 114 115 434
478 122 116 114 115 434 160
478 116 114 115 434 160 122
479 119 118 435 161 123 117
479 118 435 161 123 117 119
479 435 161 123 117 119 118
479 161 123 117 119 118 435
479 123 117 119 118 435 161
479 117 119 118 435 161 123
480 127 126 436 162 124 130
480 126 436 162 124 130 127
480 436 162 124 130 127 126
480 162 124 130 127 126 436
480 124 130 127 126 436 162
480 130 127 126 436 162 124
481 129 128 437 163 125 131
481 128 437 163 125 131 129
481 437 163 125 131 129 128
481 163 125 131 129 128 437
481 125 131 129 128 437 163
481 131 129 128 437 163 125
482 -1 132 133 438 164 141
483 135 136 440 166 143 137
483 136 440 166 143 137 135
483 440 166 143 137 135 136
483 166 143 137 135 136 440
483 143 137 135 136 440 166
483 137 135 136 440 166 143
484 140 139 441 167 144 138
484 139 441 167 144 138 140
484 441 167 144 138 140 139
484 167 144 138 140 139 441
484 144 138 140 139 441 167
484 138 140 139 441 167 144
485 -1 147 442 168 145 150
486 149 148 443 169 146 151
486 148 443 169 146 151 149
486 443 169 146 151 149 148
486 169 146 151 149 148 443
486 146 151 149 148 443 169
486 151 149 148 443 169 146
487 -1 176 444 170 192 179
488 178 177 445 171 193 180
488 177 445 171 193 180 178
488 445 171 193 180 178 177
488 171 193 180 178 177 445
488 193 180 178 177 445 171
488 180 178 177 445 171 193
489 182 181 446 172 194 185
489 181 446 172 194 185 182
489 446 172 194 185 182 181
489 172 194 185 182 181 446
489 194 185 182 181 446 172
489 185 182 181 446 172 194
490 184 183 447 173 195 186
490 183 447 173 195 186 184
490 447 173 195 186 184 183
490 173 195 186 184 183 447
490 195 186 184 183 447 173
490 186 184 183 447 173 195
491 -1 187 448 174 196 190
492 189 188 449 175 197 191
492 188 449 175 197 191 189
492 449 175 197 191 189 188
492 175 197 191 189 188 449
492 197 191 189 188 449 175
492 191 189 188 449 175 197
493 198 199 450 270 210 200
493 199 450 270 210 200 198
493 450 270 210 200 198 199
493 270 210 200 198 199 450
493 210 200 198 199 450 270
493 200 198 199 450 270 210
494 203 202 451 271 211 201
494 202 451 271 211 201 203
494 451 271 211 201 203 202
494 271 211 201 203 202 451
494 211 201 203 202 451 271
494 201 203 202 451 271 211
495 204 205 452 272 212 206
495 205 452 272 212 206 204
495 452 272 212 206 204 205
495 272 212 206 204 205 452
495 212 206 204 205 452 272
495 206 204 205 452 272 212
496 209 208 453 273 213 207
496 208 453 273 213 207 209
496 453 273 213 207 209 208
496 273 213 207 209 208 453
496 213 207 209 208 453 273
496 207 209 208 453 273 213
497 217 216 454 274 214 220
497 216 454 274 214 220 217
497 454 274 214 220 217 216
497 274 214 220 217 216 454
497 214 220 217 216 454 274
497 220 217 216 454 274 214
498 219 218 455 275 215 221
498 218 455 275 215 221 219
498 455 275 215 221 219 218
498 275 215 221 219 218 455
498 215 221 219 218 455 275
498 221 219 218 455 275 215
499 222 223 456 276 234 224
499 223 456 276 234 224 222
499 456 276 234 224 222 223
499 276 234 224 222 223 456
499 234 224 222 223 456 276
499 224 222 223 456 276 234
500 227 226 457 277 235 225
500 226 457 277 235 225 227
500 457 277 235 225 227 226
500 277 235 225 227 226 457
500 235 225 227 226 457 277
500 225 227 226 457 277 235
501 228 229 458 278 236 230
501 229 458 278 236 230 228
501 458 278 236 230 228 229
501 278 236 230 228 229 458
501 236 230 228 229 458 278
501 230 228 229 458 278 236
502 233 232 459 279 237 231
502 232 459 279 237 231 233
502 459 279 237 231 233 232
502 279 237 231 233 232 459
502 237 231 233 232 459 279
502 231 233 232 459 279 237
503 241 240 460 280 238 244
503 240 460 280 238 244 241
503 460 280 238 244 241 240
503 280 238 244 241 240 460
503 238 244 241 240 460 280
503 244 241 240 460 280 238
504 243 242 461 281 239 245
504 242 461 281 239 245 243
504 461 281 239 245 243 242
504 281 239 245 243 242 461
504 239 245 243 242 461 281
504 245 243 242 461 281 239
505 246 247 462 282 258 248
505 247 462 282 258 248 246
505 462 282 258 248 246 247
505 282 258 248 246 247 462
505 258 248 246 247 462 282
505 248 246 247 462 282 258
506 251 250 463 283 259 249
506 250 463 283 259 249 251
506 463 283 259 249 251 250
506 283 259 249 251 250 463
506 259 249 251 250 463 283
506 249 251 250 463 283 259
507 252 253 464 284 260 254
507 253 464 284 260 254 252
507 464 284 260 254 252 253
507 284 260 254 252 253 464
507 260 254 252 253 464 284
507 254 252 253 464 284 260
508 257 256 465 285 261 255
508 256 465 285 261 255 257
508 465 285 261 255 257 256
508 285 261 255 257 256 465
508 261 255 257 256 465 285
508 255 257 256 465 285 261
509 265 264 466 286 262 268
509 264 466 286 262 268 265
509 466 286 262 268 265 264
509 286 262 268 265 264 466
509 262 268 265 264 466 286
509 268 265 264 466 286 262
510 267 266 467 287 263 269
510 266 467 287 263 269 267
510 467 287 263 269 267 266
510 287 263 269 267 266 467
510 263 269 267 266 467 287
510 269 267 266 467 287 263
511 295 294 468 288 312 298
511 294 468 288 312 298 295
511 468 288 312 298 295 294
511 288 312 298 295 294 468
511 312 298 295 294 468 288
511 298 295 294 468 288 312
512 297 296 469 289 313 299
512 296 469 289 313 299 297
512 469 289 313 299 297 296
512 289 313 299 297 296 469
512 313 299 297 296 469 289
512 299 297 296 469 289 313
513 301 300 470 290 314 304
513 300 470 290 314 304 301
513 470 290 314 304 301 300
513 290 314 304 301 300 470
513 314 304 301 300 470 290
513 304 301 300 470 290 314
514 303 302 471 291 315 305
514 302 471 291 315 305 303
514 471 291 315 305 303 302
514 291 315 305 303 302 471
514 315 305 303 302 471 291
514 305 303 302 471 291 315
515 307 306 472 292 316 310
515 306 472 292 316 310 307
515 472 292 316 310 307 306
515 292 316 310 307 306 472
515 316 310 307 306 472 292
515 310 307 306 472 292 316
516 309 308 473 293 317 311
516 308 473 293 317 311 309
516 473 293 317 311 309 308
516 293 317 311 309 308 473
516 317 311 309 308 473 293
516 311 309 308 473 293 317
517 -1 323 321 322 476 371
518 -1 324 326 325 477 372
519 332 333 480 375 338 334
519 333 480 375 338 334 332
519 480 375 338 334 332 333
519 375 338 334 332 333 480
519 338 334 332 333 480 375
519 334 332 333 480 375 338
520 337 336 481 376 339 335
520 336 481 376 339 335 337
520 481 376 339 335 337 336
520 376 339 335 337 336 481
520 339 335 337 336 481 376
520 335 337 336 481 376 339
521 343 342 482 377 340 344
521 342 482 377 340 344 343
521 482 377 340 344 343 342
521 377 340 344 343 342 482
521 340 344 343 342 482 377
521 344 343 342 482 377 340
522 345 346 483 378 357 347
522 346 483 378 357 347 345
522 483 378 357 347 345 346
522 378 357 347 345 346 483
522 357 347 345 346 483 378
522 347 345 346 483 378 357
523 350 349 484 379 358 348
523 349 484 379 358 348 350
523 484 379 358 348 350 349
523 379 358 348 350 349 484
523 358 348 350 349 484 379
523 348 350 349 484 379 358
524 351 352 485 380 359 353
524 352 485 380 359 353 351
524 485 380 359 353 351 352
524 380 359 353 351 352 485
524 359 353 351 352 485 380
524 353 351 352 485 380 359
525 356 355 486 381 360 354
525 355 486 381 360 354 356
525 486 381 360 354 356 355
525 381 360 354 356 355 486
525 360 354 356 355 486 381
525 354 356 355 486 381 360
526 364 363 487 382 361 367
526 363 487 382 361 367 364
526 487 382 361 367 364 363
526 382 361 367 364 363 487
526 361 367 364 363 487 382
526 367 364 363 487 382 361
527 366 365 488 383 362 368
527 365 488 383 362 368 366
527 488 383 362 368 366 365
527 383 362 368 366 365 488
527 362 368 366 365 488 383
527 368 366 365 488 383 362
528 -1 391 390 490 385 402
529 393 392 491 386 403 394
529 392 491 386 403 394 393
529 491 386 403 394 393 392
529 386 403 394 393 392 491
529 403 394 393 392 491 386
529 394 393 392 491 386 403
530 396 395 492 387 404 399
530 395 492 387 404 399 396
530 492 387 404 399 396 395
530 387 404 399 396 395 492
530 404 399 396 395 492 387
530 399 396 395 492 387 404
531 398 397 493 388 405 400
531 397 493 388 405 400 398
531 493 388 405 400 398 397
531 388 405 400 398 397 493
531 405 400 398 397 493 388
531 400 398 397 493 388 405
532 517 516 494 598 528 518
532 516 494 598 528 518 517
532 494 598 528 518 517 516
532 598 528 518 517 516 494
532 528 518 517 516 494 598
532 518 517 516 494 598 528
533 -1 521 520 496 600 530
534 523 522 497 601 531 526
534 522 497 601 531 526 523
534 497 601 531 526 523 522
534 601 531 526 523 522 497
534 531 526 523 522 497 601
534 526 523 522 497 601 531
535 525 524 498 602 532 527
535 524 498 602 532 527 525
535 498 602 532 527 525 524
535 602 532 527 525 524 498
535 532 527 525 524 498 602
535 527 525 524 498 602 532
536 534 533 499 603 550 537
536 533 499 603 550 537 534
536 499 603 550 537 534 533
536 603 550 537 534 533 499
536 550 537 534 533 499 603
536 537 534 533 499 603 550
537 536 535 500 604 551 538
537 535 500 604 551 538 536
537 500 604 551 538 536 535
537 604 551 538 536 535 500
537 551 538 536 535 500 604
537 538 536 535 500 604 551
538 540 539 501 605 552 543
538 539 501 605 552 543 540
538 501 605 552 543 540 539
538 605 552 543 540 539 501
538 552 543 540 539 501 605
538 543 540 539 501 605 552
539 542 541 502 606 553 544
539 541 502 606 553 544 542
539 502 606 553 544 542 541
539 606 553 544 542 541 502
539 553 544 542 541 502 606
539 544 542 541 502 606 553
540 -1 545 503 607 554 548
541 547 546 504 608 555 549
541 546 504 608 555 549 547
541 504 608 555 549 547 546
541 608 555 549 547 546 504
541 555 549 547 546 504 608
541 549 547 546 504 608 555
542 557 556 505 609 574 560
542 556 505 609 574 560 557
542 505 609 574 560 557 556
542 609 574 560 557 556 505
542 574 560 557 556 505 609
542 560 557 556 505 609 574
543 559 558 506 610 575 561
543 558 506 610 575 561 559
543 506 610 575 561 559 558
543 610 575 561 559 558 506
543 575 561 559 558 506 610
543 561 559 558 506 610 575
544 563 562 507 611 576 566
544 562 507 611 576 566 563
544 507 611 576 566 563 562
544 611 576 566 563 562 507
544 576 566 563 562 507 611
544 566 563 562 507 611 576
545 565 564 508 612 577 567
545 564 508 612 577 567 565
545 508 612 577 567 565 564
545 612 577 567 565 564 508
545 577 567 565 564 508 612
545 567 565 564 508 612 577
546 569 568 509 613 578 572
546 568 509 613 578 572 569
546 509 613 578 572 569 568
546 613 578 572 569 568 509
546 578 572 569 568 509 613
546 572 569 568 509 613 578
547 571 570 510 614 579 573
547 570 510 614 579 573 571
547 510 614 579 573 571 570
547 614 579 573 571 570 510
547 579 573 571 570 510 614
547 573 571 570 510 614 579
548 -1 582 581 512 616 594
549 585 584 513 617 595 586
549 584 513 617 595 586 585
549 513 617 595 586 585 584
549 617 595 586 585 584 513
549 595 586 585 584 513 617
549 586 585 584 513 617 595
550 588 587 514 618 596 591
550 587 514 618 596 591 588
550 514 618 596 591 588 587
550 618 596 591 588 587 514
550 596 591 588 587 514 618
550 591 588 587 514 618 596
551 590 589 515 619 597 592
551 589 515 619 597 592 590
551 515 619 597 592 590 589
551 619 597 592 590 589 515
551 597 592 590 589 515 619
551 592 590 589 515 619 597
552 2 1 516 70 11 5
552 1 516 70 11 5 2
552 516 70 11 5 2 1
552 70 11 5 2 1 516
552 11 5 2 1 516 70
552 5 2 1 516 70 11
553 4 3 517 71 12 6
553 3 517 71 12 6 4
553 517 71 12 6 4 3
553 71 12 6 4 3 517
553 12 6 4 3 517 71
553 6 4 3 517 71 12
554 8 7 518 72 13 9
554 7 518 72 13 9 8
554 518 72 13 9 8 7
554 72 13 9 8 7 518
554 13 9 8 7 518 72
554 9 8 7 518 72 13
555 15 14 519 73 23 16
555 14 519 73 23 16 15
555 519 73 23 16 15 14
555 73 23 16 15 14 519
555 23 16 15 14 519 73
555 16 15 14 519 73 23
556 18 17 520 74 24 21
556 17 520 74 24 21 18
556 520 74 24 21 18 17
556 74 24 21 18 17 520
556 24 21 18 17 520 74
556 21 18 17 520 74 24
557 20 19 521 75 25 22
557 19 521 75 25 22 20
557 521 75 25 22 20 19
557 75 25 22 20 19 521
557 25 22 20 19 521 75
557 22 20 19 521 75 25
558 27 26 522 76 44 30
558 26 522 76 44 30 27
558 522 76 44 30 27 26
558 76 44 30 27 26 522
558 44 30 27 26 522 76
558 30 27 26 522 76 44
559 29 28 523 77 45 31
559 28 523 77 45 31 29
559 523 77 45 31 29 28
559 77 45 31 29 28 523
559 45 31 29 28 523 77
559 31 29 28 523 77 45
560 33 32 524 78 46 36
560 32 524 78 46 36 33
560 524 78 46 36 33 32
560 78 46 36 33 32 524
560 46 36 33 32 524 78
560 36 33 32 524 78 46
561 35 34 525 79 47 37
561 34 525 79 47 37 35
561 525 79 47 37 35 34
561 79 47 37 35 34 525
561 47 37 35 34 525 79
561 37 35 34 525 79 47
562 39 38 526 80 48 42
562 38 526 80 48 42 39
562 526 80 48 42 39 38
562 80 48 42 39 38 526
562 48 42 39 38 526 80
562 42 39 38 526 80 48
563 41 40 527 81 49 43
563 40 527 81 49 43 41
563 527 81 49 43 41 40
563 81 49 43 41 40 527
563 49 43 41 40 527 81
563 43 41 40 527 81 49
564 51 50 528 82 65 52
564 50 528 82 65 52 51
564 528 82 65 52 51 50
564 82 65 52 51 50 528
564 65 52 51 50 528 82
564 52 51 50 528 82 65
565 54 53 529 83 66 57
565 53 529 83 66 57 54
565 529 83 66 57 54 53
565 83 66 57 54 53 529
565 66 57 54 53 529 83
565 57 54 53 529 83 66
566 56 55 530 84 67 58
566 55 530 84 67 58 56
566 530 84 67 58 56 55
566 84 67 58 56 55 530
566 67 58 56 55 530 84
566 58 56 55 530 84 67
567 60 59 531 85 68 63
567 59 531 85 68 63 60
567 531 85 68 63 60 59
567 85 68 63 60 59 531
567 68 63 60 59 531 85
567 63 60 59 531 85 68
568 62 61 532 86 69 64
568 61 532 86 69 64 62
568 532 86 69 64 62 61
568 86 69 64 62 61 532
568 69 64 62 61 532 86
568 64 62 61 532 86 69
569 88 87 533 176 103 90
569 87 533 176 103 90 88
569 533 176 103 90 88 87
569 176 103 90 88 87 533
569 103 90 88 87 533 176
569 90 88 87 533 176 103
570 92 91 535 177 104 95
570 91 535 177 104 95 92
570 535 177 104 95 92 91
570 177 104 95 92 91 535
570 104 95 92 91 535 177
570 95 92 91 535 177 104
571 94 93 536 178 105 96
571 93 536 178 105 96 94
571 536 178 105 96 94 93
571 178 105 96 94 93 536
571 105 96 94 93 536 178
571 96 94 93 536 178 105
572 98 97 537 179 106 101
572 97 537 179 106 101 98
572 537 179 106 101 98 97
572 179 106 101 98 97 537
572 106 101 98 97 537 179
572 101 98 97 537 179 106
573 100 99 538 180 107 102
573 99 538 180 107 102 100
573 538 180 107 102 100 99
573 180 107 102 100 99 538
573 107 102 100 99 538 180
573 102 100 99 538 180 107
574 109 108 539 181 126 112
574 108 539 181 126 112 109
574 539 181 126 112 109 108
574 181 126 112 109 108 539
574 126 112 109 108 539 181
574 112 109 108 539 181 126
575 111 110 540 182 127 113
575 110 540 182 127 113 111
575 540 182 127 113 111 110
575 182 127 113 111 110 540
575 127 113 111 110 540 182
575 113 111 110 540 182 127
576 115 114 541 183 128 118
576 114 541 183 128 118 115
576 541 183 128 118 115 114
576 183 128 118 115 114 541
576 128 118 115 114 541 183
576 118 115 114 541 183 128
577 117 116 542 184 129 119
577 116 542 184 129 119 117
577 542 184 129 119 117 116
577 184 129 119 117 116 542
577 129 119 117 116 542 184
577 119 117 116 542 184 129
578 121 120 543 185 130 124
578 120 543 185 130 124 121
578 543 185 130 124 121 120
578 185 130 124 121 120 543
578 130 124 121 120 543 185
578 124 121 120 543 185 130
579 123 122 544 186 131 125
579 122 544 186 131 125 123
579 544 186 131 125 123 122
579 186 131 125 123 122 544
579 131 125 123 122 544 186
579 125 123 122 544 186 131
580 133 132 545 187 147 134
580 132 545 187 147 134 133
580 545 187 147 134 133 132
580 187 147 134 133 132 545
580 147 134 133 132 545 187
580 134 133 132 545 187 147
581 136 135 546 188 148 139
581 135 546 188 148 139 136
581 546 188 148 139 136 135
581 188 148 139 136 135 546
581 148 139 136 135 546 188
581 139 136 135 546 188 148
582 138 137 547 189 149 140
582 137 547 189 149 140 138
582 547 189 149 140 138 137
582 189 149 140 138 137 547
582 149 140 138 137 547 189
582 140 138 137 547 189 149
583 142 141 548 190 150 145
583 141 548 190 150 145 142
583 548 190 150 145 142 141
583 190 150 145 142 141 548
583 150 145 142 141 548 190
583 145 142 141 548 190 150
584 144 143 549 191 151 146
584 143 549 191 151 146 144
584 549 191 151 146 144 143
584 191 151 146 144 143 549
584 151 146 144 143 549 191
584 146 144 143 549 191 151
585 153 152 550 192 170 156
585 152 550 192 170 156 153
585 550 192 170 156 153 152
585 192 170 156 153 152 550
585 170 156 153 152 550 192
585 156 153 152 550 192 170
586 155 154 551 193 171 157
586 154 551 193 171 157 155
586 551 193 171 157 155 154
586 193 171 157 155 154 551
586 171 157 155 154 551 193
586 157 155 154 551 193 171
587 159 158 552 194 172 162
587 158 552 194 172 162 159
587 552 194 172 162 159 158
587 194 172 162 159 158 552
587 172 162 159 158 552 194
587 162 159 158 552 194 172
588 161 160 553 195 173 163
588 160 553 195 173 163 161
588 553 195 173 163 161 160
588 195 173 163 161 160 553
588 173 163 161 160 553 195
588 163 161 160 553 195 173
589 165 164 554 196 174 168
589 164 554 196 174 168 165
589 554 196 174 168 165 164
589 196 174 168 165 164 554
589 174 168 165 164 554 196
589 168 165 164 554 196 174
590 167 166 555 197 175 169
590 166 555 197 175 169 167
590 555 197 175 169 167 166
590 197 175 169 167 166 555
590 175 169 167 166 555 197
590 169 167 166 555 197 175
591 199 198 556 294 216 202
591 198 556 294 216 202 199
591 556 294 216 202 199 198
591 294 216 202 199 198 556
591 216 202 199 198 556 294
591 202 199 198 556 294 216
592 201 200 557 295 217 203
592 200 557 295 217 203 201
592 557 295 217 203 201 200
592 295 217 203 201 200 557
592 217 203 201 200 557 295
592 203 201 200 557 295 217
593 205 204 558 296 218 208
593 204 558 296 218 208 205
593 558 296 218 208 205 204
593 296 218 208 205 204 558
593 218 208 205 204 558 296
593 208 205 204 558 296 218
594 207 206 559 297 219 209
594 206 559 297 219 209 207
594 559 297 219 209 207 206
594 297 219 209 207 206 559
594 219 209 207 206 559 297
594 209 207 206 559 297 219
595 211 210 560 298 220 214
595 210 560 298 220 214 211
595 560 298 220 214 211 210
595 298 220 214 211 210 560
595 220 214 211 210 560 298
595 214 211 210 560 298 220
596 213 212 561 299 221 215
596 212 561 299 221 215 213
596 561 299 221 215 213 212
596 299 221 215 213 212 561
596 221 215 213 212 561 299
596 215 213 212 561 299 221
597 223 222 562 300 240 226
597 222 562 300 240 226 223
597 562 300 240 226 223 222
597 300 240 226 223 222 562
597 240 226 223 222 562 300
597 226 223 222 562 300 240
598 225 224 563 301 241 227
598 224 563 301 241 227 225
598 563 301 241 227 225 224
598 301 241 227 225 224 563
598 241 227 225 224 563 301
598 227 225 224 563 301 241
599 229 228 564 302 242 232
599 228 564 302 242 232 229
599 564 302 242 232 229 228
599 302 242 232 229 228 564
599 242 232 229 228 564 302
599 232 229 228 564 302 242
600 231 230 565 303 243 233
600 230 565 303 243 233 231
600 565 303 243 233 231 230
600 303 243 233 231 230 565
600 243 233 231 230 565 303
600 233 231 230 565 303 243
601 235 234 566 304 244 238
601 234 566 304 244 238 235
601 566 304 244 238 235 234
601 304 244 238 235 234 566
601 244 238 235 234 566 304
601 238 235 234 566 304 244
602 237 236 567 305 245 239
602 236 567 305 245 239 237
602 567 305 245 239 237 236
602 305 245 239 237 236 567
602 245 239 237 236 567 305
602 239 237 236 567 305 245
603 247 246 568 306 264 250
603 246 568 306 264 250 247
603 568 306 264 250 247 246
603 306 264 250 247 246 568
603 264 250 247 246 568 306
603 250 247 246 568 306 264
604 249 248 569 307 265 251
604 248 569 307 265 251 249
604 569 307 265 251 249 248
604 307 265 251 249 248 569
604 265 251 249 248 569 307
604 251 249 248 569 307 265
605 253 252 570 308 266 256
605 252 570 308 266 256 253
605 570 308 266 256 253 252
605 308 266 256 253 252 570
605 266 256 253 252 570 308
605 256 253 252 570 308 266
606 255 254 571 309 267 257
606 254 571 309 267 257 255
606 571 309 267 257 255 254
606 309 267 257 255 254 571
606 267 257 255 254 571 309
606 257 255 254 571 309 267
607 259 258 572 310 268 262
607 258 572 310 268 262 259
607 572 310 268 262 259 258
607 310 268 262 259 258 572
607 268 262 259 258 572 310
607 262 259 258 572 310 268
608 261 260 573 311 269 263
608 260 573 311 269 263 261
608 573 311 269 263 261 260
608 311 269 263 261 260 573
608 269 263 261 260 573 311
608 263 261 260 573 311 269
609 271 270 574 312 288 274
609 270 574 312 288 274 271
609 574 312 288 274 271 270
609 312 288 274 271 270 574
609 288 274 271 270 574 312
609 274 271 270 574 312 288
610 273 272 575 313 289 275
610 272 575 313 289 275 273
610 575 313 289 275 273 272
610 313 289 275 273 272 575
610 289 275 273 272 575 313
610 275 273 272 575 313 289
611 277 276 576 314 290 280
611 276 576 314 290 280 277
611 576 314 290 280 277 276
611 314 290 280 277 276 576
611 290 280 277 276 576 314
611 280 277 276 576 314 290
612 279 278 577 315 291 281
612 278 577 315 291 281 279
612 577 315 291 281 279 278
612 315 291 281 279 278 577
612 291 281 279 278 577 315
612 281 279 278 577 315 291
613 283 282 578 316 292 286
613 282 578 316 292 286 283
613 578 316 292 286 283 282
613 316 292 286 283 282 578
613 292 286 283 282 578 316
613 286 283 282 578 316 292
614 285 284 579 317 293 287
614 284 579 317 293 287 285
614 579 317 293 287 285 284
614 317 293 287 285 284 579
614 293 287 285 284 579 317
614 287 285 284 579 317 293
615 319 318 580 389 327 320
615 318 580 389 327 320 319
615 580 389 327 320 319 318
615 389 327 320 319 318 580
615 327 320 319 318 580 389
615 320 319 318 580 389 327
616 322 321 581 390 328 325
616 321 581 390 328 325 322
616 581 390 328 325 322 321
616 390 328 325 322 321 581
616 328 325 322 321 581 390
616 325 322 321 581 390 328
617 324 323 582 391 329 326
617 323 582 391 329 326 324
617 582 391 329 326 324 323
617 391 329 326 324 323 582
617 329 326 324 323 582 391
617 326 324 323 582 391 329
618 333 332 584 392 342 336
618 332 584 392 342 336 333
618 584 392 342 336 333 332
618 392 342 336 333 332 584
618 342 336 333 332 584 392
618 336 333 332 584 392 342
619 335 334 585 393 343 337
619 334 585 393 343 337 335
619 585 393 343 337 335 334
619 393 343 337 335 334 585
619 343 337 335 334 585 393
619 337 335 334 585 393 343
620 339 338 586 394 344 340
620 338 586 394 344 340 339
620 586 394 344 340 339 338
620 394 344 340 339 338 586
620 344 340 339 338 586 394
620 340 339 338 586 394 344
621 346 345 587 395 363 349
621 345 587 395 363 349 346
621 587 395 363 349 346 345
621 395 363 349 346 345 587
621 363 349 346 345 587 395
621 349 346 345 587 395 363
622 348 347 588 396 364 350
622 347 588 396 364 350 348
622 588 396 364 350 348 347
622 396 364 350 348 347 588
622 364 350 348 347 588 396
622 350 348 347 588 396 364
623 352 351 589 397 365 355
623 351 589 397 365 355 352
623 589 397 365 355 352 351
623 397 365 355 352 351 589
623 365 355 352 351 589 397
623 355 352 351 589 397 365
624 354 353 590 398 366 356
624 353 590 398 366 356 354
624 590 398 366 356 354 353
624 398 366 356 354 353 590
624 366 356 354 353 590 398
624 356 354 353 590 398 366
625 358 357 591 399 367 361
625 357 591 399 367 361 358
625 591 399 367 361 358 357
625 399 367 361 358 357 591
625 367 361 358 357 591 399
625 361 358 357 591 399 367
626 360 359 592 400 368 362
626 359 592 400 368 362 360
626 592 400 368 362 360 359
626 400 368 362 360 359 592
626 368 362 360 359 592 400
626 362 360 359 592 400 368
627 370 369 593 401 384 373
627 369 593 401 384 373 370
627 593 401 384 373 370 369
627 401 384 373 370 369 593
627 384 373 370 369 593 401
627 373 370 369 593 401 384
628 372 371 594 402 385 374
628 371 594 402 385 374 372
628 594 402 385 374 372 371
628 402 385 374 372 371 594
628 385 374 372 371 594 402
628 374 372 371 594 402 385
629 376 375 595 403 386 377
629 375 595 403 386 377 376
629 595 403 386 377 376 375
629 403 386 377 376 375 595
629 386 377 376 375 595 403
629 377 376 375 595 403 386
630 379 378 596 404 387 382
630 378 596 404 387 382 379
630 596 404 387 382 379 378
630 404 387 382 379 378 596
630 387 382 379 378 596 404
630 382 379 378 596 404 387
631 381 380 597 405 388 383
631 380 597 405 388 383 381
631 597 405 388 383 381 380
631 405 388 383 381 380 597
631 388 383 381 380 597 405
631 383 381 380 597 405 388
632 407 406 598 494 421 408
632 406 598 494 421 408 407
632 598 494 421 408 407 406
632 494 421 408 407 406 598
632 421 408 407 406 598 494
632 408 407 406 598 494 421
633 410 409 599 495 422 413
633 409 599 495 422 413 410
633 599 495 422 413 410 409
633 495 422 413 410 409 599
633 422 413 410 409 599 495
633 413 410 409 599 495 422
634 412 411 600 496 423 414
634 411 600 496 423 414 412
634 600 496 423 414 412 411
634 496 423 414 412 411 600
634 423 414 412 411 600 496
634 414 412 411 600 496 423
635 416 415 601 497 424 419
635 415 601 497 424 419 416
635 601 497 424 419 416 415
635 497 424 419 416 415 601
635 424 419 416 415 601 497
635 419 416 415 601 497 424
636 418 417 602 498 425 420
636 417 602 498 425 420 418
636 602 498 425 420 418 417
636 498 425 420 418 417 602
636 425 420 418 417 602 498
636 420 418 417 602 498 425
637 427 426 603 499 444 430
637 426 603 499 444 430 427
637 603 499 444 430 427 426
637 499 444 430 427 426 603
637 444 430 427 426 603 499
637 430 427 426 603 499 444
638 429 428 604 500 445 431
638 428 604 500 445 431 429
638 604 500 445 431 429 428
638 500 445 431 429 428 604
638 445 431 429 428 604 500
638 431 429 428 604 500 445
639 433 432 605 501 446 436
639 432 605 501 446 436 433
639 605 501 446 436 433 432
639 501 446 436 433 432 605
639 446 436 433 432 605 501
639 436 433 432 605 501 446
640 435 434 606 502 447 437
640 434 606 502 447 437 435
640 606 502 447 437 435 434
640 502 447 437 435 434 606
640 447 437 435 434 606 502
640 437 435 434 606 502 447
641 439 438 607 503 448 442
641 438 607 503 448 442 439
641 607 503 448 442 439 438
641 503 448 442 439 438 607
641 448 442 439 438 607 503
641 442 439 438 607 503 448
642 441 440 608 504 449 443
642 440 608 504 449 443 441
642 608 504 449 443 441 440
642 504 449 443 441 440 608
642 449 443 441 440 608 504
642 443 441 440 608 504 449
643 451 450 609 505 468 454
643 450 609 505 468 454 451
643 609 505 468 454 451 450
643 505 468 454 451 450 609
643 468 454 451 450 609 505
643 454 451 450 609 505 468
644 453 452 610 506 469 455
644 452 610 506 469 455 453
644 610 506 469 455 453 452
644 506 469 455 453 452 610
644 469 455 453 452 610 506
644 455 453 452 610 506 469
645 457 456 611 507 470 460
645 456 611 507 470 460 457
645 611 507 470 460 457 456
645 507 470 460 457 456 611
645 470 460 457 456 611 507
645 460 457 456 611 507 470
646 459 458 612 508 471 461
646 458 612 508 471 461 459
646 612 508 471 461 459 458
646 508 471 461 459 458 612
646 471 461 459 458 612 508
646 461 459 458 612 508 471
647 463 462 613 509 472 466
647 462 613 509 472 466 463
647 613 509 472 466 463 462
647 509 472 466 463 462 613
647 472 466 463 462 613 509
647 466 463 462 613 509 472
648 465 464 614 510 473 467
648 464 614 510 473 467 465
648 614 510 473 467 465 464
648 510 473 467 465 464 614
648 473 467 465 464 614 510
648 467 465 464 614 510 473
649 475 474 615 511 489 478
649 474 615 511 489 478 475
649 615 511 489 478 475 474
649 511 489 478 475 474 615
649 489 478 475 474 615 511
649 478 475 474 615 511 489
650 477 476 616 512 490 479
650 476 616 512 490 479 477
650 616 512 490 479 477 476
650 512 490 479 477 476 616
650 490 479 477 476 616 512
650 479 477 476 616 512 490
651 481 480 617 513 491 482
651 480 617 513 491 482 481
651 617 513 491 482 481 480
651 513 491 482 481 480 617
651 491 482 481 480 617 513
651 482 481 480 617 513 491
652 484 483 618 514 492 487
652 483 618 514 492 487 484
652 618 514 492 487 484 483
652 514 492 487 484 483 618
652 492 487 484 483 618 514
652 487 484 483 618 514 492
653 486 485 619 515 493 488
653 485 619 515 493 488 486
653 619 515 493 488 486 485
653 515 493 488 486 485 619
653 493 488 486 485 619 515
653 488 486 485 619 515 493
