590 2936 581 5
0 -1 120 283 486 553 309
1 310 0 126 307 585 454
1 0 126 307 585 454 310
1 126 307 585 454 310 0
1 307 585 454 310 0 126
1 585 454 310 0 126 307
1 454 310 0 126 307 585
2 492 1 133 355 279 472
2 1 133 355 279 472 492
2 133 355 279 472 492 1
2 355 279 472 492 1 133
2 279 472 492 1 133 355
2 472 492 1 133 355 279
3 396 2 135 361 303 570
3 2 135 361 303 570 396
3 135 361 303 570 396 2
3 361 303 570 396 2 135
3 303 570 396 2 135 361
3 570 396 2 135 361 303
4 493 3 139 373 448 285
4 3 139 373 448 285 493
4 139 373 448 285 493 3
4 373 448 285 493 3 139
4 448 285 493 3 139 373
4 285 493 3 139 373 448
5 189 4 141 377 480 529
5 4 141 377 480 529 189
5 141 377 480 529 189 4
5 377 480 529 189 4 141
5 480 529 189 4 141 377
5 529 189 4 141 377 480
6 397 5 144 390 547 261
6 5 144 390 547 261 397
6 144 390 547 261 397 5
6 390 547 261 397 5 144
6 547 261 397 5 144 390
6 261 397 5 144 390 547
7 190 6 146 394 579 430
7 6 146 394 579 430 190
7 146 394 579 430 190 6
7 394 579 430 190 6 146
7 579 430 190 6 146 394
7 430 190 6 146 394 579
8 494 7 160 465 357 286
8 7 160 465 357 286 494
8 160 465 357 286 494 7
8 465 357 286 494 7 160
8 357 286 494 7 160 465
8 286 494 7 160 465 357
9 191 8 161 470 386 530
9 8 161 470 386 530 191
9 161 470 386 530 191 8
9 470 386 530 191 8 161
9 386 530 191 8 161 470
9 530 191 8 161 470 386
10 192 9 166 490 560 339
10 9 166 490 560 339 192
10 166 490 560 339 192 9
10 490 560 339 192 9 166
10 560 339 192 9 166 490
10 339 192 9 166 490 560
11 311 10 178 551 273 455
11 10 178 551 273 455 311
11 178 551 273 455 311 10
11 551 273 455 311 10 178
11 273 455 311 10 178 551
11 455 311 10 178 551 273
12 398 11 181 564 351 262
12 11 181 564 351 262 398
12 181 564 351 262 398 11
12 564 351 262 398 11 181
12 351 262 398 11 181 564
12 262 398 11 181 564 351
13 193 12 183 568 369 431
13 12 183 568 369 431 193
13 183 568 369 431 193 12
13 568 369 431 193 12 183
13 369 431 193 12 183 568
13 431 193 12 183 568 369
14 194 13 188 588 461 340
14 13 188 588 461 340 194
14 188 588 461 340 194 13
14 588 461 340 194 13 188
14 461 340 194 13 188 588
14 340 194 13 188 588 461
15 81 17 278 468 382 508
15 17 278 468 382 508 81
15 278 468 382 508 81 17
15 468 382 508 81 17 278
15 382 508 81 17 278 468
15 508 81 17 278 468 382
16 82 18 284 488 556 321
16 18 284 488 556 321 82
16 284 488 556 321 82 18
16 488 556 321 82 18 284
16 556 321 82 18 284 488
16 321 82 18 284 488 556
17 496 20 328 119 280 473
17 20 328 119 280 473 496
17 328 119 280 473 496 20
17 119 280 473 496 20 328
17 280 473 496 20 328 119
17 473 496 20 328 119 280
18 401 21 330 125 304 572
18 21 330 125 304 572 401
18 330 125 304 572 401 21
18 125 304 572 401 21 330
18 304 572 401 21 330 125
18 572 401 21 330 125 304
19 497 22 332 157 449 287
19 22 332 157 449 287 497
19 332 157 449 287 497 22
19 157 449 287 497 22 332
19 449 287 497 22 332 157
19 287 497 22 332 157 449
20 195 23 333 164 481 531
20 23 333 164 481 531 195
20 333 164 481 531 195 23
20 164 481 531 195 23 333
20 481 531 195 23 333 164
20 531 195 23 333 164 481
21 402 24 337 177 548 263
21 24 337 177 548 263 402
21 337 177 548 263 402 24
21 177 548 263 402 24 337
21 548 263 402 24 337 177
21 263 402 24 337 177 548
22 196 25 338 186 580 432
22 25 338 186 580 432 196
22 338 186 580 432 196 25
22 186 580 432 196 25 338
22 580 432 196 25 338 186
22 432 196 25 338 186 580
23 498 26 348 229 163 474
23 26 348 229 163 474 498
23 348 229 163 474 498 26
23 229 163 474 498 26 348
23 163 474 498 26 348 229
23 474 498 26 348 229 163
24 403 27 350 235 185 573
24 27 350 235 185 573 403
24 350 235 185 573 403 27
24 235 185 573 403 27 350
24 185 573 403 27 350 235
24 573 403 27 350 235 185
25 499 28 354 271 426 169
25 28 354 271 426 169 499
25 354 271 426 169 499 28
25 271 426 169 499 28 354
25 426 169 499 28 354 271
25 169 499 28 354 271 426
26 85 29 356 281 476 509
26 29 356 281 476 509 85
26 356 281 476 509 85 29
26 281 476 509 85 29 356
26 476 509 85 29 356 281
26 509 85 29 356 281 476
27 404 30 360 295 525 149
27 30 360 295 525 149 404
27 360 295 525 149 404 30
27 295 525 149 404 30 360
27 525 149 404 30 360 295
27 149 404 30 360 295 525
28 86 31 362 305 575 412
28 31 362 305 575 412 86
28 362 305 575 412 86 31
28 305 575 412 86 31 362
28 575 412 86 31 362 305
28 412 86 31 362 305 575
29 500 32 367 420 121 288
29 32 367 420 121 288 500
29 367 420 121 288 500 32
29 420 121 288 500 32 367
29 121 288 500 32 367 420
29 288 500 32 367 420 121
30 197 33 368 427 173 532
30 33 368 427 173 532 197
30 368 427 173 532 197 33
30 427 173 532 197 33 368
30 173 532 197 33 368 427
30 532 197 33 368 427 173
31 501 34 372 440 231 170
31 34 372 440 231 170 501
31 372 440 231 170 501 34
31 440 231 170 501 34 372
31 231 170 501 34 372 440
31 170 501 34 372 440 231
32 87 35 374 450 291 510
32 35 374 450 291 510 87
32 374 450 291 510 87 35
32 450 291 510 87 35 374
32 291 510 87 35 374 450
32 510 87 35 374 450 291
33 198 36 376 477 513 103
33 36 376 477 513 103 198
33 376 477 513 103 198 36
33 477 513 103 198 36 376
33 513 103 198 36 376 477
33 103 198 36 376 477 513
34 88 37 378 482 535 213
34 37 378 482 535 213 88
34 378 482 535 213 88 37
34 482 535 213 88 37 378
34 535 213 88 37 378 482
34 213 88 37 378 482 535
35 405 38 384 517 115 264
35 38 384 517 115 264 405
35 384 517 115 264 405 38
35 517 115 264 405 38 384
35 115 264 405 38 384 517
35 264 405 38 384 517 115
36 199 39 385 526 153 433
36 39 385 526 153 433 199
36 385 526 153 433 199 39
36 526 153 433 199 39 385
36 153 433 199 39 385 526
36 433 199 39 385 526 153
37 406 40 389 539 225 150
37 40 389 539 225 150 406
37 389 539 225 150 406 40
37 539 225 150 406 40 389
37 225 150 406 40 389 539
37 150 406 40 389 539 225
38 89 41 391 549 267 413
38 41 391 549 267 413 89
38 391 549 267 413 89 41
38 549 267 413 89 41 391
38 267 413 89 41 391 549
38 413 89 41 391 549 267
39 200 42 393 576 416 104
39 42 393 576 416 104 200
39 393 576 416 104 200 42
39 576 416 104 200 42 393
39 416 104 200 42 393 576
39 104 200 42 393 576 416
40 90 43 395 581 436 214
40 43 395 581 436 214 90
40 395 581 436 214 90 43
40 581 436 214 90 43 395
40 436 214 90 43 395 581
40 214 90 43 395 581 436
41 502 44 423 134 358 289
41 44 423 134 358 289 502
41 423 134 358 289 502 44
41 134 358 289 502 44 423
41 358 289 502 44 423 134
41 289 502 44 423 134 358
42 201 45 424 143 387 533
42 45 424 143 387 533 201
42 424 143 387 533 201 45
42 143 387 533 201 45 424
42 387 533 201 45 424 143
42 533 201 45 424 143 387
43 202 46 429 180 561 341
43 46 429 180 561 341 202
43 429 180 561 341 202 46
43 180 561 341 202 46 429
43 561 341 202 46 429 180
43 341 202 46 429 180 561
44 504 49 445 247 335 171
44 49 445 247 335 171 504
44 445 247 335 171 504 49
44 247 335 171 504 49 445
44 335 171 504 49 445 247
44 171 504 49 445 247 335
45 -1 511 91 50 447 257
46 505 53 459 329 122 290
46 53 459 329 122 290 505
46 459 329 122 290 505 53
46 329 122 290 505 53 459
46 122 290 505 53 459 329
46 290 505 53 459 329 122
47 203 54 460 336 174 534
47 54 460 336 174 534 203
47 460 336 174 534 203 54
47 336 174 534 203 54 460
47 174 534 203 54 460 336
47 534 203 54 460 336 174
48 506 55 464 349 232 172
48 55 464 349 232 172 506
48 464 349 232 172 506 55
48 349 232 172 506 55 464
48 232 172 506 55 464 349
48 172 506 55 464 349 232
49 93 56 466 359 292 512
49 56 466 359 292 512 93
49 466 359 292 512 93 56
49 359 292 512 93 56 466
49 292 512 93 56 466 359
49 512 93 56 466 359 292
50 204 57 469 383 514 105
50 57 469 383 514 105 204
50 469 383 514 105 204 57
50 383 514 105 204 57 469
50 514 105 204 57 469 383
50 105 204 57 469 383 514
51 94 58 471 388 536 215
51 58 471 388 536 215 94
51 471 388 536 215 94 58
51 388 536 215 94 58 471
51 536 215 94 58 471 388
51 215 94 58 471 388 536
52 205 59 479 520 130 342
52 59 479 520 130 342 205
52 479 520 130 342 205 59
52 520 130 342 205 59 479
52 130 342 205 59 479 520
52 342 205 59 479 520 130
53 -1 95 61 485 543 243
54 206 62 489 557 325 106
54 62 489 557 325 106 206
54 489 557 325 106 206 62
54 557 325 106 206 62 489
54 325 106 206 62 489 557
54 106 206 62 489 557 325
55 96 63 491 562 345 216
55 63 491 562 345 216 96
55 491 562 345 216 96 63
55 562 345 216 96 63 491
55 345 216 96 63 491 562
55 216 96 63 491 562 345
56 -1 518 117 274 457 318
57 407 64 521 132 352 265
57 64 521 132 352 265 407
57 521 132 352 265 407 64
57 132 352 265 407 64 521
57 352 265 407 64 521 132
57 265 407 64 521 132 352
58 207 65 523 138 370 434
58 65 523 138 370 434 207
58 523 138 370 434 207 65
58 138 370 434 207 65 523
58 370 434 207 65 523 138
58 434 207 65 523 138 370
59 208 66 528 159 462 343
59 66 528 159 462 343 208
59 528 159 462 343 208 66
59 159 462 343 208 66 528
59 462 343 208 66 528 159
59 343 208 66 528 159 462
60 408 68 558 327 116 266
60 68 558 327 116 266 408
60 558 327 116 266 408 68
60 327 116 266 408 68 558
60 116 266 408 68 558 327
60 266 408 68 558 327 116
61 209 69 559 331 154 435
61 69 559 331 154 435 209
61 559 331 154 435 209 69
61 331 154 435 209 69 559
61 154 435 209 69 559 331
61 435 209 69 559 331 154
62 409 70 563 347 226 152
62 70 563 347 226 152 409
62 563 347 226 152 409 70
62 347 226 152 409 70 563
62 226 152 409 70 563 347
62 152 409 70 563 347 226
63 99 71 565 353 268 415
63 71 565 353 268 415 99
63 565 353 268 415 99 71
63 353 268 415 99 71 565
63 268 415 99 71 565 353
63 415 99 71 565 353 268
64 210 72 567 366 417 107
64 72 567 366 417 107 210
64 567 366 417 107 210 72
64 366 417 107 210 72 567
64 417 107 210 72 567 366
64 107 210 72 567 366 417
65 100 73 569 371 437 217
65 73 569 371 437 217 100
65 569 371 437 217 100 73
65 371 437 217 100 73 569
65 437 217 100 73 569 371
65 217 100 73 569 371 437
66 211 74 578 422 131 344
66 74 578 422 131 344 211
66 578 422 131 344 211 74
66 422 131 344 211 74 578
66 131 344 211 74 578 422
66 344 211 74 578 422 131
67 101 76 584 444 244 324
67 76 584 444 244 324 101
67 584 444 244 324 101 76
67 444 244 324 101 76 584
67 244 324 101 76 584 444
67 324 101 76 584 444 244
68 212 77 587 458 326 108
68 77 587 458 326 108 212
68 587 458 326 108 212 77
68 458 326 108 212 77 587
68 326 108 212 77 587 458
68 108 212 77 587 458 326
69 102 78 589 463 346 218
69 78 589 463 346 218 102
69 589 463 346 218 102 78
69 463 346 218 102 78 589
69 346 218 102 78 589 463
69 218 102 78 589 463 346
70 -1 79 103 109 111 112
71 -1 80 104 110 113 114
72 -1 81 105 115 117 118
73 -1 82 106 116 119 120
74 -1 83 107 121 123 124
75 125 126 0 84 108 122
75 126 0 84 108 122 125
75 0 84 108 122 125 126
75 84 108 122 125 126 0
75 108 122 125 126 0 84
75 122 125 126 0 84 108
76 132 133 1 85 127 130
76 133 1 85 127 130 132
76 1 85 127 130 132 133
76 85 127 130 132 133 1
76 127 130 132 133 1 85
76 130 132 133 1 85 127
77 134 135 2 86 128 131
77 135 2 86 128 131 134
77 2 86 128 131 134 135
77 86 128 131 134 135 2
77 128 131 134 135 2 86
77 131 134 135 2 86 128
78 -1 136 138 139 3 87
79 -1 137 140 141 4 88
80 143 144 5 89 129 142
80 144 5 89 129 142 143
80 5 89 129 142 143 144
80 89 129 142 143 144 5
80 129 142 143 144 5 89
80 142 143 144 5 89 129
81 -1 91 147 153 155 156
82 -1 92 148 154 157 158
83 -1 159 160 7 93 149
84 -1 95 151 162 164 165
85 -1 166 9 96 152 163
86 -1 97 167 173 175 176
87 177 178 10 98 168 174
87 178 10 98 168 174 177
87 10 98 168 174 177 178
87 98 168 174 177 178 10
87 168 174 177 178 10 98
87 174 177 178 10 98 168
88 180 181 11 99 169 179
88 181 11 99 169 179 180
88 11 99 169 179 180 181
88 99 169 179 180 181 11
88 169 179 180 181 11 99
88 179 180 181 11 99 169
89 -1 182 183 12 100 170
90 -1 101 171 184 186 187
91 -1 188 13 102 172 185
92 221 222 14 189 213 219
92 222 14 189 213 219 221
92 14 189 213 219 221 222
92 189 213 219 221 222 14
92 213 219 221 222 14 189
92 219 221 222 14 189 213
93 223 224 15 190 214 220
93 224 15 190 214 220 223
93 15 190 214 220 223 224
93 190 214 220 223 224 15
93 214 220 223 224 15 190
93 220 223 224 15 190 214
94 -1 191 215 225 227 228
95 -1 192 216 226 229 230
96 233 234 16 193 217 231
96 234 16 193 217 231 233
96 16 193 217 231 233 234
96 193 217 231 233 234 16
96 217 231 233 234 16 193
96 231 233 234 16 193 217
97 -1 194 218 232 235 236
98 -1 195 237 243 245 246
99 -1 196 238 244 247 248
100 -1 197 239 249 251 252
101 -1 198 240 250 253 254
102 -1 199 241 255 257 258
103 -1 200 242 256 259 260
104 -1 201 261 267 269 270
105 -1 202 262 268 271 272
106 -1 203 263 273 275 276
107 277 278 17 204 264 274
107 278 17 204 264 274 277
107 17 204 264 274 277 278
107 204 264 274 277 278 17
107 264 274 277 278 17 204
107 274 277 278 17 204 264
108 -1 205 265 279 281 282
109 283 284 18 206 266 280
109 284 18 206 266 280 283
109 18 206 266 280 283 284
109 206 266 280 283 284 18
109 266 280 283 284 18 206
109 280 283 284 18 206 266
110 293 294 19 207 285 291
110 294 19 207 285 291 293
110 19 207 285 291 293 294
110 207 285 291 293 294 19
110 285 291 293 294 19 207
110 291 293 294 19 207 285
111 -1 208 286 292 295 296
112 -1 209 287 297 299 300
113 -1 210 288 298 301 302
114 -1 211 289 303 305 306
115 -1 212 290 304 307 308
116 327 328 20 309 321 325
116 328 20 309 321 325 327
116 20 309 321 325 327 328
116 309 321 325 327 328 20
116 321 325 327 328 20 309
116 325 327 328 20 309 321
117 329 330 21 310 322 326
117 330 21 310 322 326 329
117 21 310 322 326 329 330
117 310 322 326 329 330 21
117 322 326 329 330 21 310
117 326 329 330 21 310 322
118 336 337 24 311 323 334
118 337 24 311 323 334 336
118 24 311 323 334 336 337
118 311 323 334 336 337 24
118 323 334 336 337 24 311
118 334 336 337 24 311 323
119 347 348 26 312 339 345
119 348 26 312 339 345 347
119 26 312 339 345 347 348
119 312 339 345 347 348 26
119 339 345 347 348 26 312
119 345 347 348 26 312 339
120 349 350 27 313 340 346
120 350 27 313 340 346 349
120 27 313 340 346 349 350
120 313 340 346 349 350 27
120 340 346 349 350 27 313
120 346 349 350 27 313 340
121 353 354 28 314 341 351
121 354 28 314 341 351 353
121 28 314 341 351 353 354
121 314 341 351 353 354 28
121 341 351 353 354 28 314
121 351 353 354 28 314 341
122 355 356 29 315 342 352
122 356 29 315 342 352 355
122 29 315 342 352 355 356
122 315 342 352 355 356 29
122 342 352 355 356 29 315
122 352 355 356 29 315 342
123 359 360 30 316 343 357
123 360 30 316 343 357 359
123 30 316 343 357 359 360
123 316 343 357 359 360 30
123 343 357 359 360 30 316
123 357 359 360 30 316 343
124 361 362 31 317 344 358
124 362 31 317 344 358 361
124 31 317 344 358 361 362
124 317 344 358 361 362 31
124 344 358 361 362 31 317
124 358 361 362 31 317 344
125 383 384 38 318 379 382
125 384 38 318 379 382 383
125 38 318 379 382 383 384
125 318 379 382 383 384 38
125 379 382 383 384 38 318
125 382 383 384 38 318 379
126 388 389 40 319 380 386
126 389 40 319 380 386 388
126 40 319 380 386 388 389
126 319 380 386 388 389 40
126 380 386 388 389 40 319
126 386 388 389 40 319 380
127 390 391 41 320 381 387
127 391 41 320 381 387 390
127 41 320 381 387 390 391
127 320 381 387 390 391 41
127 381 387 390 391 41 320
127 387 390 391 41 320 381
128 -1 422 423 44 396 412
129 -1 429 46 398 415 426
130 -1 430 436 438 439 47
131 -1 431 437 440 441 48
132 444 445 49 399 432 442
132 445 49 399 432 442 444
132 49 399 432 442 444 445
132 399 432 442 444 445 49
132 432 442 444 445 49 399
132 442 444 445 49 399 432
133 446 447 50 400 433 443
133 447 50 400 433 443 446
133 50 400 433 443 446 447
133 400 433 443 446 447 50
133 433 443 446 447 50 400
133 443 446 447 50 400 433
134 -1 434 448 450 451 51
135 -1 435 449 452 453 52
136 -1 458 459 53 401 454
137 463 464 55 403 456 461
137 464 55 403 456 461 463
137 55 403 456 461 463 464
137 403 456 461 463 464 55
137 456 461 463 464 55 403
137 461 463 464 55 403 456
138 -1 462 465 466 56 404
139 468 469 57 405 457 467
139 469 57 405 457 467 468
139 57 405 457 467 468 469
139 405 457 467 468 469 57
139 457 467 468 469 57 405
139 467 468 469 57 405 457
140 -1 479 59 407 472 476
141 488 489 62 408 473 486
141 489 62 408 473 486 488
141 62 408 473 486 488 489
141 408 473 486 488 489 62
141 473 486 488 489 62 408
141 486 488 489 62 408 473
142 490 491 63 409 474 487
142 491 63 409 474 487 490
142 63 409 474 487 490 491
142 409 474 487 490 491 63
142 474 487 490 491 63 409
142 487 490 491 63 409 474
143 520 521 64 492 509 519
143 521 64 492 509 519 520
143 64 492 509 519 520 521
143 492 509 519 520 521 64
143 509 519 520 521 64 492
143 519 520 521 64 492 509
144 -1 522 523 65 493 510
145 -1 528 66 494 512 525
146 537 538 67 495 529 535
146 538 67 495 529 535 537
146 67 495 529 535 537 538
146 495 529 535 537 538 67
146 529 535 537 538 67 495
146 535 537 538 67 495 529
147 557 558 68 496 553 556
147 558 68 496 553 556 557
147 68 496 553 556 557 558
147 496 553 556 557 558 68
147 553 556 557 558 68 496
147 556 557 558 68 496 553
148 562 563 70 498 554 560
148 563 70 498 554 560 562
148 70 498 554 560 562 563
148 498 554 560 562 563 70
148 554 560 562 563 70 498
148 560 562 563 70 498 554
149 564 565 71 499 555 561
149 565 71 499 555 561 564
149 71 499 555 561 564 565
149 499 555 561 564 565 71
149 555 561 564 565 71 499
149 561 564 565 71 499 555
150 -1 578 74 502 570 575
151 -1 579 581 582 75 503
152 583 584 76 504 571 580
152 584 76 504 571 580 583
152 76 504 571 580 583 584
152 504 571 580 583 584 76
152 571 580 583 584 76 504
152 580 583 584 76 504 571
153 -1 587 77 505 572 585
154 588 589 78 506 573 586
154 589 78 506 573 586 588
154 78 506 573 586 588 589
154 506 573 586 588 589 78
154 573 586 588 589 78 506
154 586 588 589 78 506 573
155 28 29 85 1 20 26
155 29 85 1 20 26 28
155 85 1 20 26 28 29
155 1 20 26 28 29 85
155 20 26 28 29 85 1
155 26 28 29 85 1 20
156 30 31 86 2 21 27
156 31 86 2 21 27 30
156 86 2 21 27 30 31
156 2 21 27 30 31 86
156 21 27 30 31 86 2
156 27 30 31 86 2 21
157 34 35 87 3 22 32
157 35 87 3 22 32 34
157 87 3 22 32 34 35
157 3 22 32 34 35 87
157 22 32 34 35 87 3
157 32 34 35 87 3 22
158 36 37 88 4 23 33
158 37 88 4 23 33 36
158 88 4 23 33 36 37
158 4 23 33 36 37 88
158 23 33 36 37 88 4
158 33 36 37 88 4 23
159 40 41 89 5 24 38
159 41 89 5 24 38 40
159 89 5 24 38 40 41
159 5 24 38 40 41 89
159 24 38 40 41 89 5
159 38 40 41 89 5 24
160 42 43 90 6 25 39
160 43 90 6 25 39 42
160 90 6 25 39 42 43
160 6 25 39 42 43 90
160 25 39 42 43 90 6
160 39 42 43 90 6 25
161 55 56 93 7 44 53
161 56 93 7 44 53 55
161 93 7 44 53 55 56
161 7 44 53 55 56 93
161 44 53 55 56 93 7
161 53 55 56 93 7 44
162 57 58 94 8 45 54
162 58 94 8 45 54 57
162 94 8 45 54 57 58
162 8 45 54 57 58 94
162 45 54 57 58 94 8
162 54 57 58 94 8 45
163 62 63 96 9 46 59
163 63 96 9 46 59 62
163 96 9 46 59 62 63
163 9 46 59 62 63 96
163 46 59 62 63 96 9
163 59 62 63 96 9 46
164 70 71 99 11 64 68
164 71 99 11 64 68 70
164 99 11 64 68 70 71
164 11 64 68 70 71 99
164 64 68 70 71 99 11
164 68 70 71 99 11 64
165 72 73 100 12 65 69
165 73 100 12 65 69 72
165 100 12 65 69 72 73
165 12 65 69 72 73 100
165 65 69 72 73 100 12
165 69 72 73 100 12 65
166 77 78 102 13 66 74
166 78 102 13 66 74 77
166 102 13 66 74 77 78
166 13 66 74 77 78 102
166 66 74 77 78 102 13
166 74 77 78 102 13 66
167 197 198 103 213 189 195
167 198 103 213 189 195 197
167 103 213 189 195 197 198
167 213 189 195 197 198 103
167 189 195 197 198 103 213
167 195 197 198 103 213 189
168 199 200 104 214 190 196
168 200 104 214 190 196 199
168 104 214 190 196 199 200
168 214 190 196 199 200 104
168 190 196 199 200 104 214
168 196 199 200 104 214 190
169 203 204 105 215 191 201
169 204 105 215 191 201 203
169 105 215 191 201 203 204
169 215 191 201 203 204 105
169 191 201 203 204 105 215
169 201 203 204 105 215 191
170 205 206 106 216 192 202
170 206 106 216 192 202 205
170 106 216 192 202 205 206
170 216 192 202 205 206 106
170 192 202 205 206 106 216
170 202 205 206 106 216 192
171 209 210 107 217 193 207
171 210 107 217 193 207 209
171 107 217 193 207 209 210
171 217 193 207 209 210 107
171 193 207 209 210 107 217
171 207 209 210 107 217 193
172 211 212 108 218 194 208
172 212 108 218 194 208 211
172 108 218 194 208 211 212
172 218 194 208 211 212 108
172 194 208 211 212 108 218
172 208 211 212 108 218 194
173 239 240 109 219 243 237
173 240 109 219 243 237 239
173 109 219 243 237 239 240
173 219 243 237 239 240 109
173 243 237 239 240 109 219
173 237 239 240 109 219 243
174 241 242 110 220 244 238
174 242 110 220 244 238 241
174 110 220 244 238 241 242
174 220 244 238 241 242 110
174 244 238 241 242 110 220
174 238 241 242 110 220 244
175 249 250 111 221 245 251
175 250 111 221 245 251 249
175 111 221 245 251 249 250
175 221 245 251 249 250 111
175 245 251 249 250 111 221
175 251 249 250 111 221 245
176 254 253 112 222 246 252
176 253 112 222 246 252 254
176 112 222 246 252 254 253
176 222 246 252 254 253 112
176 246 252 254 253 112 222
176 252 254 253 112 222 246
177 255 256 113 223 247 257
177 256 113 223 247 257 255
177 113 223 247 257 255 256
177 223 247 257 255 256 113
177 247 257 255 256 113 223
177 257 255 256 113 223 247
178 260 259 114 224 248 258
178 259 114 224 248 258 260
178 114 224 248 258 260 259
178 224 248 258 260 259 114
178 248 258 260 259 114 224
178 258 260 259 114 224 248
179 263 264 115 225 267 261
179 264 115 225 267 261 263
179 115 225 267 261 263 264
179 225 267 261 263 264 115
179 267 261 263 264 115 225
179 261 263 264 115 225 267
180 265 266 116 226 268 262
180 266 116 226 268 262 265
180 116 226 268 262 265 266
180 226 268 262 265 266 116
180 268 262 265 266 116 226
180 262 265 266 116 226 268
181 273 274 117 227 269 275
181 274 117 227 269 275 273
181 117 227 269 275 273 274
181 227 269 275 273 274 117
181 269 275 273 274 117 227
181 275 273 274 117 227 269
182 278 277 118 228 270 276
182 277 118 228 270 276 278
182 118 228 270 276 278 277
182 228 270 276 278 277 118
182 270 276 278 277 118 228
182 276 278 277 118 228 270
183 279 280 119 229 271 281
183 280 119 229 271 281 279
183 119 229 271 281 279 280
183 229 271 281 279 280 119
183 271 281 279 280 119 229
183 281 279 280 119 229 271
184 284 283 120 230 272 282
184 283 120 230 272 282 284
184 120 230 272 282 284 283
184 230 272 282 284 283 120
184 272 282 284 283 120 230
184 282 284 283 120 230 272
185 287 288 121 231 291 285
185 288 121 231 291 285 287
185 121 231 291 285 287 288
185 231 291 285 287 288 121
185 291 285 287 288 121 231
185 285 287 288 121 231 291
186 289 290 122 232 292 286
186 290 122 232 292 286 289
186 122 232 292 286 289 290
186 232 292 286 289 290 122
186 292 286 289 290 122 232
186 286 289 290 122 232 292
187 297 298 123 233 293 299
187 298 123 233 293 299 297
187 123 233 293 299 297 298
187 233 293 299 297 298 123
187 293 299 297 298 123 233
187 299 297 298 123 233 293
188 302 301 124 234 294 300
188 301 124 234 294 300 302
188 124 234 294 300 302 301
188 234 294 300 302 301 124
188 294 300 302 301 124 234
188 300 302 301 124 234 294
189 303 304 125 235 295 305
189 304 125 235 295 305 303
189 125 235 295 305 303 304
189 235 295 305 303 304 125
189 295 305 303 304 125 235
189 305 303 304 125 235 295
190 308 307 126 236 296 306
190 307 126 236 296 306 308
190 126 236 296 306 308 307
190 236 296 306 308 307 126
190 296 306 308 307 126 236
190 306 308 307 126 236 296
191 314 315 127 321 309 312
191 315 127 321 309 312 314
191 127 321 309 312 314 315
191 321 309 312 314 315 127
191 309 312 314 315 127 321
191 312 314 315 127 321 309
192 316 317 128 322 310 313
192 317 128 322 310 313 316
192 128 322 310 313 316 317
192 322 310 313 316 317 128
192 310 313 316 317 128 322
192 313 316 317 128 322 310
193 319 320 129 323 311 318
193 320 129 323 311 318 319
193 129 323 311 318 319 320
193 323 311 318 319 320 129
193 311 318 319 320 129 323
193 318 319 320 129 323 311
194 341 342 130 325 345 339
194 342 130 325 345 339 341
194 130 325 345 339 341 342
194 325 345 339 341 342 130
194 345 339 341 342 130 325
194 339 341 342 130 325 345
195 343 344 131 326 346 340
195 344 131 326 346 340 343
195 131 326 346 340 343 344
195 326 346 340 343 344 131
195 346 340 343 344 131 326
195 340 343 344 131 326 346
196 351 352 132 327 347 353
196 352 132 327 347 353 351
196 132 327 347 353 351 352
196 327 347 353 351 352 132
196 347 353 351 352 132 327
196 353 351 352 132 327 347
197 356 355 133 328 348 354
197 355 133 328 348 354 356
197 133 328 348 354 356 355
197 328 348 354 356 355 133
197 348 354 356 355 133 328
197 354 356 355 133 328 348
198 357 358 134 329 349 359
198 358 134 329 349 359 357
198 134 329 349 359 357 358
198 329 349 359 357 358 134
198 349 359 357 358 134 329
198 359 357 358 134 329 349
199 362 361 135 330 350 360
199 361 135 330 350 360 362
199 135 330 350 360 362 361
199 330 350 360 362 361 135
199 350 360 362 361 135 330
199 360 362 361 135 330 350
200 369 370 138 331 366 371
200 370 138 331 366 371 369
200 138 331 366 371 369 370
200 331 366 371 369 370 138
200 366 371 369 370 138 331
200 371 369 370 138 331 366
201 374 373 139 332 367 372
201 373 139 332 367 372 374
201 139 332 367 372 374 373
201 332 367 372 374 373 139
201 367 372 374 373 139 332
201 372 374 373 139 332 367
202 378 377 141 333 368 376
202 377 141 333 368 376 378
202 141 333 368 376 378 377
202 333 368 376 378 377 141
202 368 376 378 377 141 333
202 376 378 377 141 333 368
203 380 381 142 334 382 379
203 381 142 334 382 379 380
203 142 334 382 379 380 381
203 334 382 379 380 381 142
203 382 379 380 381 142 334
203 379 380 381 142 334 382
204 386 387 143 336 383 388
204 387 143 336 383 388 386
204 143 336 383 388 386 387
204 336 383 388 386 387 143
204 383 388 386 387 143 336
204 388 386 387 143 336 383
205 391 390 144 337 384 389
205 390 144 337 384 389 391
205 144 337 384 389 391 390
205 337 384 389 391 390 144
205 384 389 391 390 144 337
205 389 391 390 144 337 384
206 395 394 146 338 385 393
206 394 146 338 385 393 395
206 146 338 385 393 395 394
206 338 385 393 395 394 146
206 385 393 395 394 146 338
206 393 395 394 146 338 385
207 403 404 149 412 396 401
207 404 149 412 396 401 403
207 149 412 396 401 403 404
207 412 396 401 403 404 149
207 396 401 403 404 149 412
207 401 403 404 149 412 396
208 405 406 150 413 397 402
208 406 150 413 397 402 405
208 150 413 397 402 405 406
208 413 397 402 405 406 150
208 397 402 405 406 150 413
208 402 405 406 150 413 397
209 408 409 152 415 398 407
209 409 152 415 398 407 408
209 152 415 398 407 408 409
209 415 398 407 408 409 152
209 398 407 408 409 152 415
209 407 408 409 152 415 398
210 432 433 153 416 436 430
210 433 153 416 436 430 432
210 153 416 436 430 432 433
210 416 436 430 432 433 153
210 436 430 432 433 153 416
210 430 432 433 153 416 436
211 434 435 154 417 437 431
211 435 154 417 437 431 434
211 154 417 437 431 434 435
211 417 437 431 434 435 154
211 437 431 434 435 154 417
211 431 434 435 154 417 437
212 442 443 155 418 438 444
212 443 155 418 438 444 442
212 155 418 438 444 442 443
212 418 438 444 442 443 155
212 438 444 442 443 155 418
212 444 442 443 155 418 438
213 447 446 156 419 439 445
213 446 156 419 439 445 447
213 156 419 439 445 447 446
213 419 439 445 447 446 156
213 439 445 447 446 156 419
213 445 447 446 156 419 439
214 448 449 157 420 440 450
214 449 157 420 440 450 448
214 157 420 440 450 448 449
214 420 440 450 448 449 157
214 440 450 448 449 157 420
214 450 448 449 157 420 440
215 453 452 158 421 441 451
215 452 158 421 441 451 453
215 158 421 441 451 453 452
215 421 441 451 453 452 158
215 441 451 453 452 158 421
215 451 453 452 158 421 441
216 461 462 159 422 458 463
216 462 159 422 458 463 461
216 159 422 458 463 461 462
216 422 458 463 461 462 159
216 458 463 461 462 159 422
216 463 461 462 159 422 458
217 466 465 160 423 459 464
217 465 160 423 459 464 466
217 160 423 459 464 466 465
217 423 459 464 466 465 160
217 459 464 466 465 160 423
217 464 466 465 160 423 459
218 471 470 161 424 460 469
218 470 161 424 460 469 471
218 161 424 460 469 471 470
218 424 460 469 471 470 161
218 460 469 471 470 161 424
218 469 471 470 161 424 460
219 473 474 163 426 476 472
219 474 163 426 476 472 473
219 163 426 476 472 473 474
219 426 476 472 473 474 163
219 476 472 473 474 163 426
219 472 473 474 163 426 476
220 480 481 164 427 477 482
220 481 164 427 477 482 480
220 164 427 477 482 480 481
220 427 477 482 480 481 164
220 477 482 480 481 164 427
220 482 480 481 164 427 477
221 485 484 165 428 478 483
221 484 165 428 478 483 485
221 165 428 478 483 485 484
221 428 478 483 485 484 165
221 478 483 485 484 165 428
221 483 485 484 165 428 478
222 491 490 166 429 479 489
222 490 166 429 479 489 491
222 166 429 479 489 491 490
222 429 479 489 491 490 166
222 479 489 491 490 166 429
222 489 491 490 166 429 479
223 498 499 169 509 492 496
223 499 169 509 492 496 498
223 169 509 492 496 498 499
223 509 492 496 498 499 169
223 492 496 498 499 169 509
223 496 498 499 169 509 492
224 500 501 170 510 493 497
224 501 170 510 493 497 500
224 170 510 493 497 500 501
224 510 493 497 500 501 170
224 493 497 500 501 170 510
224 497 500 501 170 510 493
225 505 506 172 512 494 502
225 506 172 512 494 502 505
225 172 512 494 502 505 506
225 512 494 502 505 506 172
225 494 502 505 506 172 512
225 502 505 506 172 512 494
226 531 532 173 513 535 529
226 532 173 513 535 529 531
226 173 513 535 529 531 532
226 513 535 529 531 532 173
226 535 529 531 532 173 513
226 529 531 532 173 513 535
227 533 534 174 514 536 530
227 534 174 514 536 530 533
227 174 514 536 530 533 534
227 514 536 530 533 534 174
227 536 530 533 534 174 514
227 530 533 534 174 514 536
228 541 542 175 515 537 543
228 542 175 515 537 543 541
228 175 515 537 543 541 542
228 515 537 543 541 542 175
228 537 543 541 542 175 515
228 543 541 542 175 515 537
229 546 545 176 516 538 544
229 545 176 516 538 544 546
229 176 516 538 544 546 545
229 516 538 544 546 545 176
229 538 544 546 545 176 516
229 544 546 545 176 516 538
230 547 548 177 517 539 549
230 548 177 517 539 549 547
230 177 517 539 549 547 548
230 517 539 549 547 548 177
230 539 549 547 548 177 517
230 549 547 548 177 517 539
231 552 551 178 518 540 550
231 551 178 518 540 550 552
231 178 518 540 550 552 551
231 518 540 550 552 551 178
231 540 550 552 551 178 518
231 550 552 551 178 518 540
232 554 555 179 519 556 553
232 555 179 519 556 553 554
232 179 519 556 553 554 555
232 519 556 553 554 555 179
232 556 553 554 555 179 519
232 553 554 555 179 519 556
233 560 561 180 520 557 562
233 561 180 520 557 562 560
233 180 520 557 562 560 561
233 520 557 562 560 561 180
233 557 562 560 561 180 520
233 562 560 561 180 520 557
234 565 564 181 521 558 563
234 564 181 521 558 563 565
234 181 521 558 563 565 564
234 521 558 563 565 564 181
234 558 563 565 564 181 521
234 563 565 564 181 521 558
235 569 568 183 523 559 567
235 568 183 523 559 567 569
235 183 523 559 567 569 568
235 523 559 567 569 568 183
235 559 567 569 568 183 523
235 567 569 568 183 523 559
236 572 573 185 525 575 570
236 573 185 525 575 570 572
236 185 525 575 570 572 573
236 525 575 570 572 573 185
236 575 570 572 573 185 525
236 570 572 573 185 525 575
237 579 580 186 526 576 581
237 580 186 526 576 581 579
237 186 526 576 581 579 580
237 526 576 581 579 580 186
237 576 581 579 580 186 526
237 581 579 580 186 526 576
238 584 583 187 527 577 582
238 583 187 527 577 582 584
238 187 527 577 582 584 583
238 527 577 582 584 583 187
238 577 582 584 583 187 527
238 582 584 583 187 527 577
239 589 588 188 528 578 587
239 588 188 528 578 587 589
239 188 528 578 587 589 588
239 528 578 587 589 588 188
239 578 587 589 588 188 528
239 587 589 588 188 528 578
240 -1 1 3 4 189 14
241 -1 2 5 6 190 15
242 -1 26 20 22 23 195
243 -1 27 21 24 25 196
244 -1 28 34 32 33 197
245 -1 29 35 37 36 198
246 -1 30 40 38 39 199
247 -1 31 41 43 42 200
248 -1 49 55 53 54 203
249 58 57 204 17 50 56
249 57 204 17 50 56 58
249 204 17 50 56 58 57
249 17 50 56 58 57 204
249 50 56 58 57 204 17
249 56 58 57 204 17 50
250 63 62 206 18 52 61
250 62 206 18 52 61 63
250 206 18 52 61 63 62
250 18 52 61 63 62 206
250 52 61 63 62 206 18
250 61 63 62 206 18 52
251 -1 64 65 207 19 67
252 87 88 213 103 79 85
252 88 213 103 79 85 87
252 213 103 79 85 87 88
252 103 79 85 87 88 213
252 79 85 87 88 213 103
252 85 87 88 213 103 79
253 89 90 214 104 80 86
253 90 214 104 80 86 89
253 214 104 80 86 89 90
253 104 80 86 89 90 214
253 80 86 89 90 214 104
253 86 89 90 214 104 80
254 93 94 215 105 81 91
254 94 215 105 81 91 93
254 215 105 81 91 93 94
254 105 81 91 93 94 215
254 81 91 93 94 215 105
254 91 93 94 215 105 81
255 95 96 216 106 82 92
255 96 216 106 82 92 95
255 216 106 82 92 95 96
255 106 82 92 95 96 216
255 82 92 95 96 216 106
255 92 95 96 216 106 82
256 99 100 217 107 83 97
256 100 217 107 83 97 99
256 217 107 83 97 99 100
256 107 83 97 99 100 217
256 83 97 99 100 217 107
256 97 99 100 217 107 83
257 101 102 218 108 84 98
257 102 218 108 84 98 101
257 218 108 84 98 101 102
257 108 84 98 101 102 218
257 84 98 101 102 218 108
257 98 101 102 218 108 84
258 -1 220 110 131 128 129
259 136 137 221 111 132 138
259 137 221 111 132 138 136
259 221 111 132 138 136 137
259 111 132 138 136 137 221
259 132 138 136 137 221 111
259 138 136 137 221 111 132
260 141 140 222 112 133 139
260 140 222 112 133 139 141
260 222 112 133 139 141 140
260 112 133 139 141 140 222
260 133 139 141 140 222 112
260 139 141 140 222 112 133
261 -1 223 113 134 143 142
262 146 145 224 114 135 144
262 145 224 114 135 144 146
262 224 114 135 144 146 145
262 114 135 144 146 145 224
262 135 144 146 145 224 114
262 144 146 145 224 114 135
263 149 150 225 115 153 147
263 150 225 115 153 147 149
263 225 115 153 147 149 150
263 115 153 147 149 150 225
263 153 147 149 150 225 115
263 147 149 150 225 115 153
264 151 152 226 116 154 148
264 152 226 116 154 148 151
264 226 116 154 148 151 152
264 116 154 148 151 152 226
264 154 148 151 152 226 116
264 148 151 152 226 116 154
265 -1 228 118 156 160 161
266 162 163 229 119 157 164
266 163 229 119 157 164 162
266 229 119 157 164 162 163
266 119 157 164 162 163 229
266 157 164 162 163 229 119
266 164 162 163 229 119 157
267 -1 230 120 158 165 166
268 169 170 231 121 173 167
268 170 231 121 173 167 169
268 231 121 173 167 169 170
268 121 173 167 169 170 231
268 173 167 169 170 231 121
268 167 169 170 231 121 173
269 171 172 232 122 174 168
269 172 232 122 174 168 171
269 232 122 174 168 171 172
269 122 174 168 171 172 232
269 174 168 171 172 232 122
269 168 171 172 232 122 174
270 -1 233 123 175 180 179
271 183 182 234 124 176 181
271 182 234 124 176 181 183
271 234 124 176 181 183 182
271 124 176 181 183 182 234
271 176 181 183 182 234 124
271 181 183 182 234 124 176
272 184 185 235 125 177 186
272 185 235 125 177 186 184
272 235 125 177 186 184 185
272 125 177 186 184 185 235
272 177 186 184 185 235 125
272 186 184 185 235 125 177
273 -1 236 126 178 187 188
274 -1 238 340 313 310 311
275 -1 241 343 316 319 318
276 323 324 244 346 326 322
276 324 244 346 326 322 323
276 244 346 326 322 323 324
276 346 326 322 323 324 244
276 326 322 323 324 244 346
276 322 323 324 244 346 326
277 -1 246 348 328 332 333
278 334 335 247 349 329 336
278 335 247 349 329 336 334
278 247 349 329 336 334 335
278 349 329 336 334 335 247
278 329 336 334 335 247 349
278 336 334 335 247 349 329
279 -1 248 350 330 337 338
280 -1 363 364 249 351 369
281 -1 252 354 372 367 368
282 -1 375 253 355 373 377
283 -1 254 356 374 378 376
284 -1 255 357 386 380 379
285 -1 257 359 388 383 382
286 -1 258 360 389 384 385
287 -1 392 259 361 390 394
288 -1 260 362 391 395 393
289 401 402 263 432 399 403
289 402 263 432 399 403 401
289 263 432 399 403 401 402
289 432 399 403 401 402 263
289 399 403 401 402 263 432
289 403 401 402 263 432 399
290 406 405 264 433 400 404
290 405 264 433 400 404 406
290 264 433 400 404 406 405
290 433 400 404 406 405 264
290 400 404 406 405 264 433
290 404 406 405 264 433 400
291 412 413 267 436 416 410
291 413 267 436 416 410 412
291 267 436 416 410 412 413
291 436 416 410 412 413 267
291 416 410 412 413 267 436
291 410 412 413 267 436 416
292 414 415 268 437 417 411
292 415 268 437 417 411 414
292 268 437 417 411 414 415
292 437 417 411 414 415 268
292 417 411 414 415 268 437
292 411 414 415 268 437 417
293 -1 270 439 419 423 424
294 425 426 271 440 420 427
294 426 271 440 420 427 425
294 271 440 420 427 425 426
294 440 420 427 425 426 271
294 420 427 425 426 271 440
294 427 425 426 271 440 420
295 -1 272 441 421 428 429
296 454 455 273 442 461 456
296 455 273 442 461 456 454
296 273 442 461 456 454 455
296 442 461 456 454 455 273
296 461 456 454 455 273 442
296 456 454 455 273 442 461
297 -1 276 445 464 459 460
298 -1 467 277 446 465 470
299 469 468 278 447 466 471
299 468 278 447 466 471 469
299 278 447 466 471 469 468
299 447 466 471 469 468 278
299 466 471 469 468 278 447
299 471 469 468 278 447 466
300 -1 474 473 280 449 481
301 475 476 281 450 482 477
301 476 281 450 482 477 475
301 281 450 482 477 475 476
301 450 482 477 475 476 281
301 482 477 475 476 281 450
301 477 475 476 281 450 482
302 -1 282 451 483 478 479
303 487 486 283 452 484 490
303 486 283 452 484 490 487
303 283 452 484 490 487 486
303 452 484 490 487 486 283
303 484 490 487 486 283 452
303 490 487 486 283 452 484
304 489 488 284 453 485 491
304 488 284 453 485 491 489
304 284 453 485 491 489 488
304 453 485 491 489 488 284
304 485 491 489 488 284 453
304 491 489 488 284 453 485
305 -1 492 493 285 529 495
306 -1 498 496 497 287 531
307 -1 499 501 500 288 532
308 -1 504 506 505 290 534
309 509 510 291 535 513 507
309 510 291 535 513 507 509
309 291 535 513 507 509 510
309 535 513 507 509 510 291
309 513 507 509 510 291 535
309 507 509 510 291 535 513
310 511 512 292 536 514 508
310 512 292 536 514 508 511
310 292 536 514 508 511 512
310 536 514 508 511 512 292
310 514 508 511 512 292 536
310 508 511 512 292 536 514
311 -1 293 537 515 520 519
312 523 522 294 538 516 521
312 522 294 538 516 521 523
312 294 538 516 521 523 522
312 538 516 521 523 522 294
312 516 521 523 522 294 538
312 521 523 522 294 538 516
313 524 525 295 539 517 526
313 525 295 539 517 526 524
313 295 539 517 526 524 525
313 539 517 526 524 525 295
313 517 526 524 525 295 539
313 526 524 525 295 539 517
314 -1 296 540 518 527 528
315 -1 297 541 560 554 553
316 -1 299 543 562 557 556
317 -1 300 544 563 558 559
318 -1 566 301 545 564 568
319 -1 302 546 565 569 567
320 573 572 304 548 580 571
320 572 304 548 580 571 573
320 304 548 580 571 573 572
320 548 580 571 573 572 304
320 580 571 573 572 304 548
320 571 573 572 304 548 580
321 574 575 305 549 581 576
321 575 305 549 581 576 574
321 305 549 581 576 574 575
321 549 581 576 574 575 305
321 581 576 574 575 305 549
321 576 574 575 305 549 581
322 -1 306 550 582 577 578
323 586 585 307 551 583 588
323 585 307 551 583 588 586
323 307 551 583 588 586 585
323 551 583 588 586 585 307
323 583 588 586 585 307 551
323 588 586 585 307 551 583
324 -1 308 552 584 589 587
325 -1 10 311 24 5 11
326 -1 34 55 49 47 48
327 -1 35 56 50 52 51
328 -1 37 58 63 61 60
329 -1 43 73 78 76 75
330 81 82 321 127 85 79
330 82 321 127 85 79 81
330 321 127 85 79 81 82
330 127 85 79 81 82 321
330 85 79 81 82 321 127
330 79 81 82 321 127 85
331 83 84 322 128 86 80
331 84 322 128 86 80 83
331 322 128 86 80 83 84
331 128 86 80 83 84 322
331 86 80 83 84 322 128
331 80 83 84 322 128 86
332 97 98 323 129 89 99
332 98 323 129 89 99 97
332 323 129 89 99 97 98
332 129 89 99 97 98 323
332 89 99 97 98 323 129
332 99 97 98 323 129 89
333 -1 90 100 102 101 324
334 105 106 325 130 109 103
334 106 325 130 109 103 105
334 325 130 109 103 105 106
334 130 109 103 105 106 325
334 109 103 105 106 325 130
334 103 105 106 325 130 109
335 107 108 326 131 110 104
335 108 326 131 110 104 107
335 326 131 110 104 107 108
335 131 110 104 107 108 326
335 110 104 107 108 326 131
335 104 107 108 326 131 110
336 115 116 327 132 111 117
336 116 327 132 111 117 115
336 327 132 111 117 115 116
336 132 111 117 115 116 327
336 111 117 115 116 327 132
336 117 115 116 327 132 111
337 120 119 328 133 112 118
337 119 328 133 112 118 120
337 328 133 112 118 120 119
337 133 112 118 120 119 328
337 112 118 120 119 328 133
337 118 120 119 328 133 112
338 121 122 329 134 113 123
338 122 329 134 113 123 121
338 329 134 113 123 121 122
338 134 113 123 121 122 329
338 113 123 121 122 329 134
338 123 121 122 329 134 113
339 126 125 330 135 114 124
339 125 330 135 114 124 126
339 330 135 114 124 126 125
339 135 114 124 126 125 330
339 114 124 126 125 330 135
339 124 126 125 330 135 114
340 153 154 331 138 159 155
340 154 331 138 159 155 153
340 331 138 159 155 153 154
340 138 159 155 153 154 331
340 159 155 153 154 331 138
340 155 153 154 331 138 159
341 158 157 332 139 160 156
341 157 332 139 160 156 158
341 332 139 160 156 158 157
341 139 160 156 158 157 332
341 160 156 158 157 332 139
341 156 158 157 332 139 160
342 165 164 333 141 161 166
342 164 333 141 161 166 165
342 333 141 161 166 165 164
342 141 161 166 165 164 333
342 161 166 165 164 333 141
342 166 165 164 333 141 161
343 167 168 334 142 179 169
343 168 334 142 179 169 167
343 334 142 179 169 167 168
343 142 179 169 167 168 334
343 179 169 167 168 334 142
343 169 167 168 334 142 179
344 173 174 336 143 180 175
344 174 336 143 180 175 173
344 336 143 180 175 173 174
344 143 180 175 173 174 336
344 180 175 173 174 336 143
344 175 173 174 336 143 180
345 178 177 337 144 181 176
345 177 337 144 181 176 178
345 337 144 181 176 178 177
345 144 181 176 178 177 337
345 181 176 178 177 337 144
345 176 178 177 337 144 181
346 187 186 338 146 183 188
346 186 338 146 183 188 187
346 338 146 183 188 187 186
346 146 183 188 187 186 338
346 183 188 187 186 338 146
346 188 187 186 338 146 183
347 191 192 339 237 195 189
347 192 339 237 195 189 191
347 339 237 195 189 191 192
347 237 195 189 191 192 339
347 195 189 191 192 339 237
347 189 191 192 339 237 195
348 193 194 340 238 196 190
348 194 340 238 196 190 193
348 340 238 196 190 193 194
348 238 196 190 193 194 340
348 196 190 193 194 340 238
348 190 193 194 340 238 196
349 201 202 341 239 197 203
349 202 341 239 197 203 201
349 341 239 197 203 201 202
349 239 197 203 201 202 341
349 197 203 201 202 341 239
349 203 201 202 341 239 197
350 206 205 342 240 198 204
350 205 342 240 198 204 206
350 342 240 198 204 206 205
350 240 198 204 206 205 342
350 198 204 206 205 342 240
350 204 206 205 342 240 198
351 207 208 343 241 199 209
351 208 343 241 199 209 207
351 343 241 199 209 207 208
351 241 199 209 207 208 343
351 199 209 207 208 343 241
351 209 207 208 343 241 199
352 212 211 344 242 200 210
352 211 344 242 200 210 212
352 344 242 200 210 212 211
352 242 200 210 212 211 344
352 200 210 212 211 344 242
352 210 212 211 344 242 200
353 215 216 345 243 219 213
353 216 345 243 219 213 215
353 345 243 219 213 215 216
353 243 219 213 215 216 345
353 219 213 215 216 345 243
353 213 215 216 345 243 219
354 217 218 346 244 220 214
354 218 346 244 220 214 217
354 346 244 220 214 217 218
354 244 220 214 217 218 346
354 220 214 217 218 346 244
354 214 217 218 346 244 220
355 225 226 347 245 221 227
355 226 347 245 221 227 225
355 347 245 221 227 225 226
355 245 221 227 225 226 347
355 221 227 225 226 347 245
355 227 225 226 347 245 221
356 230 229 348 246 222 228
356 229 348 246 222 228 230
356 348 246 222 228 230 229
356 246 222 228 230 229 348
356 222 228 230 229 348 246
356 228 230 229 348 246 222
357 231 232 349 247 223 233
357 232 349 247 223 233 231
357 349 247 223 233 231 232
357 247 223 233 231 232 349
357 223 233 231 232 349 247
357 233 231 232 349 247 223
358 236 235 350 248 224 234
358 235 350 248 224 234 236
358 350 248 224 234 236 235
358 248 224 234 236 235 350
358 224 234 236 235 350 248
358 234 236 235 350 248 224
359 261 262 351 249 273 263
359 262 351 249 273 263 261
359 351 249 273 263 261 262
359 249 273 263 261 262 351
359 273 263 261 262 351 249
359 263 261 262 351 249 273
360 266 265 352 250 274 264
360 265 352 250 274 264 266
360 352 250 274 264 266 265
360 250 274 264 266 265 352
360 274 264 266 265 352 250
360 264 266 265 352 250 274
361 267 268 353 251 275 269
361 268 353 251 275 269 267
361 353 251 275 269 267 268
361 251 275 269 267 268 353
361 275 269 267 268 353 251
361 269 267 268 353 251 275
362 272 271 354 252 276 270
362 271 354 252 276 270 272
362 354 252 276 270 272 271
362 252 276 270 272 271 354
362 276 270 272 271 354 252
362 270 272 271 354 252 276
363 280 279 355 253 277 283
363 279 355 253 277 283 280
363 355 253 277 283 280 279
363 253 277 283 280 279 355
363 277 283 280 279 355 253
363 283 280 279 355 253 277
364 282 281 356 254 278 284
364 281 356 254 278 284 282
364 356 254 278 284 282 281
364 254 278 284 282 281 356
364 278 284 282 281 356 254
364 284 282 281 356 254 278
365 285 286 357 255 297 287
365 286 357 255 297 287 285
365 357 255 297 287 285 286
365 255 297 287 285 286 357
365 297 287 285 286 357 255
365 287 285 286 357 255 297
366 290 289 358 256 298 288
366 289 358 256 298 288 290
366 358 256 298 288 290 289
366 256 298 288 290 289 358
366 298 288 290 289 358 256
366 288 290 289 358 256 298
367 291 292 359 257 299 293
367 292 359 257 299 293 291
367 359 257 299 293 291 292
367 257 299 293 291 292 359
367 299 293 291 292 359 257
367 293 291 292 359 257 299
368 296 295 360 258 300 294
368 295 360 258 300 294 296
368 360 258 300 294 296 295
368 258 300 294 296 295 360
368 300 294 296 295 360 258
368 294 296 295 360 258 300
369 304 303 361 259 301 307
369 303 361 259 301 307 304
369 361 259 301 307 304 303
369 259 301 307 304 303 361
369 301 307 304 303 361 259
369 307 304 303 361 259 301
370 306 305 362 260 302 308
370 305 362 260 302 308 306
370 362 260 302 308 306 305
370 260 302 308 306 305 362
370 302 308 306 305 362 260
370 308 306 305 362 260 302
371 -1 364 455 402 397 398
372 -1 365 457 405 408 407
373 416 417 366 458 422 418
373 417 366 458 422 418 416
373 366 458 422 418 416 417
373 458 422 418 416 417 366
373 422 418 416 417 366 458
373 418 416 417 366 458 422
374 421 420 367 459 423 419
374 420 367 459 423 419 421
374 367 459 423 419 421 420
374 459 423 419 421 420 367
374 423 419 421 420 367 459
374 419 421 420 367 459 423
375 428 427 368 460 424 429
375 427 368 460 424 429 428
375 368 460 424 429 428 427
375 460 424 429 428 427 368
375 424 429 428 427 368 460
375 429 428 427 368 460 424
376 430 431 369 461 442 432
376 431 369 461 442 432 430
376 369 461 442 432 430 431
376 461 442 432 430 431 369
376 442 432 430 431 369 461
376 432 430 431 369 461 442
377 435 434 370 462 443 433
377 434 370 462 443 433 435
377 370 462 443 433 435 434
377 462 443 433 435 434 370
377 443 433 435 434 370 462
377 433 435 434 370 462 443
378 436 437 371 463 444 438
378 437 371 463 444 438 436
378 371 463 444 438 436 437
378 463 444 438 436 437 371
378 444 438 436 437 371 463
378 438 436 437 371 463 444
379 441 440 372 464 445 439
379 440 372 464 445 439 441
379 372 464 445 439 441 440
379 464 445 439 441 440 372
379 445 439 441 440 372 464
379 439 441 440 372 464 445
380 449 448 373 465 446 452
380 448 373 465 446 452 449
380 373 465 446 452 449 448
380 465 446 452 449 448 373
380 446 452 449 448 373 465
380 452 449 448 373 465 446
381 451 450 374 466 447 453
381 450 374 466 447 453 451
381 374 466 447 453 451 450
381 466 447 453 451 450 374
381 447 453 451 450 374 466
381 453 451 450 374 466 447
382 -1 375 467 486 473 472
383 478 477 376 469 489 479
383 477 376 469 489 479 478
383 376 469 489 479 478 477
383 469 489 479 478 477 376
383 489 479 478 477 376 469
383 479 478 477 376 469 489
384 481 480 377 470 490 484
384 480 377 470 490 484 481
384 377 470 490 484 481 480
384 470 490 484 481 480 377
384 490 484 481 480 377 470
384 484 481 480 377 470 490
385 483 482 378 471 491 485
385 482 378 471 491 485 483
385 378 471 491 485 483 482
385 471 491 485 483 482 378
385 491 485 483 482 378 471
385 485 483 482 378 471 491
386 507 508 382 556 519 509
386 508 382 556 519 509 507
386 382 556 519 509 507 508
386 556 519 509 507 508 382
386 519 509 507 508 382 556
386 509 507 508 382 556 519
387 513 514 383 557 520 515
387 514 383 557 520 515 513
387 383 557 520 515 513 514
387 557 520 515 513 514 383
387 520 515 513 514 383 557
387 515 513 514 383 557 520
388 518 517 384 558 521 516
388 517 384 558 521 516 518
388 384 558 521 516 518 517
388 558 521 516 518 517 384
388 521 516 518 517 384 558
388 516 518 517 384 558 521
389 527 526 385 559 523 528
389 526 385 559 523 528 527
389 385 559 523 528 527 526
389 559 523 528 527 526 385
389 523 528 527 526 385 559
389 528 527 526 385 559 523
390 529 530 386 560 541 531
390 530 386 560 541 531 529
390 386 560 541 531 529 530
390 560 541 531 529 530 386
390 541 531 529 530 386 560
390 531 529 530 386 560 541
391 534 533 387 561 542 532
391 533 387 561 542 532 534
391 387 561 542 532 534 533
391 561 542 532 534 533 387
391 542 532 534 533 387 561
391 532 534 533 387 561 542
392 535 536 388 562 543 537
392 536 388 562 543 537 535
392 388 562 543 537 535 536
392 562 543 537 535 536 388
392 543 537 535 536 388 562
392 537 535 536 388 562 543
393 540 539 389 563 544 538
393 539 389 563 544 538 540
393 389 563 544 538 540 539
393 563 544 538 540 539 389
393 544 538 540 539 389 563
393 538 540 539 389 563 544
394 548 547 390 564 545 551
394 547 390 564 545 551 548
394 390 564 545 551 548 547
394 564 545 551 548 547 390
394 545 551 548 547 390 564
394 551 548 547 390 564 545
395 550 549 391 565 546 552
395 549 391 565 546 552 550
395 391 565 546 552 550 549
395 565 546 552 550 549 391
395 546 552 550 549 391 565
395 552 550 549 391 565 546
396 -1 392 566 585 572 570
397 577 576 393 567 587 578
397 576 393 567 587 578 577
397 393 567 587 578 577 576
397 567 587 578 577 576 393
397 587 578 577 576 393 567
397 578 577 576 393 567 587
398 580 579 394 568 588 583
398 579 394 568 588 583 580
398 394 568 588 583 580 579
398 568 588 583 580 579 394
398 588 583 580 579 394 568
398 583 580 579 394 568 588
399 582 581 395 569 589 584
399 581 395 569 589 584 582
399 395 569 589 584 582 581
399 569 589 584 582 581 395
399 589 584 582 581 395 569
399 584 582 581 395 569 589
400 1 2 396 44 7 3
400 2 396 44 7 3 1
400 396 44 7 3 1 2
400 44 7 3 1 2 396
400 7 3 1 2 396 44
400 3 1 2 396 44 7
401 6 5 397 45 8 4
401 5 397 45 8 4 6
401 397 45 8 4 6 5
401 45 8 4 6 5 397
401 8 4 6 5 397 45
401 4 6 5 397 45 8
402 12 11 398 46 9 13
402 11 398 46 9 13 12
402 398 46 9 13 12 11
402 46 9 13 12 11 398
402 9 13 12 11 398 46
402 13 12 11 398 46 9
403 20 21 401 53 32 22
403 21 401 53 32 22 20
403 401 53 32 22 20 21
403 53 32 22 20 21 401
403 32 22 20 21 401 53
403 22 20 21 401 53 32
404 25 24 402 54 33 23
404 24 402 54 33 23 25
404 402 54 33 23 25 24
404 54 33 23 25 24 402
404 33 23 25 24 402 54
404 23 25 24 402 54 33
405 26 27 403 55 34 28
405 27 403 55 34 28 26
405 403 55 34 28 26 27
405 55 34 28 26 27 403
405 34 28 26 27 403 55
405 28 26 27 403 55 34
406 31 30 404 56 35 29
406 30 404 56 35 29 31
406 404 56 35 29 31 30
406 56 35 29 31 30 404
406 35 29 31 30 404 56
406 29 31 30 404 56 35
407 39 38 405 57 36 42
407 38 405 57 36 42 39
407 405 57 36 42 39 38
407 57 36 42 39 38 405
407 36 42 39 38 405 57
407 42 39 38 405 57 36
408 41 40 406 58 37 43
408 40 406 58 37 43 41
408 406 58 37 43 41 40
408 58 37 43 41 40 406
408 37 43 41 40 406 58
408 43 41 40 406 58 37
409 65 64 407 59 74 66
409 64 407 59 74 66 65
409 407 59 74 66 65 64
409 59 74 66 65 64 407
409 74 66 65 64 407 59
409 66 65 64 407 59 74
410 69 68 408 62 77 72
410 68 408 62 77 72 69
410 408 62 77 72 69 68
410 62 77 72 69 68 408
410 77 72 69 68 408 62
410 72 69 68 408 62 77
411 71 70 409 63 78 73
411 70 409 63 78 73 71
411 409 63 78 73 71 70
411 63 78 73 71 70 409
411 78 73 71 70 409 63
411 73 71 70 409 63 78
412 79 80 410 147 91 81
412 80 410 147 91 81 79
412 410 147 91 81 79 80
412 147 91 81 79 80 410
412 91 81 79 80 410 147
412 81 79 80 410 147 91
413 84 83 411 148 92 82
413 83 411 148 92 82 84
413 411 148 92 82 84 83
413 148 92 82 84 83 411
413 92 82 84 83 411 148
413 82 84 83 411 148 92
414 85 86 412 149 93 87
414 86 412 149 93 87 85
414 412 149 93 87 85 86
414 149 93 87 85 86 412
414 93 87 85 86 412 149
414 87 85 86 412 149 93
415 90 89 413 150 94 88
415 89 413 150 94 88 90
415 413 150 94 88 90 89
415 150 94 88 90 89 413
415 94 88 90 89 413 150
415 88 90 89 413 150 94
416 98 97 414 151 95 101
416 97 414 151 95 101 98
416 414 151 95 101 98 97
416 151 95 101 98 97 414
416 95 101 98 97 414 151
416 101 98 97 414 151 95
417 100 99 415 152 96 102
417 99 415 152 96 102 100
417 415 152 96 102 100 99
417 152 96 102 100 99 415
417 96 102 100 99 415 152
417 102 100 99 415 152 96
418 103 104 416 153 115 105
418 104 416 153 115 105 103
418 416 153 115 105 103 104
418 153 115 105 103 104 416
418 115 105 103 104 416 153
418 105 103 104 416 153 115
419 108 107 417 154 116 106
419 107 417 154 116 106 108
419 417 154 116 106 108 107
419 154 116 106 108 107 417
419 116 106 108 107 417 154
419 106 108 107 417 154 116
420 109 110 418 155 117 111
420 110 418 155 117 111 109
420 418 155 117 111 109 110
420 155 117 111 109 110 418
420 117 111 109 110 418 155
420 111 109 110 418 155 117
421 114 113 419 156 118 112
421 113 419 156 118 112 114
421 419 156 118 112 114 113
421 156 118 112 114 113 419
421 118 112 114 113 419 156
421 112 114 113 419 156 118
422 122 121 420 157 119 125
422 121 420 157 119 125 122
422 420 157 119 125 122 121
422 157 119 125 122 121 420
422 119 125 122 121 420 157
422 125 122 121 420 157 119
423 124 123 421 158 120 126
423 123 421 158 120 126 124
423 421 158 120 126 124 123
423 158 120 126 124 123 421
423 120 126 124 123 421 158
423 126 124 123 421 158 120
424 130 131 422 159 138 132
424 131 422 159 138 132 130
424 422 159 138 132 130 131
424 159 138 132 130 131 422
424 138 132 130 131 422 159
424 132 130 131 422 159 138
425 135 134 423 160 139 133
425 134 423 160 139 133 135
425 423 160 139 133 135 134
425 160 139 133 135 134 423
425 139 133 135 134 423 160
425 133 135 134 423 160 139
426 144 143 424 161 141 146
426 143 424 161 141 146 144
426 424 161 141 146 144 143
426 161 141 146 144 143 424
426 141 146 144 143 424 161
426 146 144 143 424 161 141
427 168 167 425 162 184 171
427 167 425 162 184 171 168
427 425 162 184 171 168 167
427 162 184 171 168 167 425
427 184 171 168 167 425 162
427 171 168 167 425 162 184
428 170 169 426 163 185 172
428 169 426 163 185 172 170
428 426 163 185 172 170 169
428 163 185 172 170 169 426
428 185 172 170 169 426 163
428 172 170 169 426 163 185
429 174 173 427 164 186 177
429 173 427 164 186 177 174
429 427 164 186 177 174 173
429 164 186 177 174 173 427
429 186 177 174 173 427 164
429 177 174 173 427 164 186
430 176 175 428 165 187 178
430 175 428 165 187 178 176
430 428 165 187 178 176 175
430 165 187 178 176 175 428
430 187 178 176 175 428 165
430 178 176 175 428 165 187
431 181 180 429 166 188 183
431 180 429 166 188 183 181
431 429 166 188 183 181 180
431 166 188 183 181 180 429
431 188 183 181 180 429 166
431 183 181 180 429 166 188
432 189 190 430 261 201 191
432 190 430 261 201 191 189
432 430 261 201 191 189 190
432 261 201 191 189 190 430
432 201 191 189 190 430 261
432 191 189 190 430 261 201
433 194 193 431 262 202 192
433 193 431 262 202 192 194
433 431 262 202 192 194 193
433 262 202 192 194 193 431
433 202 192 194 193 431 262
433 192 194 193 431 262 202
434 195 196 432 263 203 197
434 196 432 263 203 197 195
434 432 263 203 197 195 196
434 263 203 197 195 196 432
434 203 197 195 196 432 263
434 197 195 196 432 263 203
435 200 199 433 264 204 198
435 199 433 264 204 198 200
435 433 264 204 198 200 199
435 264 204 198 200 199 433
435 204 198 200 199 433 264
435 198 200 199 433 264 204
436 208 207 434 265 205 211
436 207 434 265 205 211 208
436 434 265 205 211 208 207
436 265 205 211 208 207 434
436 205 211 208 207 434 265
436 211 208 207 434 265 205
437 210 209 435 266 206 212
437 209 435 266 206 212 210
437 435 266 206 212 210 209
437 266 206 212 210 209 435
437 206 212 210 209 435 266
437 212 210 209 435 266 206
438 213 214 436 267 225 215
438 214 436 267 225 215 213
438 436 267 225 215 213 214
438 267 225 215 213 214 436
438 225 215 213 214 436 267
438 215 213 214 436 267 225
439 218 217 437 268 226 216
439 217 437 268 226 216 218
439 437 268 226 216 218 217
439 268 226 216 218 217 437
439 226 216 218 217 437 268
439 216 218 217 437 268 226
440 219 220 438 269 227 221
440 220 438 269 227 221 219
440 438 269 227 221 219 220
440 269 227 221 219 220 438
440 227 221 219 220 438 269
440 221 219 220 438 269 227
441 224 223 439 270 228 222
441 223 439 270 228 222 224
441 439 270 228 222 224 223
441 270 228 222 224 223 439
441 228 222 224 223 439 270
441 222 224 223 439 270 228
442 232 231 440 271 229 235
442 231 440 271 229 235 232
442 440 271 229 235 232 231
442 271 229 235 232 231 440
442 229 235 232 231 440 271
442 235 232 231 440 271 229
443 234 233 441 272 230 236
443 233 441 272 230 236 234
443 441 272 230 236 234 233
443 272 230 236 234 233 441
443 230 236 234 233 441 272
443 236 234 233 441 272 230
444 237 238 442 273 249 239
444 238 442 273 249 239 237
444 442 273 249 239 237 238
444 273 249 239 237 238 442
444 249 239 237 238 442 273
444 239 237 238 442 273 249
445 242 241 443 274 250 240
445 241 443 274 250 240 242
445 443 274 250 240 242 241
445 274 250 240 242 241 443
445 250 240 242 241 443 274
445 240 242 241 443 274 250
446 243 244 444 275 251 245
446 244 444 275 251 245 243
446 444 275 251 245 243 244
446 275 251 245 243 244 444
446 251 245 243 244 444 275
446 245 243 244 444 275 251
447 248 247 445 276 252 246
447 247 445 276 252 246 248
447 445 276 252 246 248 247
447 276 252 246 248 247 445
447 252 246 248 247 445 276
447 246 248 247 445 276 252
448 256 255 446 277 253 259
448 255 446 277 253 259 256
448 446 277 253 259 256 255
448 277 253 259 256 255 446
448 253 259 256 255 446 277
448 259 256 255 446 277 253
449 258 257 447 278 254 260
449 257 447 278 254 260 258
449 447 278 254 260 258 257
449 278 254 260 258 257 447
449 254 260 258 257 447 278
449 260 258 257 447 278 254
450 286 285 448 279 303 289
450 285 448 279 303 289 286
450 448 279 303 289 286 285
450 279 303 289 286 285 448
450 303 289 286 285 448 279
450 289 286 285 448 279 303
451 288 287 449 280 304 290
451 287 449 280 304 290 288
451 449 280 304 290 288 287
451 280 304 290 288 287 449
451 304 290 288 287 449 280
451 290 288 287 449 280 304
452 292 291 450 281 305 295
452 291 450 281 305 295 292
452 450 281 305 295 292 291
452 281 305 295 292 291 450
452 305 295 292 291 450 281
452 295 292 291 450 281 305
453 294 293 451 282 306 296
453 293 451 282 306 296 294
453 451 282 306 296 294 293
453 282 306 296 294 293 451
453 306 296 294 293 451 282
453 296 294 293 451 282 306
454 298 297 452 283 307 301
454 297 452 283 307 301 298
454 452 283 307 301 298 297
454 283 307 301 298 297 452
454 307 301 298 297 452 283
454 301 298 297 452 283 307
455 300 299 453 284 308 302
455 299 453 284 308 302 300
455 453 284 308 302 300 299
455 284 308 302 300 299 453
455 308 302 300 299 453 284
455 302 300 299 453 284 308
456 325 326 458 366 331 327
456 326 458 366 331 327 325
456 458 366 331 327 325 326
456 366 331 327 325 326 458
456 331 327 325 326 458 366
456 327 325 326 458 366 331
457 330 329 459 367 332 328
457 329 459 367 332 328 330
457 459 367 332 328 330 329
457 367 332 328 330 329 459
457 332 328 330 329 459 367
457 328 330 329 459 367 332
458 337 336 460 368 333 338
458 336 460 368 333 338 337
458 460 368 333 338 337 336
458 368 333 338 337 336 460
458 333 338 337 336 460 368
458 338 337 336 460 368 333
459 339 340 461 369 351 341
459 340 461 369 351 341 339
459 461 369 351 341 339 340
459 369 351 341 339 340 461
459 351 341 339 340 461 369
459 341 339 340 461 369 351
460 344 343 462 370 352 342
460 343 462 370 352 342 344
460 462 370 352 342 344 343
460 370 352 342 344 343 462
460 352 342 344 343 462 370
460 342 344 343 462 370 352
461 345 346 463 371 353 347
461 346 463 371 353 347 345
461 463 371 353 347 345 346
461 371 353 347 345 346 463
461 353 347 345 346 463 371
461 347 345 346 463 371 353
462 350 349 464 372 354 348
462 349 464 372 354 348 350
462 464 372 354 348 350 349
462 372 354 348 350 349 464
462 354 348 350 349 464 372
462 348 350 349 464 372 354
463 358 357 465 373 355 361
463 357 465 373 355 361 358
463 465 373 355 361 358 357
463 373 355 361 358 357 465
463 355 361 358 357 465 373
463 361 358 357 465 373 355
464 360 359 466 374 356 362
464 359 466 374 356 362 360
464 466 374 356 362 360 359
464 374 356 362 360 359 466
464 356 362 360 359 466 374
464 362 360 359 466 374 356
465 384 383 469 376 393 385
465 383 469 376 393 385 384
465 469 376 393 385 384 383
465 376 393 385 384 383 469
465 393 385 384 383 469 376
465 385 384 383 469 376 393
466 387 386 470 377 394 390
466 386 470 377 394 390 387
466 470 377 394 390 387 386
466 377 394 390 387 386 470
466 394 390 387 386 470 377
466 390 387 386 470 377 394
467 389 388 471 378 395 391
467 388 471 378 395 391 389
467 471 378 395 391 389 388
467 378 395 391 389 388 471
467 395 391 389 388 471 378
467 391 389 388 471 378 395
468 493 492 472 570 502 494
468 492 472 570 502 494 493
468 472 570 502 494 493 492
468 570 502 494 493 492 472
468 502 494 493 492 472 570
468 494 493 492 472 570 502
469 497 496 473 572 505 500
469 496 473 572 505 500 497
469 473 572 505 500 497 496
469 572 505 500 497 496 473
469 505 500 497 496 473 572
469 500 497 496 473 572 505
470 499 498 474 573 506 501
470 498 474 573 506 501 499
470 474 573 506 501 499 498
470 573 506 501 499 498 474
470 506 501 499 498 474 573
470 501 499 498 474 573 506
471 508 507 475 574 524 511
471 507 475 574 524 511 508
471 475 574 524 511 508 507
471 574 524 511 508 507 475
471 524 511 508 507 475 574
471 511 508 507 475 574 524
472 510 509 476 575 525 512
472 509 476 575 525 512 510
472 476 575 525 512 510 509
472 575 525 512 510 509 476
472 525 512 510 509 476 575
472 512 510 509 476 575 525
473 514 513 477 576 526 517
473 513 477 576 526 517 514
473 477 576 526 517 514 513
473 576 526 517 514 513 477
473 526 517 514 513 477 576
473 517 514 513 477 576 526
474 516 515 478 577 527 518
474 515 478 577 527 518 516
474 478 577 527 518 516 515
474 577 527 518 516 515 478
474 527 518 516 515 478 577
474 518 516 515 478 577 527
475 521 520 479 578 528 523
475 520 479 578 528 523 521
475 479 578 528 523 521 520
475 578 528 523 521 520 479
475 528 523 521 520 479 578
475 523 521 520 479 578 528
476 530 529 480 579 547 533
476 529 480 579 547 533 530
476 480 579 547 533 530 529
476 579 547 533 530 529 480
476 547 533 530 529 480 579
476 533 530 529 480 579 547
477 532 531 481 580 548 534
477 531 481 580 548 534 532
477 481 580 548 534 532 531
477 580 548 534 532 531 481
477 548 534 532 531 481 580
477 534 532 531 481 580 548
478 536 535 482 581 549 539
478 535 482 581 549 539 536
478 482 581 549 539 536 535
478 581 549 539 536 535 482
478 549 539 536 535 482 581
478 539 536 535 482 581 549
479 538 537 483 582 550 540
479 537 483 582 550 540 538
479 483 582 550 540 538 537
479 582 550 540 538 537 483
479 550 540 538 537 483 582
479 540 538 537 483 582 550
480 542 541 484 583 551 545
480 541 484 583 551 545 542
480 484 583 551 545 542 541
480 583 551 545 542 541 484
480 551 545 542 541 484 583
480 545 542 541 484 583 551
481 544 543 485 584 552 546
481 543 485 584 552 546 544
481 485 584 552 546 544 543
481 584 552 546 544 543 485
481 552 546 544 543 485 584
481 546 544 543 485 584 552
482 558 557 489 587 567 559
482 557 489 587 567 559 558
482 489 587 567 559 558 557
482 587 567 559 558 557 489
482 567 559 558 557 489 587
482 559 558 557 489 587 567
483 561 560 490 588 568 564
483 560 490 588 568 564 561
483 490 588 568 564 561 560
483 588 568 564 561 560 490
483 568 564 561 560 490 588
483 564 561 560 490 588 568
484 563 562 491 589 569 565
484 562 491 589 569 565 563
484 491 589 569 565 563 562
484 589 569 565 563 562 491
484 569 565 563 562 491 589
484 565 563 562 491 589 569
485 2 1 492 64 11 5
485 1 492 64 11 5 2
485 492 64 11 5 2 1
485 64 11 5 2 1 492
485 11 5 2 1 492 64
485 5 2 1 492 64 11
486 4 3 493 65 12 6
486 3 493 65 12 6 4
486 493 65 12 6 4 3
486 65 12 6 4 3 493
486 12 6 4 3 493 65
486 6 4 3 493 65 12
487 8 7 494 66 13 9
487 7 494 66 13 9 8
487 494 66 13 9 8 7
487 66 13 9 8 7 494
487 13 9 8 7 494 66
487 9 8 7 494 66 13
488 15 14 495 67 19 16
488 14 495 67 19 16 15
488 495 67 19 16 15 14
488 67 19 16 15 14 495
488 19 16 15 14 495 67
488 16 15 14 495 67 19
489 21 20 496 68 38 24
489 20 496 68 38 24 21
489 496 68 38 24 21 20
489 68 38 24 21 20 496
489 38 24 21 20 496 68
489 24 21 20 496 68 38
490 23 22 497 69 39 25
490 22 497 69 39 25 23
490 497 69 39 25 23 22
490 69 39 25 23 22 497
490 39 25 23 22 497 69
490 25 23 22 497 69 39
491 27 26 498 70 40 30
491 26 498 70 40 30 27
491 498 70 40 30 27 26
491 70 40 30 27 26 498
491 40 30 27 26 498 70
491 30 27 26 498 70 40
492 29 28 499 71 41 31
492 28 499 71 41 31 29
492 499 71 41 31 29 28
492 71 41 31 29 28 499
492 41 31 29 28 499 71
492 31 29 28 499 71 41
493 33 32 500 72 42 36
493 32 500 72 42 36 33
493 500 72 42 36 33 32
493 72 42 36 33 32 500
493 42 36 33 32 500 72
493 36 33 32 500 72 42
494 35 34 501 73 43 37
494 34 501 73 43 37 35
494 501 73 43 37 35 34
494 73 43 37 35 34 501
494 43 37 35 34 501 73
494 37 35 34 501 73 43
495 45 44 502 74 59 46
495 44 502 74 59 46 45
495 502 74 59 46 45 44
495 74 59 46 45 44 502
495 59 46 45 44 502 74
495 46 45 44 502 74 59
496 48 47 503 75 60 51
496 47 503 75 60 51 48
496 503 75 60 51 48 47
496 75 60 51 48 47 503
496 60 51 48 47 503 75
496 51 48 47 503 75 60
497 50 49 504 76 61 52
497 49 504 76 61 52 50
497 504 76 61 52 50 49
497 76 61 52 50 49 504
497 61 52 50 49 504 76
497 52 50 49 504 76 61
498 54 53 505 77 62 57
498 53 505 77 62 57 54
498 505 77 62 57 54 53
498 77 62 57 54 53 505
498 62 57 54 53 505 77
498 57 54 53 505 77 62
499 56 55 506 78 63 58
499 55 506 78 63 58 56
499 506 78 63 58 56 55
499 78 63 58 56 55 506
499 63 58 56 55 506 78
499 58 56 55 506 78 63
500 80 79 507 167 97 83
500 79 507 167 97 83 80
500 507 167 97 83 80 79
500 167 97 83 80 79 507
500 97 83 80 79 507 167
500 83 80 79 507 167 97
501 82 81 508 168 98 84
501 81 508 168 98 84 82
501 508 168 98 84 82 81
501 168 98 84 82 81 508
501 98 84 82 81 508 168
501 84 82 81 508 168 98
502 86 85 509 169 99 89
502 85 509 169 99 89 86
502 509 169 99 89 86 85
502 169 99 89 86 85 509
502 99 89 86 85 509 169
502 89 86 85 509 169 99
503 88 87 510 170 100 90
503 87 510 170 100 90 88
503 510 170 100 90 88 87
503 170 100 90 88 87 510
503 100 90 88 87 510 170
503 90 88 87 510 170 100
504 92 91 511 171 101 95
504 91 511 171 101 95 92
504 511 171 101 95 92 91
504 171 101 95 92 91 511
504 101 95 92 91 511 171
504 95 92 91 511 171 101
505 94 93 512 172 102 96
505 93 512 172 102 96 94
505 512 172 102 96 94 93
505 172 102 96 94 93 512
505 102 96 94 93 512 172
505 96 94 93 512 172 102
506 104 103 513 173 121 107
506 103 513 173 121 107 104
506 513 173 121 107 104 103
506 173 121 107 104 103 513
506 121 107 104 103 513 173
506 107 104 103 513 173 121
507 106 105 514 174 122 108
507 105 514 174 122 108 106
507 514 174 122 108 106 105
507 174 122 108 106 105 514
507 122 108 106 105 514 174
507 108 106 105 514 174 122
508 110 109 515 175 123 113
508 109 515 175 123 113 110
508 515 175 123 113 110 109
508 175 123 113 110 109 515
508 123 113 110 109 515 175
508 113 110 109 515 175 123
509 112 111 516 176 124 114
509 111 516 176 124 114 112
509 516 176 124 114 112 111
509 176 124 114 112 111 516
509 124 114 112 111 516 176
509 114 112 111 516 176 124
510 116 115 517 177 125 119
510 115 517 177 125 119 116
510 517 177 125 119 116 115
510 177 125 119 116 115 517
510 125 119 116 115 517 177
510 119 116 115 517 177 125
511 118 117 518 178 126 120
511 117 518 178 126 120 118
511 518 178 126 120 118 117
511 178 126 120 118 117 518
511 126 120 118 117 518 178
511 120 118 117 518 178 126
512 128 127 519 179 142 129
512 127 519 179 142 129 128
512 519 179 142 129 128 127
512 179 142 129 128 127 519
512 142 129 128 127 519 179
512 129 128 127 519 179 142
513 131 130 520 180 143 134
513 130 520 180 143 134 131
513 520 180 143 134 131 130
513 180 143 134 131 130 520
513 143 134 131 130 520 180
513 134 131 130 520 180 143
514 133 132 521 181 144 135
514 132 521 181 144 135 133
514 521 181 144 135 133 132
514 181 144 135 133 132 521
514 144 135 133 132 521 181
514 135 133 132 521 181 144
515 137 136 522 182 145 140
515 136 522 182 145 140 137
515 522 182 145 140 137 136
515 182 145 140 137 136 522
515 145 140 137 136 522 182
515 140 137 136 522 182 145
516 139 138 523 183 146 141
516 138 523 183 146 141 139
516 523 183 146 141 139 138
516 183 146 141 139 138 523
516 146 141 139 138 523 183
516 141 139 138 523 183 146
517 148 147 524 184 162 151
517 147 524 184 162 151 148
517 524 184 162 151 148 147
517 184 162 151 148 147 524
517 162 151 148 147 524 184
517 151 148 147 524 184 162
518 150 149 525 185 163 152
518 149 525 185 163 152 150
518 525 185 163 152 150 149
518 185 163 152 150 149 525
518 163 152 150 149 525 185
518 152 150 149 525 185 163
519 154 153 526 186 164 157
519 153 526 186 164 157 154
519 526 186 164 157 154 153
519 186 164 157 154 153 526
519 164 157 154 153 526 186
519 157 154 153 526 186 164
520 156 155 527 187 165 158
520 155 527 187 165 158 156
520 527 187 165 158 156 155
520 187 165 158 156 155 527
520 165 158 156 155 527 187
520 158 156 155 527 187 165
521 160 159 528 188 166 161
521 159 528 188 166 161 160
521 528 188 166 161 160 159
521 188 166 161 160 159 528
521 166 161 160 159 528 188
521 161 160 159 528 188 166
522 190 189 529 285 207 193
522 189 529 285 207 193 190
522 529 285 207 193 190 189
522 285 207 193 190 189 529
522 207 193 190 189 529 285
522 193 190 189 529 285 207
523 192 191 530 286 208 194
523 191 530 286 208 194 192
523 530 286 208 194 192 191
523 286 208 194 192 191 530
523 208 194 192 191 530 286
523 194 192 191 530 286 208
524 196 195 531 287 209 199
524 195 531 287 209 199 196
524 531 287 209 199 196 195
524 287 209 199 196 195 531
524 209 199 196 195 531 287
524 199 196 195 531 287 209
525 198 197 532 288 210 200
525 197 532 288 210 200 198
525 532 288 210 200 198 197
525 288 210 200 198 197 532
525 210 200 198 197 532 288
525 200 198 197 532 288 210
526 202 201 533 289 211 205
526 201 533 289 211 205 202
526 533 289 211 205 202 201
526 289 211 205 202 201 533
526 211 205 202 201 533 289
526 205 202 201 533 289 211
527 204 203 534 290 212 206
527 203 534 290 212 206 204
527 534 290 212 206 204 203
527 290 212 206 204 203 534
527 212 206 204 203 534 290
527 206 204 203 534 290 212
528 214 213 535 291 231 217
528 213 535 291 231 217 214
528 535 291 231 217 214 213
528 291 231 217 214 213 535
528 231 217 214 213 535 291
528 217 214 213 535 291 231
529 216 215 536 292 232 218
529 215 536 292 232 218 216
529 536 292 232 218 216 215
529 292 232 218 216 215 536
529 232 218 216 215 536 292
529 218 216 215 536 292 232
530 220 219 537 293 233 223
530 219 537 293 233 223 220
530 537 293 233 223 220 219
530 293 233 223 220 219 537
530 233 223 220 219 537 293
530 223 220 219 537 293 233
531 222 221 538 294 234 224
531 221 538 294 234 224 222
531 538 294 234 224 222 221
531 294 234 224 222 221 538
531 234 224 222 221 538 294
531 224 222 221 538 294 234
532 226 225 539 295 235 229
532 225 539 295 235 229 226
532 539 295 235 229 226 225
532 295 235 229 226 225 539
532 235 229 226 225 539 295
532 229 226 225 539 295 235
533 228 227 540 296 236 230
533 227 540 296 236 230 228
533 540 296 236 230 228 227
533 296 236 230 228 227 540
533 236 230 228 227 540 296
533 230 228 227 540 296 236
534 238 237 541 297 255 241
534 237 541 297 255 241 238
534 541 297 255 241 238 237
534 297 255 241 238 237 541
534 255 241 238 237 541 297
534 241 238 237 541 297 255
535 240 239 542 298 256 242
535 239 542 298 256 242 240
535 542 298 256 242 240 239
535 298 256 242 240 239 542
535 256 242 240 239 542 298
535 242 240 239 542 298 256
536 244 243 543 299 257 247
536 243 543 299 257 247 244
536 543 299 257 247 244 243
536 299 257 247 244 243 543
536 257 247 244 243 543 299
536 247 244 243 543 299 257
537 246 245 544 300 258 248
537 245 544 300 258 248 246
537 544 300 258 248 246 245
537 300 258 248 246 245 544
537 258 248 246 245 544 300
537 248 246 245 544 300 258
538 250 249 545 301 259 253
538 249 545 301 259 253 250
538 545 301 259 253 250 249
538 301 259 253 250 249 545
538 259 253 250 249 545 301
538 253 250 249 545 301 259
539 252 251 546 302 260 254
539 251 546 302 260 254 252
539 546 302 260 254 252 251
539 302 260 254 252 251 546
539 260 254 252 251 546 302
539 254 252 251 546 302 260
540 262 261 547 303 279 265
540 261 547 303 279 265 262
540 547 303 279 265 262 261
540 303 279 265 262 261 547
540 279 265 262 261 547 303
540 265 262 261 547 303 279
541 264 263 548 304 280 266
541 263 548 304 280 266 264
541 548 304 280 266 264 263
541 304 280 266 264 263 548
541 280 266 264 263 548 304
541 266 264 263 548 304 280
542 268 267 549 305 281 271
542 267 549 305 281 271 268
542 549 305 281 271 268 267
542 305 281 271 268 267 549
542 281 271 268 267 549 305
542 271 268 267 549 305 281
543 270 269 550 306 282 272
543 269 550 306 282 272 270
543 550 306 282 272 270 269
543 306 282 272 270 269 550
543 282 272 270 269 550 306
543 272 270 269 550 306 282
544 274 273 551 307 283 277
544 273 551 307 283 277 274
544 551 307 283 277 274 273
544 307 283 277 274 273 551
544 283 277 274 273 551 307
544 277 274 273 551 307 283
545 276 275 552 308 284 278
545 275 552 308 284 278 276
545 552 308 284 278 276 275
545 308 284 278 276 275 552
545 284 278 276 275 552 308
545 278 276 275 552 308 284
546 310 309 553 379 318 311
546 309 553 379 318 311 310
546 553 379 318 311 310 309
546 379 318 311 310 309 553
546 318 311 310 309 553 379
546 311 310 309 553 379 318
547 313 312 554 380 319 316
547 312 554 380 319 316 313
547 554 380 319 316 313 312
547 380 319 316 313 312 554
547 319 316 313 312 554 380
547 316 313 312 554 380 319
548 315 314 555 381 320 317
548 314 555 381 320 317 315
548 555 381 320 317 315 314
548 381 320 317 315 314 555
548 320 317 315 314 555 381
548 317 315 314 555 381 320
549 322 321 556 382 334 323
549 321 556 382 334 323 322
549 556 382 334 323 322 321
549 382 334 323 322 321 556
549 334 323 322 321 556 382
549 323 322 321 556 382 334
550 326 325 557 383 336 329
550 325 557 383 336 329 326
550 557 383 336 329 326 325
550 383 336 329 326 325 557
550 336 329 326 325 557 383
550 329 326 325 557 383 336
551 328 327 558 384 337 330
551 327 558 384 337 330 328
551 558 384 337 330 328 327
551 384 337 330 328 327 558
551 337 330 328 327 558 384
551 330 328 327 558 384 337
552 332 331 559 385 338 333
552 331 559 385 338 333 332
552 559 385 338 333 332 331
552 385 338 333 332 331 559
552 338 333 332 331 559 385
552 333 332 331 559 385 338
553 340 339 560 386 357 343
553 339 560 386 357 343 340
553 560 386 357 343 340 339
553 386 357 343 340 339 560
553 357 343 340 339 560 386
553 343 340 339 560 386 357
554 342 341 561 387 358 344
554 341 561 387 358 344 342
554 561 387 358 344 342 341
554 387 358 344 342 341 561
554 358 344 342 341 561 387
554 344 342 341 561 387 358
555 346 345 562 388 359 349
555 345 562 388 359 349 346
555 562 388 359 349 346 345
555 388 359 349 346 345 562
555 359 349 346 345 562 388
555 349 346 345 562 388 359
556 348 347 563 389 360 350
556 347 563 389 360 350 348
556 563 389 360 350 348 347
556 389 360 350 348 347 563
556 360 350 348 347 563 389
556 350 348 347 563 389 360
557 352 351 564 390 361 355
557 351 564 390 361 355 352
557 564 390 361 355 352 351
557 390 361 355 352 351 564
557 361 355 352 351 564 390
557 355 352 351 564 390 361
558 354 353 565 391 362 356
558 353 565 391 362 356 354
558 565 391 362 356 354 353
558 391 362 356 354 353 565
558 362 356 354 353 565 391
558 356 354 353 565 391 362
559 364 363 566 392 375 365
559 363 566 392 375 365 364
559 566 392 375 365 364 363
559 392 375 365 364 363 566
559 375 365 364 363 566 392
559 365 364 363 566 392 375
560 367 366 567 393 376 368
560 366 567 393 376 368 367
560 567 393 376 368 367 366
560 393 376 368 367 366 567
560 376 368 367 366 567 393
560 368 367 366 567 393 376
561 370 369 568 394 377 373
561 369 568 394 377 373 370
561 568 394 377 373 370 369
561 394 377 373 370 369 568
561 377 373 370 369 568 394
561 373 370 369 568 394 377
562 372 371 569 395 378 374
562 371 569 395 378 374 372
562 569 395 378 374 372 371
562 395 378 374 372 371 569
562 378 374 372 371 569 395
562 374 372 371 569 395 378
563 397 396 570 472 407 398
563 396 570 472 407 398 397
563 570 472 407 398 397 396
563 472 407 398 397 396 570
563 407 398 397 396 570 472
563 398 397 396 570 472 407
564 402 401 572 473 408 405
564 401 572 473 408 405 402
564 572 473 408 405 402 401
564 473 408 405 402 401 572
564 408 405 402 401 572 473
564 405 402 401 572 473 408
565 404 403 573 474 409 406
565 403 573 474 409 406 404
565 573 474 409 406 404 403
565 474 409 406 404 403 573
565 409 406 404 403 573 474
565 406 404 403 573 474 409
566 411 410 574 475 425 414
566 410 574 475 425 414 411
566 574 475 425 414 411 410
566 475 425 414 411 410 574
566 425 414 411 410 574 475
566 414 411 410 574 475 425
567 413 412 575 476 426 415
567 412 575 476 426 415 413
567 575 476 426 415 413 412
567 476 426 415 413 412 575
567 426 415 413 412 575 476
567 415 413 412 575 476 426
568 417 416 576 477 427 420
568 416 576 477 427 420 417
568 576 477 427 420 417 416
568 477 427 420 417 416 576
568 427 420 417 416 576 477
568 420 417 416 576 477 427
569 419 418 577 478 428 421
569 418 577 478 428 421 419
569 577 478 428 421 419 418
569 478 428 421 419 418 577
569 428 421 419 418 577 478
569 421 419 418 577 478 428
570 423 422 578 479 429 424
570 422 578 479 429 424 423
570 578 479 429 424 423 422
570 479 429 424 423 422 578
570 429 424 423 422 578 479
570 424 423 422 578 479 429
571 431 430 579 480 448 434
571 430 579 480 448 434 431
571 579 480 448 434 431 430
571 480 448 434 431 430 579
571 448 434 431 430 579 480
571 434 431 430 579 480 448
572 433 432 580 481 449 435
572 432 580 481 449 435 433
572 580 481 449 435 433 432
572 481 449 435 433 432 580
572 449 435 433 432 580 481
572 435 433 432 580 481 449
573 437 436 581 482 450 440
573 436 581 482 450 440 437
573 581 482 450 440 437 436
573 482 450 440 437 436 581
573 450 440 437 436 581 482
573 440 437 436 581 482 450
574 439 438 582 483 451 441
574 438 582 483 451 441 439
574 582 483 451 441 439 438
574 483 451 441 439 438 582
574 451 441 439 438 582 483
574 441 439 438 582 483 451
575 443 442 583 484 452 446
575 442 583 484 452 446 443
575 583 484 452 446 443 442
575 484 452 446 443 442 583
575 452 446 443 442 583 484
575 446 443 442 583 484 452
576 445 444 584 485 453 447
576 444 584 485 453 447 445
576 584 485 453 447 445 444
576 485 453 447 445 444 584
576 453 447 445 444 584 485
576 447 445 444 584 485 453
577 455 454 585 486 467 457
577 454 585 486 467 457 455
577 585 486 467 457 455 454
577 486 467 457 455 454 585
577 467 457 455 454 585 486
577 457 455 454 585 486 467
578 459 458 587 489 469 460
578 458 587 489 469 460 459
578 587 489 469 460 459 458
578 489 469 460 459 458 587
578 469 460 459 458 587 489
578 460 459 458 587 489 469
579 462 461 588 490 470 465
579 461 588 490 470 465 462
579 588 490 470 465 462 461
579 490 470 465 462 461 588
579 470 465 462 461 588 490
579 465 462 461 588 490 470
580 464 463 589 491 471 466
580 463 589 491 471 466 464
580 589 491 471 466 464 463
580 491 471 466 464 463 589
580 471 466 464 463 589 491
580 466 464 463 589 491 471
