570 2595 560 5
0 -1 0 102 276 565 435
1 475 1 112 324 251 455
1 1 112 324 251 455 475
1 112 324 251 455 475 1
1 324 251 455 475 1 112
1 251 455 475 1 112 324
1 455 475 1 112 324 251
2 375 2 114 330 272 550
2 2 114 330 272 550 375
2 114 330 272 550 375 2
2 330 272 550 375 2 114
2 272 550 375 2 114 330
2 550 375 2 114 330 272
3 476 3 118 348 430 257
3 3 118 348 430 257 476
3 118 348 430 257 476 3
3 348 430 257 476 3 118
3 430 257 476 3 118 348
3 257 476 3 118 348 430
4 173 4 120 354 465 510
4 4 120 354 465 510 173
4 120 354 465 510 173 4
4 354 465 510 173 4 120
4 465 510 173 4 120 354
4 510 173 4 120 354 465
5 376 5 124 367 525 233
5 5 124 367 525 233 376
5 124 367 525 233 376 5
5 367 525 233 376 5 124
5 525 233 376 5 124 367
5 233 376 5 124 367 525
6 174 6 126 373 560 415
6 6 126 373 560 415 174
6 126 373 560 415 174 6
6 373 560 415 174 6 126
6 560 415 174 6 126 373
6 415 174 6 126 373 560
7 -1 138 434 267 531 278
8 477 7 142 448 326 258
8 7 142 448 326 258 477
8 142 448 326 258 477 7
8 448 326 258 477 7 142
8 326 258 477 7 142 448
8 258 477 7 142 448 326
9 175 8 144 453 363 511
9 8 144 453 363 511 175
9 144 453 363 511 175 8
9 453 363 511 175 8 144
9 363 511 175 8 144 453
9 511 175 8 144 453 363
10 -1 148 469 520 213 279
11 176 9 150 473 538 308
11 9 150 473 538 308 176
11 150 473 538 308 176 9
11 473 538 308 176 9 150
11 538 308 176 9 150 473
11 308 176 9 150 473 538
12 -1 10 160 529 245 436
13 377 11 164 542 320 234
13 11 164 542 320 234 377
13 164 542 320 234 377 11
13 542 320 234 377 11 164
13 320 234 377 11 164 542
13 234 377 11 164 542 320
14 177 12 166 548 344 416
14 12 166 548 344 416 177
14 166 548 344 416 177 12
14 548 344 416 177 12 166
14 344 416 177 12 166 548
14 416 177 12 166 548 344
15 -1 170 564 427 214 280
16 178 13 172 568 444 309
16 13 172 568 444 309 178
16 172 568 444 309 178 13
16 568 444 309 178 13 172
16 444 309 178 13 172 568
16 309 178 13 172 568 444
17 478 14 199 119 351 456
17 14 199 119 351 456 478
17 199 119 351 456 478 14
17 119 351 456 478 14 199
17 351 456 478 14 199 119
17 456 478 14 199 119 351
18 378 15 201 125 370 551
18 15 201 125 370 551 378
18 201 125 370 551 378 15
18 125 370 551 378 15 201
18 370 551 378 15 201 125
18 551 378 15 201 125 370
19 -1 207 149 471 532 281
20 379 16 210 165 545 334
20 16 210 165 545 334 379
20 210 165 545 334 379 16
20 165 545 334 379 16 210
20 545 334 379 16 210 165
20 334 379 16 210 165 545
21 -1 212 171 566 437 282
22 -1 227 352 459 488 65
23 -1 232 371 554 391 66
24 -1 244 413 161 533 283
25 -1 489 67 17 250 452
26 -1 254 463 498 103 284
27 380 19 264 502 115 335
27 19 264 502 115 335 380
27 264 502 115 335 380 19
27 502 115 335 380 19 264
27 115 335 380 19 264 502
27 335 380 19 264 502 115
28 -1 266 508 139 438 285
29 -1 271 546 338 392 69
30 -1 275 558 403 104 286
31 479 20 303 137 431 259
31 20 303 137 431 259 479
31 303 137 431 259 479 20
31 137 431 259 479 20 303
31 431 259 479 20 303 137
31 259 479 20 303 137 431
32 179 21 305 147 466 512
32 21 305 147 466 512 179
32 305 147 466 512 179 21
32 147 466 512 179 21 305
32 466 512 179 21 305 147
32 512 179 21 305 147 466
33 180 22 307 169 561 417
33 22 307 169 561 417 180
33 307 169 561 417 180 22
33 169 561 417 180 22 307
33 561 417 180 22 307 169
33 417 180 22 307 169 561
34 480 23 317 206 146 458
34 23 317 206 146 458 480
34 317 206 146 458 480 23
34 206 146 458 480 23 317
34 146 458 480 23 317 206
34 458 480 23 317 206 146
35 383 24 319 211 168 553
35 24 319 211 168 553 383
35 319 211 168 553 383 24
35 211 168 553 383 24 319
35 168 553 383 24 319 211
35 553 383 24 319 211 168
36 481 25 323 243 410 153
36 25 323 243 410 153 481
36 323 243 410 153 481 25
36 243 410 153 481 25 323
36 410 153 481 25 323 243
36 153 481 25 323 243 410
37 71 26 325 253 460 490
37 26 325 253 460 490 71
37 325 253 460 490 71 26
37 253 460 490 71 26 325
37 460 490 71 26 325 253
37 490 71 26 325 253 460
38 384 27 329 265 505 129
38 27 329 265 505 129 384
38 329 265 505 129 384 27
38 265 505 129 384 27 329
38 505 129 384 27 329 265
38 129 384 27 329 265 505
39 72 28 331 274 555 393
39 28 331 274 555 393 72
39 331 274 555 393 72 28
39 274 555 393 72 28 331
39 555 393 72 28 331 274
39 393 72 28 331 274 555
40 482 29 341 401 98 260
40 29 341 401 98 260 482
40 341 401 98 260 482 29
40 401 98 260 482 29 341
40 98 260 482 29 341 401
40 260 482 29 341 401 98
41 181 30 343 411 155 513
41 30 343 411 155 513 181
41 343 411 155 513 181 30
41 411 155 513 181 30 343
41 155 513 181 30 343 411
41 513 181 30 343 411 155
42 483 31 347 425 208 154
42 31 347 425 208 154 483
42 347 425 208 154 483 31
42 425 208 154 483 31 347
42 208 154 483 31 347 425
42 154 483 31 347 425 208
43 73 32 349 432 262 491
43 32 349 432 262 491 73
43 349 432 262 491 73 32
43 432 262 491 73 32 349
43 262 491 73 32 349 432
43 491 73 32 349 432 262
44 182 33 353 461 492 83
44 33 353 461 492 83 182
44 353 461 492 83 182 33
44 461 492 83 182 33 353
44 492 83 182 33 353 461
44 83 182 33 353 461 492
45 74 34 355 467 515 193
45 34 355 467 515 193 74
45 355 467 515 193 74 34
45 467 515 193 74 34 355
45 515 193 74 34 355 467
45 193 74 34 355 467 515
46 183 35 362 506 133 418
46 35 362 506 133 418 183
46 362 506 133 418 183 35
46 506 133 418 183 35 362
46 133 418 183 35 362 506
46 418 183 35 362 506 133
47 386 36 366 518 202 130
47 36 366 518 202 130 386
47 366 518 202 130 386 36
47 518 202 130 386 36 366
47 202 130 386 36 366 518
47 130 386 36 366 518 202
48 75 37 368 527 239 394
48 37 368 527 239 394 75
48 368 527 239 394 75 37
48 527 239 394 75 37 368
48 239 394 75 37 368 527
48 394 75 37 368 527 239
49 184 38 372 556 397 84
49 38 372 556 397 84 184
49 372 556 397 84 184 38
49 556 397 84 184 38 372
49 397 84 184 38 372 556
49 84 184 38 372 556 397
50 76 39 374 562 421 194
50 39 374 562 421 194 76
50 374 562 421 194 76 39
50 562 421 194 76 39 374
50 421 194 76 39 374 562
50 194 76 39 374 562 421
51 -1 402 99 268 534 287
52 484 40 406 113 327 261
52 40 406 113 327 261 484
52 406 113 327 261 484 40
52 113 327 261 484 40 406
52 327 261 484 40 406 113
52 261 484 40 406 113 327
53 185 41 408 123 364 514
53 41 408 123 364 514 185
53 408 123 364 514 185 41
53 123 364 514 185 41 408
53 364 514 185 41 408 123
53 514 185 41 408 123 364
54 -1 412 157 521 215 288
55 186 42 414 163 539 310
55 42 414 163 539 310 186
55 414 163 539 310 186 42
55 163 539 310 186 42 414
55 539 310 186 42 414 163
55 310 186 42 414 163 539
56 485 43 424 200 122 360
56 43 424 200 122 360 485
56 424 200 122 360 485 43
56 200 122 360 485 43 424
56 122 360 485 43 424 200
56 360 485 43 424 200 122
57 289 44 426 209 162 535
57 44 426 209 162 535 289
57 426 209 162 535 289 44
57 209 162 535 289 44 426
57 162 535 289 44 426 209
57 535 289 44 426 209 162
58 290 45 433 263 499 105
58 45 433 263 499 105 290
58 433 263 499 105 290 45
58 263 499 105 290 45 433
58 499 105 290 45 433 263
58 105 290 45 433 263 499
59 -1 462 494 86 216 291
60 187 49 464 500 109 311
60 49 464 500 109 311 187
60 464 500 109 311 187 49
60 500 109 311 187 49 464
60 109 311 187 49 464 500
60 311 187 49 464 500 109
61 292 50 468 516 196 106
61 50 468 516 196 106 292
61 468 516 196 106 292 50
61 516 196 106 292 50 468
61 196 106 292 50 468 516
61 106 292 50 468 516 196
62 387 52 501 111 321 237
62 52 501 111 321 237 387
62 501 111 321 237 387 52
62 111 321 237 387 52 501
62 321 237 387 52 501 111
62 237 387 52 501 111 321
63 188 53 503 117 345 419
63 53 503 117 345 419 188
63 503 117 345 419 188 53
63 117 345 419 188 53 503
63 345 419 188 53 503 117
63 419 188 53 503 117 345
64 -1 507 135 428 217 293
65 189 54 509 141 445 312
65 54 509 141 445 312 189
65 509 141 445 312 189 54
65 141 445 312 189 54 509
65 445 312 189 54 509 141
65 312 189 54 509 141 445
66 388 55 517 198 116 337
66 55 517 198 116 337 388
66 517 198 116 337 388 55
66 198 116 337 388 55 517
66 116 337 388 55 517 198
66 337 388 55 517 198 116
67 -1 519 204 140 440 294
68 -1 524 224 339 395 79
69 -1 528 241 404 107 295
70 190 56 537 302 134 420
70 56 537 302 134 420 190
70 537 302 134 420 190 56
70 302 134 420 190 56 537
70 134 420 190 56 537 302
70 420 190 56 537 302 134
71 390 57 541 316 203 132
71 57 541 316 203 132 390
71 541 316 203 132 390 57
71 316 203 132 390 57 541
71 203 132 390 57 541 316
71 132 390 57 541 316 203
72 81 58 543 322 240 396
72 58 543 322 240 396 81
72 543 322 240 396 81 58
72 322 240 396 81 58 543
72 240 396 81 58 543 322
72 396 81 58 543 322 240
73 191 59 547 340 398 85
73 59 547 340 398 85 191
73 547 340 398 85 191 59
73 340 398 85 191 59 547
73 398 85 191 59 547 340
73 85 191 59 547 340 398
74 82 60 549 346 422 195
74 60 549 346 422 195 82
74 549 346 422 195 82 60
74 346 422 195 82 60 549
74 422 195 82 60 549 346
74 195 82 60 549 346 422
75 -1 557 399 87 218 296
76 192 61 559 405 110 313
76 61 559 405 110 313 192
76 559 405 110 313 192 61
76 405 110 313 192 61 559
76 110 313 192 61 559 405
76 313 192 61 559 405 110
77 297 62 563 423 197 108
77 62 563 423 197 108 297
77 563 423 197 108 297 62
77 423 197 108 297 62 563
77 197 108 297 62 563 423
77 108 297 62 563 423 197
78 -1 65 83 86 88 89
79 -1 66 84 87 90 91
80 -1 69 85 98 99 100
81 111 112 1 71 103 109
81 112 1 71 103 109 111
81 1 71 103 109 111 112
81 71 103 109 111 112 1
81 103 109 111 112 1 71
81 109 111 112 1 71 103
82 113 114 2 72 104 110
82 114 2 72 104 110 113
82 2 72 104 110 113 114
82 72 104 110 113 114 2
82 104 110 113 114 2 72
82 110 113 114 2 72 104
83 117 118 3 73 105 115
83 118 3 73 105 115 117
83 3 73 105 115 117 118
83 73 105 115 117 118 3
83 105 115 117 118 3 73
83 115 117 118 3 73 105
84 119 120 4 74 106 116
84 120 4 74 106 116 119
84 4 74 106 116 119 120
84 74 106 116 119 120 4
84 106 116 119 120 4 74
84 116 119 120 4 74 106
85 123 124 5 75 107 121
85 124 5 75 107 121 123
85 5 75 107 121 123 124
85 75 107 121 123 124 5
85 107 121 123 124 5 75
85 121 123 124 5 75 107
86 125 126 6 76 108 122
86 126 6 76 108 122 125
86 6 76 108 122 125 126
86 76 108 122 125 126 6
86 108 122 125 126 6 76
86 122 125 126 6 76 108
87 -1 77 127 133 135 136
88 -1 78 128 134 137 138
89 -1 129 139 141 142 7
90 -1 130 140 143 144 8
91 -1 132 146 149 150 9
92 -1 79 151 155 157 158
93 159 160 10 80 152 156
93 160 10 80 152 156 159
93 10 80 152 156 159 160
93 80 152 156 159 160 10
93 152 156 159 160 10 80
93 156 159 160 10 80 152
94 163 164 11 81 153 161
94 164 11 81 153 161 163
94 11 81 153 161 163 164
94 81 153 161 163 164 11
94 153 161 163 164 11 81
94 161 163 164 11 81 153
95 165 166 12 82 154 162
95 166 12 82 154 162 165
95 12 82 154 162 165 166
95 82 154 162 165 166 12
95 154 162 165 166 12 82
95 162 165 166 12 82 154
96 198 199 14 173 193 196
96 199 14 173 193 196 198
96 14 173 193 196 198 199
96 173 193 196 198 199 14
96 193 196 198 199 14 173
96 196 198 199 14 173 193
97 200 201 15 174 194 197
97 201 15 174 194 197 200
97 15 174 194 197 200 201
97 174 194 197 200 201 15
97 194 197 200 201 15 174
97 197 200 201 15 174 194
98 209 210 16 177 195 208
98 210 16 177 195 208 209
98 16 177 195 208 209 210
98 177 195 208 209 210 16
98 195 208 209 210 16 177
98 208 209 210 16 177 195
99 -1 181 215 222 224 225
100 -1 182 216 223 226 227
101 -1 184 218 229 231 232
102 -1 185 233 239 241 242
103 -1 186 234 240 243 244
104 -1 236 246 249 250 17
105 -1 187 237 251 253 254
106 -1 238 252 255 256 18
107 263 264 19 188 257 262
107 264 19 188 257 262 263
107 19 188 257 262 263 264
107 188 257 262 263 264 19
107 257 262 263 264 19 188
107 262 263 264 19 188 257
108 -1 191 260 268 270 271
109 -1 192 261 272 274 275
110 -1 300 302 303 20 278
111 -1 301 304 305 21 279
112 316 317 23 281 308 314
112 317 23 281 308 314 316
112 23 281 308 314 316 317
112 281 308 314 316 317 23
112 308 314 316 317 23 281
112 314 316 317 23 281 308
113 318 319 24 282 309 315
113 319 24 282 309 315 318
113 24 282 309 315 318 319
113 282 309 315 318 319 24
113 309 315 318 319 24 282
113 315 318 319 24 282 309
114 322 323 25 283 310 320
114 323 25 283 310 320 322
114 25 283 310 320 322 323
114 283 310 320 322 323 25
114 310 320 322 323 25 283
114 320 322 323 25 283 310
115 324 325 26 284 311 321
115 325 26 284 311 321 324
115 26 284 311 321 324 325
115 284 311 321 324 325 26
115 311 321 324 325 26 284
115 321 324 325 26 284 311
116 328 329 27 285 312 326
116 329 27 285 312 326 328
116 27 285 312 326 328 329
116 285 312 326 328 329 27
116 312 326 328 329 27 285
116 326 328 329 27 285 312
117 330 331 28 286 313 327
117 331 28 286 313 327 330
117 28 286 313 327 330 331
117 286 313 327 330 331 28
117 313 327 330 331 28 286
117 327 330 331 28 286 313
118 340 341 29 287 332 338
118 341 29 287 332 338 340
118 29 287 332 338 340 341
118 287 332 338 340 341 29
118 332 338 340 341 29 287
118 338 340 341 29 287 332
119 342 343 30 288 333 339
119 343 30 288 333 339 342
119 30 288 333 339 342 343
119 288 333 339 342 343 30
119 333 339 342 343 30 288
119 339 342 343 30 288 333
120 346 347 31 289 334 344
120 347 31 289 334 344 346
120 31 289 334 344 346 347
120 289 334 344 346 347 31
120 334 344 346 347 31 289
120 344 346 347 31 289 334
121 348 349 32 290 335 345
121 349 32 290 335 345 348
121 32 290 335 345 348 349
121 290 335 345 348 349 32
121 335 345 348 349 32 290
121 345 348 349 32 290 335
122 352 353 33 291 336 350
122 353 33 291 336 350 352
122 33 291 336 350 352 353
122 291 336 350 352 353 33
122 336 350 352 353 33 291
122 350 352 353 33 291 336
123 354 355 34 292 337 351
123 355 34 292 337 351 354
123 34 292 337 351 354 355
123 292 337 351 354 355 34
123 337 351 354 355 34 292
123 351 354 355 34 292 337
124 -1 361 362 35 293 356
125 365 366 36 294 357 363
125 366 36 294 357 363 365
125 36 294 357 363 365 366
125 294 357 363 365 366 36
125 357 363 365 366 36 294
125 363 365 366 36 294 357
126 367 368 37 295 358 364
126 368 37 295 358 364 367
126 37 295 358 364 367 368
126 295 358 364 367 368 37
126 358 364 367 368 37 295
126 364 367 368 37 295 358
127 371 372 38 296 359 369
127 372 38 296 359 369 371
127 38 296 359 369 371 372
127 296 359 369 371 372 38
127 359 369 371 372 38 296
127 369 371 372 38 296 359
128 373 374 39 297 360 370
128 374 39 297 360 370 373
128 39 297 360 370 373 374
128 297 360 370 373 374 39
128 360 370 373 374 39 297
128 370 373 374 39 297 360
129 405 406 40 375 393 403
129 406 40 375 393 403 405
129 40 375 393 403 405 406
129 375 393 403 405 406 40
129 393 403 405 406 40 375
129 403 405 406 40 375 393
130 407 408 41 376 394 404
130 408 41 376 394 404 407
130 41 376 394 404 407 408
130 376 394 404 407 408 41
130 394 404 407 408 41 376
130 404 407 408 41 376 394
131 413 414 42 377 396 410
131 414 42 377 396 410 413
131 42 377 396 410 413 414
131 377 396 410 413 414 42
131 396 410 413 414 42 377
131 410 413 414 42 377 396
132 423 424 43 378 415 421
132 424 43 378 415 421 423
132 43 378 415 421 423 424
132 378 415 421 423 424 43
132 415 421 423 424 43 378
132 421 423 424 43 378 415
133 425 426 44 379 416 422
133 426 44 379 416 422 425
133 44 379 416 422 425 426
133 379 416 422 425 426 44
133 416 422 425 426 44 379
133 422 425 426 44 379 416
134 432 433 45 380 419 430
134 433 45 380 419 430 432
134 45 380 419 430 432 433
134 380 419 430 432 433 45
134 419 430 432 433 45 380
134 430 432 433 45 380 419
135 446 447 46 383 437 444
135 447 46 383 437 444 446
135 46 383 437 444 446 447
135 383 437 444 446 447 46
135 437 444 446 447 46 383
135 444 446 447 46 383 437
136 448 449 47 384 438 445
136 449 47 384 438 445 448
136 47 384 438 445 448 449
136 384 438 445 448 449 47
136 438 445 448 449 47 384
136 445 448 449 47 384 438
137 453 454 48 386 440 451
137 454 48 386 440 451 453
137 48 386 440 451 453 454
137 386 440 451 453 454 48
137 440 451 453 454 48 386
137 451 453 454 48 386 440
138 463 464 49 387 455 460
138 464 49 387 455 460 463
138 49 387 455 460 463 464
138 387 455 460 463 464 49
138 455 460 463 464 49 387
138 460 463 464 49 387 455
139 467 468 50 388 456 465
139 468 50 388 456 465 467
139 50 388 456 465 467 468
139 388 456 465 467 468 50
139 456 465 467 468 50 388
139 465 467 468 50 388 456
140 473 474 51 390 458 471
140 474 51 390 458 471 473
140 51 390 458 471 473 474
140 390 458 471 473 474 51
140 458 471 473 474 51 390
140 471 473 474 51 390 458
141 500 501 52 475 490 498
141 501 52 475 490 498 500
141 52 475 490 498 500 501
141 475 490 498 500 501 52
141 490 498 500 501 52 475
141 498 500 501 52 475 490
142 502 503 53 476 491 499
142 503 53 476 491 499 502
142 53 476 491 499 502 503
142 476 491 499 502 503 53
142 491 499 502 503 53 476
142 499 502 503 53 476 491
143 -1 505 508 509 54 477
144 516 517 55 478 510 515
144 517 55 478 510 515 516
144 55 478 510 515 516 517
144 478 510 515 516 517 55
144 510 515 516 517 55 478
144 515 516 517 55 478 510
145 -1 536 537 56 479 531
146 540 541 57 480 532 538
146 541 57 480 532 538 540
146 57 480 532 538 540 541
146 480 532 538 540 541 57
146 532 538 540 541 57 480
146 538 540 541 57 480 532
147 542 543 58 481 533 539
147 543 58 481 533 539 542
147 58 481 533 539 542 543
147 481 533 539 542 543 58
147 533 539 542 543 58 481
147 539 542 543 58 481 533
148 546 547 59 482 534 544
148 547 59 482 534 544 546
148 59 482 534 544 546 547
148 482 534 544 546 547 59
148 534 544 546 547 59 482
148 544 546 547 59 482 534
149 548 549 60 483 535 545
149 549 60 483 535 545 548
149 60 483 535 545 548 549
149 483 535 545 548 549 60
149 535 545 548 549 60 483
149 545 548 549 60 483 535
150 558 559 61 484 550 555
150 559 61 484 550 555 558
150 61 484 550 555 558 559
150 484 550 555 558 559 61
150 550 555 558 559 61 484
150 555 558 559 61 484 550
151 562 563 62 485 551 560
151 563 62 485 551 560 562
151 62 485 551 560 562 563
151 485 551 560 562 563 62
151 551 560 562 563 62 485
151 560 562 563 62 485 551
152 568 569 64 487 553 566
152 569 64 487 553 566 568
152 64 487 553 566 568 569
152 487 553 566 568 569 64
152 553 566 568 569 64 487
152 566 568 569 64 487 553
153 -1 23 25 26 71 1
154 -1 24 27 28 72 2
155 31 32 73 3 20 29
155 32 73 3 20 29 31
155 73 3 20 29 31 32
155 3 20 29 31 32 73
155 20 29 31 32 73 3
155 29 31 32 73 3 20
156 33 34 74 4 21 30
156 34 74 4 21 30 33
156 74 4 21 30 33 34
156 4 21 30 33 34 74
156 21 30 33 34 74 4
156 30 33 34 74 4 21
157 38 39 76 6 22 35
157 39 76 6 22 35 38
157 76 6 22 35 38 39
157 6 22 35 38 39 76
157 22 35 38 39 76 6
157 35 38 39 76 6 22
158 -1 57 58 81 11 52
159 59 60 82 12 53 56
159 60 82 12 53 56 59
159 82 12 53 56 59 60
159 12 53 56 59 60 82
159 53 56 59 60 82 12
159 56 59 60 82 12 53
160 181 182 83 193 173 179
160 182 83 193 173 179 181
160 83 193 173 179 181 182
160 193 173 179 181 182 83
160 173 179 181 182 83 193
160 179 181 182 83 193 173
161 183 184 84 194 174 180
161 184 84 194 174 180 183
161 84 194 174 180 183 184
161 194 174 180 183 184 84
161 174 180 183 184 84 194
161 180 183 184 84 194 174
162 190 191 85 195 177 188
162 191 85 195 177 188 190
162 85 195 177 188 190 191
162 195 177 188 190 191 85
162 177 188 190 191 85 195
162 188 190 191 85 195 177
163 -1 213 215 216 86 196
164 -1 214 217 218 87 197
165 222 223 88 198 219 224
165 223 88 198 219 224 222
165 88 198 219 224 222 223
165 198 219 224 222 223 88
165 219 224 222 223 88 198
165 224 222 223 88 198 219
166 227 226 89 199 220 225
166 226 89 199 220 225 227
166 89 199 220 225 227 226
166 199 220 225 227 226 89
166 220 225 227 226 89 199
166 225 227 226 89 199 220
167 232 231 91 201 221 230
167 231 91 201 221 230 232
167 91 201 221 230 232 231
167 201 221 230 232 231 91
167 221 230 232 231 91 201
167 230 232 231 91 201 221
168 235 236 92 202 239 233
168 236 92 202 239 233 235
168 92 202 239 233 235 236
168 202 239 233 235 236 92
168 239 233 235 236 92 202
168 233 235 236 92 202 239
169 237 238 93 203 240 234
169 238 93 203 240 234 237
169 93 203 240 234 237 238
169 203 240 234 237 238 93
169 240 234 237 238 93 203
169 234 237 238 93 203 240
170 245 246 94 204 241 247
170 246 94 204 241 247 245
170 94 204 241 247 245 246
170 204 241 247 245 246 94
170 241 247 245 246 94 204
170 247 245 246 94 204 241
171 250 249 95 205 242 248
171 249 95 205 242 248 250
171 95 205 242 248 250 249
171 205 242 248 250 249 95
171 242 248 250 249 95 205
171 248 250 249 95 205 242
172 251 252 96 206 243 253
172 252 96 206 243 253 251
172 96 206 243 253 251 252
172 206 243 253 251 252 96
172 243 253 251 252 96 206
172 253 251 252 96 206 243
173 256 255 97 207 244 254
173 255 97 207 244 254 256
173 97 207 244 254 256 255
173 207 244 254 256 255 97
173 244 254 256 255 97 207
173 254 256 255 97 207 244
174 259 260 98 208 262 257
174 260 98 208 262 257 259
174 98 208 262 257 259 260
174 208 262 257 259 260 98
174 262 257 259 260 98 208
174 257 259 260 98 208 262
175 -1 267 268 99 209 263
176 271 270 100 210 264 269
176 270 100 210 264 269 271
176 100 210 264 269 271 270
176 210 264 269 271 270 100
176 264 269 271 270 100 210
176 269 271 270 100 210 264
177 272 273 101 211 265 274
177 273 101 211 265 274 272
177 101 211 265 274 272 273
177 211 265 274 272 273 101
177 265 274 272 273 101 211
177 274 272 273 101 211 265
178 277 276 102 212 266 275
178 276 102 212 266 275 277
178 102 212 266 275 277 276
178 212 266 275 277 276 102
178 266 275 277 276 102 212
178 275 277 276 102 212 266
179 -1 278 287 289 290 105
180 -1 279 288 291 292 106
181 -1 280 293 296 297 108
182 310 311 109 298 314 308
182 311 109 298 314 308 310
182 109 298 314 308 310 311
182 298 314 308 310 311 109
182 314 308 310 311 109 298
182 308 310 311 109 298 314
183 312 313 110 299 315 309
183 313 110 299 315 309 312
183 110 299 315 309 312 313
183 299 315 309 312 313 110
183 315 309 312 313 110 299
183 309 312 313 110 299 315
184 -1 316 322 320 321 111
185 -1 317 323 325 324 112
186 -1 318 328 326 327 113
187 -1 319 329 331 330 114
188 334 335 115 300 338 332
188 335 115 300 338 332 334
188 115 300 338 332 334 335
188 300 338 332 334 335 115
188 338 332 334 335 115 300
188 332 334 335 115 300 338
189 336 337 116 301 339 333
189 337 116 301 339 333 336
189 116 301 339 333 336 337
189 301 339 333 336 337 116
189 339 333 336 337 116 301
189 333 336 337 116 301 339
190 344 345 117 302 340 346
190 345 117 302 340 346 344
190 117 302 340 346 344 345
190 302 340 346 344 345 117
190 340 346 344 345 117 302
190 346 344 345 117 302 340
191 349 348 118 303 341 347
191 348 118 303 341 347 349
191 118 303 341 347 349 348
191 303 341 347 349 348 118
191 341 347 349 348 118 303
191 347 349 348 118 303 341
192 350 351 119 304 342 352
192 351 119 304 342 352 350
192 119 304 342 352 350 351
192 304 342 352 350 351 119
192 342 352 350 351 119 304
192 352 350 351 119 304 342
193 355 354 120 305 343 353
193 354 120 305 343 353 355
193 120 305 343 353 355 354
193 305 343 353 355 354 120
193 343 353 355 354 120 305
193 353 355 354 120 305 343
194 369 370 125 306 361 371
194 370 125 306 361 371 369
194 125 306 361 371 369 370
194 306 361 371 369 370 125
194 361 371 369 370 125 306
194 371 369 370 125 306 361
195 374 373 126 307 362 372
195 373 126 307 362 372 374
195 126 307 362 372 374 373
195 307 362 372 374 373 126
195 362 372 374 373 126 307
195 372 374 373 126 307 362
196 383 384 129 393 375 381
196 384 129 393 375 381 383
196 129 393 375 381 383 384
196 393 375 381 383 384 129
196 375 381 383 384 129 393
196 381 383 384 129 393 375
197 385 386 130 394 376 382
197 386 130 394 376 382 385
197 130 394 376 382 385 386
197 394 376 382 385 386 130
197 376 382 385 386 130 394
197 382 385 386 130 394 376
198 389 390 132 396 377 387
198 390 132 396 377 387 389
198 132 396 377 387 389 390
198 396 377 387 389 390 132
198 377 387 389 390 132 396
198 387 389 390 132 396 377
199 417 418 133 397 421 415
199 418 133 397 421 415 417
199 133 397 421 415 417 418
199 397 421 415 417 418 133
199 421 415 417 418 133 397
199 415 417 418 133 397 421
200 419 420 134 398 422 416
200 420 134 398 422 416 419
200 134 398 422 416 419 420
200 398 422 416 419 420 134
200 422 416 419 420 134 398
200 416 419 420 134 398 422
201 -1 427 428 135 399 423
202 430 431 137 401 425 432
202 431 137 401 425 432 430
202 137 401 425 432 430 431
202 401 425 432 430 431 137
202 425 432 430 431 137 401
202 432 430 431 137 401 425
203 -1 434 138 402 426 433
204 437 438 139 403 441 435
204 438 139 403 441 435 437
204 139 403 441 435 437 438
204 403 441 435 437 438 139
204 441 435 437 438 139 403
204 435 437 438 139 403 441
205 439 440 140 404 442 436
205 440 140 404 442 436 439
205 140 404 442 436 439 440
205 404 442 436 439 440 140
205 442 436 439 440 140 404
205 436 439 440 140 404 442
206 -1 446 444 445 141 405
207 -1 447 449 448 142 406
208 450 451 143 407 443 452
208 451 143 407 443 452 450
208 143 407 443 452 450 451
208 407 443 452 450 451 143
208 443 452 450 451 143 407
208 452 450 451 143 407 443
209 457 458 146 410 460 455
209 458 146 410 460 455 457
209 146 410 460 455 457 458
209 410 460 455 457 458 146
209 460 455 457 458 146 410
209 455 457 458 146 410 460
210 465 466 147 411 461 467
210 466 147 411 461 467 465
210 147 411 461 467 465 466
210 411 461 467 465 466 147
210 461 467 465 466 147 411
210 467 465 466 147 411 461
211 -1 469 148 412 462 468
212 470 471 149 413 463 472
212 471 149 413 463 472 470
212 149 413 463 472 470 471
212 413 463 472 470 471 149
212 463 472 470 471 149 413
212 472 470 471 149 413 463
213 -1 474 473 150 414 464
214 -1 480 481 153 490 475
215 482 483 154 491 476 479
215 483 154 491 476 479 482
215 154 491 476 479 482 483
215 491 476 479 482 483 154
215 476 479 482 483 154 491
215 479 482 483 154 491 476
216 512 513 155 492 515 510
216 513 155 492 515 510 512
216 155 492 515 510 512 513
216 492 515 510 512 513 155
216 515 510 512 513 155 492
216 510 512 513 155 492 515
217 -1 520 521 157 494 516
218 524 523 158 495 517 522
218 523 158 495 517 522 524
218 158 495 517 522 524 523
218 495 517 522 524 523 158
218 517 522 524 523 158 495
218 522 524 523 158 495 517
219 525 526 159 496 518 527
219 526 159 496 518 527 525
219 159 496 518 527 525 526
219 496 518 527 525 526 159
219 518 527 525 526 159 496
219 527 525 526 159 496 518
220 530 529 160 497 519 528
220 529 160 497 519 528 530
220 160 497 519 528 530 529
220 497 519 528 530 529 160
220 519 528 530 529 160 497
220 528 530 529 160 497 519
221 -1 531 534 535 162 499
222 -1 540 538 539 163 500
223 -1 541 543 542 164 501
224 544 545 165 502 536 546
224 545 165 502 536 546 544
224 165 502 536 546 544 545
224 502 536 546 544 545 165
224 536 546 544 545 165 502
224 546 544 545 165 502 536
225 549 548 166 503 537 547
225 548 166 503 537 547 549
225 166 503 537 547 549 548
225 503 537 547 549 548 166
225 537 547 549 548 166 503
225 547 549 548 166 503 537
226 552 553 168 505 555 550
226 553 168 505 555 550 552
226 168 505 555 550 552 553
226 505 555 550 552 553 168
226 555 550 552 553 168 505
226 550 552 553 168 505 555
227 560 561 169 506 556 562
227 561 169 506 556 562 560
227 169 506 556 562 560 561
227 506 556 562 560 561 169
227 556 562 560 561 169 506
227 562 560 561 169 506 556
228 -1 564 170 507 557 563
229 565 566 171 508 558 567
229 566 171 508 558 567 565
229 171 508 558 567 565 566
229 508 558 567 565 566 171
229 558 567 565 566 171 508
229 567 565 566 171 508 558
230 -1 569 568 172 509 559
231 -1 1 3 4 173 14
232 -1 2 5 6 174 15
233 -1 25 31 29 30 181
234 -1 26 32 34 33 182
235 -1 28 37 39 38 184
236 -1 52 53 188 19 55
237 73 74 193 83 65 71
237 74 193 83 65 71 73
237 193 83 65 71 73 74
237 83 65 71 73 74 193
237 65 71 73 74 193 83
237 71 73 74 193 83 65
238 75 76 194 84 66 72
238 76 194 84 66 72 75
238 194 84 66 72 75 76
238 84 66 72 75 76 194
238 66 72 75 76 194 84
238 72 75 76 194 84 66
239 81 82 195 85 69 79
239 82 195 85 69 79 81
239 195 85 69 79 81 82
239 85 69 79 81 82 195
239 69 79 81 82 195 85
239 79 81 82 195 85 69
240 105 106 196 86 109 103
240 106 196 86 109 103 105
240 196 86 109 103 105 106
240 86 109 103 105 106 196
240 109 103 105 106 196 86
240 103 105 106 196 86 109
241 107 108 197 87 110 104
241 108 197 87 110 104 107
241 197 87 110 104 107 108
241 87 110 104 107 108 197
241 110 104 107 108 197 87
241 104 107 108 197 87 110
242 115 116 198 88 111 117
242 116 198 88 111 117 115
242 198 88 111 117 115 116
242 88 111 117 115 116 198
242 111 117 115 116 198 88
242 117 115 116 198 88 111
243 120 119 199 89 112 118
243 119 199 89 112 118 120
243 199 89 112 118 120 119
243 89 112 118 120 119 199
243 112 118 120 119 199 89
243 118 120 119 199 89 112
244 121 122 200 90 113 123
244 122 200 90 113 123 121
244 200 90 113 123 121 122
244 90 113 123 121 122 200
244 113 123 121 122 200 90
244 123 121 122 200 90 113
245 126 125 201 91 114 124
245 125 201 91 114 124 126
245 201 91 114 124 126 125
245 91 114 124 126 125 201
245 114 124 126 125 201 91
245 124 126 125 201 91 114
246 129 130 202 92 133 127
246 130 202 92 133 127 129
246 202 92 133 127 129 130
246 92 133 127 129 130 202
246 133 127 129 130 202 92
246 127 129 130 202 92 133
247 131 132 203 93 134 128
247 132 203 93 134 128 131
247 203 93 134 128 131 132
247 93 134 128 131 132 203
247 134 128 131 132 203 93
247 128 131 132 203 93 134
248 139 140 204 94 135 141
248 140 204 94 135 141 139
248 204 94 135 141 139 140
248 94 135 141 139 140 204
248 135 141 139 140 204 94
248 141 139 140 204 94 135
249 144 143 205 95 136 142
249 143 205 95 136 142 144
249 205 95 136 142 144 143
249 95 136 142 144 143 205
249 136 142 144 143 205 95
249 142 144 143 205 95 136
250 145 146 206 96 137 147
250 146 206 96 137 147 145
250 206 96 137 147 145 146
250 96 137 147 145 146 206
250 137 147 145 146 206 96
250 147 145 146 206 96 137
251 150 149 207 97 138 148
251 149 207 97 138 148 150
251 207 97 138 148 150 149
251 97 138 148 150 149 207
251 138 148 150 149 207 97
251 148 150 149 207 97 138
252 153 154 208 98 155 151
252 154 208 98 155 151 153
252 208 98 155 151 153 154
252 98 155 151 153 154 208
252 155 151 153 154 208 98
252 151 153 154 208 98 155
253 161 162 209 99 157 163
253 162 209 99 157 163 161
253 209 99 157 163 161 162
253 99 157 163 161 162 209
253 157 163 161 162 209 99
253 163 161 162 209 99 157
254 166 165 210 100 158 164
254 165 210 100 158 164 166
254 210 100 158 164 166 165
254 100 158 164 166 165 210
254 158 164 166 165 210 100
254 164 166 165 210 100 158
255 167 168 211 101 159 169
255 168 211 101 159 169 167
255 211 101 159 169 167 168
255 101 159 169 167 168 211
255 159 169 167 168 211 101
255 169 167 168 211 101 159
256 172 171 212 102 160 170
256 171 212 102 160 170 172
256 212 102 160 170 172 171
256 102 160 170 172 171 212
256 160 170 172 171 212 102
256 170 172 171 212 102 160
257 -1 278 279 213 308 281
258 287 288 215 310 283 289
258 288 215 310 283 289 287
258 215 310 283 289 287 288
258 310 283 289 287 288 215
258 283 289 287 288 215 310
258 289 287 288 215 310 283
259 292 291 216 311 284 290
259 291 216 311 284 290 292
259 216 311 284 290 292 291
259 311 284 290 292 291 216
259 284 290 292 291 216 311
259 290 292 291 216 311 284
260 -1 293 217 312 285 294
261 297 296 218 313 286 295
261 296 218 313 286 295 297
261 218 313 286 295 297 296
261 313 286 295 297 296 218
261 286 295 297 296 218 313
261 295 297 296 218 313 286
262 -1 302 300 301 219 316
263 -1 303 305 304 220 317
264 332 333 222 320 344 334
264 333 222 320 344 334 332
264 222 320 344 334 332 333
264 320 344 334 332 333 222
264 344 334 332 333 222 320
264 334 332 333 222 320 344
265 337 336 223 321 345 335
265 336 223 321 345 335 337
265 223 321 345 335 337 336
265 321 345 335 337 336 223
265 345 335 337 336 223 321
265 335 337 336 223 321 345
266 338 339 224 322 346 340
266 339 224 322 346 340 338
266 224 322 346 340 338 339
266 322 346 340 338 339 224
266 346 340 338 339 224 322
266 340 338 339 224 322 346
267 343 342 225 323 347 341
267 342 225 323 347 341 343
267 225 323 347 341 343 342
267 323 347 341 343 342 225
267 347 341 343 342 225 323
267 341 343 342 225 323 347
268 351 350 226 324 348 354
268 350 226 324 348 354 351
268 226 324 348 354 351 350
268 324 348 354 351 350 226
268 348 354 351 350 226 324
268 354 351 350 226 324 348
269 353 352 227 325 349 355
269 352 227 325 349 355 353
269 227 325 349 355 353 352
269 325 349 355 353 352 227
269 349 355 353 352 227 325
269 355 353 352 227 325 349
270 -1 356 228 326 363 357
271 360 359 229 327 364 358
271 359 229 327 364 358 360
271 229 327 364 358 360 359
271 327 364 358 360 359 229
271 364 358 360 359 229 327
271 358 360 359 229 327 364
272 -1 362 361 230 329 366
273 370 369 231 330 367 373
273 369 231 330 367 373 370
273 231 330 367 373 370 369
273 330 367 373 370 369 231
273 367 373 370 369 231 330
273 373 370 369 231 330 367
274 372 371 232 331 368 374
274 371 232 331 368 374 372
274 232 331 368 374 372 371
274 331 368 374 372 371 232
274 368 374 372 371 232 331
274 374 372 371 232 331 368
275 -1 375 376 233 415 378
276 -1 383 381 382 235 417
277 -1 384 386 385 236 418
278 -1 387 237 419 380 388
279 393 394 239 421 397 391
279 394 239 421 397 391 393
279 239 421 397 391 393 394
279 421 397 391 393 394 239
279 397 391 393 394 239 421
279 391 393 394 239 421 397
280 395 396 240 422 398 392
280 396 240 422 398 392 395
280 240 422 398 392 395 396
280 422 398 392 395 396 240
280 398 392 395 396 240 422
280 392 395 396 240 422 398
281 403 404 241 423 399 405
281 404 241 423 399 405 403
281 241 423 399 405 403 404
281 423 399 405 403 404 241
281 399 405 403 404 241 423
281 405 403 404 241 423 399
282 408 407 242 424 400 406
282 407 242 424 400 406 408
282 242 424 400 406 408 407
282 424 400 406 408 407 242
282 400 406 408 407 242 424
282 406 408 407 242 424 400
283 409 410 243 425 401 411
283 410 243 425 401 411 409
283 243 425 401 411 409 410
283 425 401 411 409 410 243
283 401 411 409 410 243 425
283 411 409 410 243 425 401
284 414 413 244 426 402 412
284 413 244 426 402 412 414
284 244 426 402 412 414 413
284 426 402 412 414 413 244
284 402 412 414 413 244 426
284 412 414 413 244 426 402
285 435 436 245 427 444 437
285 436 245 427 444 437 435
285 245 427 444 437 435 436
285 427 444 437 435 436 245
285 444 437 435 436 245 427
285 437 435 436 245 427 444
286 440 439 246 428 445 438
286 439 246 428 445 438 440
286 246 428 445 438 440 439
286 428 445 438 440 439 246
286 445 438 440 439 246 428
286 438 440 439 246 428 445
287 451 450 249 429 448 453
287 450 249 429 448 453 451
287 249 429 448 453 451 450
287 429 448 453 451 450 249
287 448 453 451 450 249 429
287 453 451 450 249 429 448
288 -1 455 251 430 465 456
289 -1 458 457 252 431 466
290 459 460 253 432 467 461
290 460 253 432 467 461 459
290 253 432 467 461 459 460
290 432 467 461 459 460 253
290 467 461 459 460 253 432
290 461 459 460 253 432 467
291 464 463 254 433 468 462
291 463 254 433 468 462 464
291 254 433 468 462 464 463
291 433 468 462 464 463 254
291 468 462 464 463 254 433
291 462 464 463 254 433 468
292 471 470 255 434 469 473
292 470 255 434 469 473 471
292 255 434 469 473 471 470
292 434 469 473 471 470 255
292 469 473 471 470 255 434
292 473 471 470 255 434 469
293 -1 475 476 257 510 478
294 -1 481 483 482 260 513
295 490 491 262 515 492 488
295 491 262 515 492 488 490
295 262 515 492 488 490 491
295 515 492 488 490 491 262
295 492 488 490 491 262 515
295 488 490 491 262 515 492
296 498 499 263 516 494 500
296 499 263 516 494 500 498
296 263 516 494 500 498 499
296 516 494 500 498 499 263
296 494 500 498 499 263 516
296 500 498 499 263 516 494
297 503 502 264 517 495 501
297 502 264 517 495 501 503
297 264 517 495 501 503 502
297 517 495 501 503 502 264
297 495 501 503 502 264 517
297 501 503 502 264 517 495
298 504 505 265 518 496 506
298 505 265 518 496 506 504
298 265 518 496 506 504 505
298 518 496 506 504 505 265
298 496 506 504 505 265 518
298 506 504 505 265 518 496
299 509 508 266 519 497 507
299 508 266 519 497 507 509
299 266 519 497 507 509 508
299 519 497 507 509 508 266
299 497 507 509 508 266 519
299 507 509 508 266 519 497
300 -1 531 267 520 538 532
301 535 534 268 521 539 533
301 534 268 521 539 533 535
301 268 521 539 533 535 534
301 521 539 533 535 534 268
301 539 533 535 534 268 521
301 533 535 534 268 521 539
302 -1 537 536 269 522 541
303 545 544 270 523 542 548
303 544 270 523 542 548 545
303 270 523 542 548 545 544
303 523 542 548 545 544 270
303 542 548 545 544 270 523
303 548 545 544 270 523 542
304 547 546 271 524 543 549
304 546 271 524 543 549 547
304 271 524 543 549 547 546
304 524 543 549 547 546 271
304 543 549 547 546 271 524
304 549 547 546 271 524 543
305 -1 550 272 525 560 551
306 -1 553 552 273 526 561
307 554 555 274 527 562 556
307 555 274 527 562 556 554
307 274 527 562 556 554 555
307 527 562 556 554 555 274
307 562 556 554 555 274 527
307 556 554 555 274 527 562
308 559 558 275 528 563 557
308 558 275 528 563 557 559
308 275 528 563 557 559 558
308 528 563 557 559 558 275
308 563 557 559 558 275 528
308 557 559 558 275 528 563
309 566 565 276 529 564 568
309 565 276 529 564 568 566
309 276 529 564 568 566 565
309 529 564 568 566 565 276
309 564 568 566 565 276 529
309 568 566 565 276 529 564
310 -1 279 21 4 8 9
311 -1 280 22 6 12 13
312 -1 43 44 289 31 46
313 -1 50 292 34 48 51
314 -1 293 35 56 53 54
315 63 62 297 39 60 64
315 62 297 39 60 64 63
315 297 39 60 64 63 62
315 39 60 64 63 62 297
315 60 64 63 62 297 39
315 64 63 62 297 39 60
316 -1 103 71 65 67 68
317 -1 104 72 66 69 70
318 -1 107 75 81 79 80
319 -1 299 110 87 84 85
320 -1 111 88 94 92 93
321 -1 112 89 95 97 96
322 -1 114 91 100 102 101
323 127 128 300 115 139 129
323 128 300 115 139 129 127
323 300 115 139 129 127 128
323 115 139 129 127 128 300
323 139 129 127 128 300 115
323 129 127 128 300 115 139
324 132 131 301 116 140 130
324 131 301 116 140 130 132
324 301 116 140 130 132 131
324 116 140 130 132 131 301
324 140 130 132 131 301 116
324 130 132 131 301 116 140
325 133 134 302 117 141 135
325 134 302 117 141 135 133
325 302 117 141 135 133 134
325 117 141 135 133 134 302
325 141 135 133 134 302 117
325 135 133 134 302 117 141
326 138 137 303 118 142 136
326 137 303 118 142 136 138
326 303 118 142 136 138 137
326 118 142 136 138 137 303
326 142 136 138 137 303 118
326 136 138 137 303 118 142
327 146 145 304 119 143 149
327 145 304 119 143 149 146
327 304 119 143 149 146 145
327 119 143 149 146 145 304
327 143 149 146 145 304 119
327 149 146 145 304 119 143
328 148 147 305 120 144 150
328 147 305 120 144 150 148
328 305 120 144 150 148 147
328 120 144 150 148 147 305
328 144 150 148 147 305 120
328 150 148 147 305 120 144
329 -1 121 161 153 151 152
330 -1 123 163 157 155 156
331 -1 124 164 158 160 159
332 168 167 306 125 165 171
332 167 306 125 165 171 168
332 306 125 165 171 168 167
332 125 165 171 168 167 306
332 165 171 168 167 306 125
332 171 168 167 306 125 165
333 170 169 307 126 166 172
333 169 307 126 166 172 170
333 307 126 166 172 170 169
333 126 166 172 170 169 307
333 166 172 170 169 307 126
333 172 170 169 307 126 166
334 175 176 308 213 179 173
334 176 308 213 179 173 175
334 308 213 179 173 175 176
334 213 179 173 175 176 308
334 179 173 175 176 308 213
334 173 175 176 308 213 179
335 177 178 309 214 180 174
335 178 309 214 180 174 177
335 309 214 180 174 177 178
335 214 180 174 177 178 309
335 180 174 177 178 309 214
335 174 177 178 309 214 180
336 -1 185 186 310 215 181
337 188 189 312 217 183 190
337 189 312 217 183 190 188
337 312 217 183 190 188 189
337 217 183 190 188 189 312
337 183 190 188 189 312 217
337 190 188 189 312 217 183
338 -1 192 313 218 184 191
339 202 203 316 219 198 204
339 203 316 219 198 204 202
339 316 219 198 204 202 203
339 219 198 204 202 203 316
339 198 204 202 203 316 219
339 204 202 203 316 219 198
340 207 206 317 220 199 205
340 206 317 220 199 205 207
340 317 220 199 205 207 206
340 220 199 205 207 206 317
340 199 205 207 206 317 220
340 205 207 206 317 220 199
341 212 211 319 221 201 210
341 211 319 221 201 210 212
341 319 221 201 210 212 211
341 221 201 210 212 211 319
341 201 210 212 211 319 221
341 210 212 211 319 221 201
342 233 234 320 222 245 235
342 234 320 222 245 235 233
342 320 222 245 235 233 234
342 222 245 235 233 234 320
342 245 235 233 234 320 222
342 235 233 234 320 222 245
343 238 237 321 223 246 236
343 237 321 223 246 236 238
343 321 223 246 236 238 237
343 223 246 236 238 237 321
343 246 236 238 237 321 223
343 236 238 237 321 223 246
344 239 240 322 224 247 241
344 240 322 224 247 241 239
344 322 224 247 241 239 240
344 224 247 241 239 240 322
344 247 241 239 240 322 224
344 241 239 240 322 224 247
345 244 243 323 225 248 242
345 243 323 225 248 242 244
345 323 225 248 242 244 243
345 225 248 242 244 243 323
345 248 242 244 243 323 225
345 242 244 243 323 225 248
346 252 251 324 226 249 255
346 251 324 226 249 255 252
346 324 226 249 255 252 251
346 226 249 255 252 251 324
346 249 255 252 251 324 226
346 255 252 251 324 226 249
347 254 253 325 227 250 256
347 253 325 227 250 256 254
347 325 227 250 256 254 253
347 227 250 256 254 253 325
347 250 256 254 253 325 227
347 256 254 253 325 227 250
348 257 258 326 228 267 259
348 258 326 228 267 259 257
348 326 228 267 259 257 258
348 228 267 259 257 258 326
348 267 259 257 258 326 228
348 259 257 258 326 228 267
349 -1 261 327 229 268 260
350 266 265 329 230 269 264
350 265 329 230 269 264 266
350 329 230 269 264 266 265
350 230 269 264 266 265 329
350 269 264 266 265 329 230
350 264 266 265 329 230 269
351 273 272 330 231 270 276
351 272 330 231 270 276 273
351 330 231 270 276 273 272
351 231 270 276 273 272 330
351 270 276 273 272 330 231
351 276 273 272 330 231 270
352 275 274 331 232 271 277
352 274 331 232 271 277 275
352 331 232 271 277 275 274
352 232 271 277 275 274 331
352 271 277 275 274 331 232
352 277 275 274 331 232 271
353 -1 333 436 382 376 377
354 -1 378 379 334 437 383
355 -1 336 439 385 389 387
356 -1 388 337 440 386 390
357 391 392 338 441 403 393
357 392 338 441 403 393 391
357 338 441 403 393 391 392
357 441 403 393 391 392 338
357 403 393 391 392 338 441
357 393 391 392 338 441 403
358 396 395 339 442 404 394
358 395 339 442 404 394 396
358 339 442 404 394 396 395
358 442 404 394 396 395 339
358 404 394 396 395 339 442
358 394 396 395 339 442 404
359 -1 405 399 397 398 340
360 -1 406 400 402 401 341
361 410 409 342 443 407 413
361 409 342 443 407 413 410
361 342 443 407 413 410 409
361 443 407 413 410 409 342
361 407 413 410 409 342 443
361 413 410 409 342 443 407
362 -1 408 414 412 411 343
363 415 416 344 444 427 417
363 416 344 444 427 417 415
363 344 444 427 417 415 416
363 444 427 417 415 416 344
363 427 417 415 416 344 444
363 417 415 416 344 444 427
364 420 419 345 445 428 418
364 419 345 445 428 418 420
364 345 445 428 418 420 419
364 445 428 418 420 419 345
364 428 418 420 419 345 445
364 418 420 419 345 445 428
365 -1 423 421 422 346 446
366 -1 424 426 425 347 447
367 431 430 348 448 429 434
367 430 348 448 429 434 431
367 348 448 429 434 431 430
367 448 429 434 431 430 348
367 429 434 431 430 348 448
367 434 431 430 348 448 429
368 -1 350 450 470 457 455
369 -1 456 351 451 471 458
370 460 459 352 452 472 463
370 459 352 452 472 463 460
370 352 452 472 463 460 459
370 452 472 463 460 459 352
370 472 463 460 459 352 452
370 463 460 459 352 452 472
371 466 465 354 453 473 469
371 465 354 453 473 469 466
371 354 453 473 469 466 465
371 453 473 469 466 465 354
371 473 469 466 465 354 453
371 469 466 465 354 453 473
372 -1 468 467 355 454 474
373 -1 356 531 479 476 477
374 486 485 360 535 483 487
374 485 360 535 483 487 486
374 360 535 483 487 486 485
374 535 483 487 486 485 360
374 483 487 486 485 360 535
374 487 486 485 360 535 483
375 505 504 361 536 502 508
375 504 361 536 502 508 505
375 361 536 502 508 505 504
375 536 502 508 505 504 361
375 502 508 505 504 361 536
375 508 505 504 361 536 502
376 507 506 362 537 503 509
376 506 362 537 503 509 507
376 362 537 503 509 507 506
376 537 503 509 507 506 362
376 503 509 507 506 362 537
376 509 507 506 362 537 503
377 510 511 363 538 520 512
377 511 363 538 520 512 510
377 363 538 520 512 510 511
377 538 520 512 510 511 363
377 520 512 510 511 363 538
377 512 510 511 363 538 520
378 -1 514 364 539 521 513
379 519 518 366 541 522 517
379 518 366 541 522 517 519
379 366 541 522 517 519 518
379 541 522 517 519 518 366
379 522 517 519 518 366 541
379 517 519 518 366 541 522
380 526 525 367 542 523 529
380 525 367 542 523 529 526
380 367 542 523 529 526 525
380 542 523 529 526 525 367
380 523 529 526 525 367 542
380 529 526 525 367 542 523
381 528 527 368 543 524 530
381 527 368 543 524 530 528
381 368 543 524 530 528 527
381 543 524 530 528 527 368
381 524 530 528 527 368 543
381 530 528 527 368 543 524
382 -1 369 544 565 552 550
383 -1 551 370 545 566 553
384 555 554 371 546 567 558
384 554 371 546 567 558 555
384 371 546 567 558 555 554
384 546 567 558 555 554 371
384 567 558 555 554 371 546
384 558 555 554 371 546 567
385 -1 559 557 556 372 547
386 561 560 373 548 568 564
386 560 373 548 568 564 561
386 373 548 568 564 561 560
386 548 568 564 561 560 373
386 568 564 561 560 373 548
386 564 561 560 373 548 568
387 -1 563 562 374 549 569
388 1 2 375 40 7 3
388 2 375 40 7 3 1
388 375 40 7 3 1 2
388 40 7 3 1 2 375
388 7 3 1 2 375 40
388 3 1 2 375 40 7
389 6 5 376 41 8 4
389 5 376 41 8 4 6
389 376 41 8 4 6 5
389 41 8 4 6 5 376
389 8 4 6 5 376 41
389 4 6 5 376 41 8
390 12 11 377 42 9 13
390 11 377 42 9 13 12
390 377 42 9 13 12 11
390 42 9 13 12 11 377
390 9 13 12 11 377 42
390 13 12 11 377 42 9
391 23 24 383 46 31 25
391 24 383 46 31 25 23
391 383 46 31 25 23 24
391 46 31 25 23 24 383
391 31 25 23 24 383 46
391 25 23 24 383 46 31
392 28 27 384 47 32 26
392 27 384 47 32 26 28
392 384 47 32 26 28 27
392 47 32 26 28 27 384
392 32 26 28 27 384 47
392 26 28 27 384 47 32
393 37 36 386 48 34 39
393 36 386 48 34 39 37
393 386 48 34 39 37 36
393 48 34 39 37 36 386
393 34 39 37 36 386 48
393 39 37 36 386 48 34
394 53 52 387 49 61 54
394 52 387 49 61 54 53
394 387 49 61 54 53 52
394 49 61 54 53 52 387
394 61 54 53 52 387 49
394 54 53 52 387 49 61
395 58 57 390 51 64 60
395 57 390 51 64 60 58
395 390 51 64 60 58 57
395 51 64 60 58 57 390
395 64 60 58 57 390 51
395 60 58 57 390 51 64
396 65 66 391 127 77 67
396 66 391 127 77 67 65
396 391 127 77 67 65 66
396 127 77 67 65 66 391
396 77 67 65 66 391 127
396 67 65 66 391 127 77
397 70 69 392 128 78 68
397 69 392 128 78 68 70
397 392 128 78 68 70 69
397 128 78 68 70 69 392
397 78 68 70 69 392 128
397 68 70 69 392 128 78
398 -1 73 71 72 393 129
399 -1 74 76 75 394 130
400 -1 83 84 397 133 92
401 86 87 399 135 94 88
401 87 399 135 94 88 86
401 399 135 94 88 86 87
401 135 94 88 86 87 399
401 94 88 86 87 399 135
401 88 86 87 399 135 94
402 91 90 400 136 95 89
402 90 400 136 95 89 91
402 400 136 95 89 91 90
402 136 95 89 91 90 400
402 95 89 91 90 400 136
402 89 91 90 400 136 95
403 -1 98 401 137 96 101
404 100 99 402 138 97 102
404 99 402 138 97 102 100
404 402 138 97 102 100 99
404 138 97 102 100 99 402
404 97 102 100 99 402 138
404 102 100 99 402 138 97
405 103 104 403 139 115 105
405 104 403 139 115 105 103
405 403 139 115 105 103 104
405 139 115 105 103 104 403
405 115 105 103 104 403 139
405 105 103 104 403 139 115
406 108 107 404 140 116 106
406 107 404 140 116 106 108
406 404 140 116 106 108 107
406 140 116 106 108 107 404
406 116 106 108 107 404 140
406 106 108 107 404 140 116
407 109 110 405 141 117 111
407 110 405 141 117 111 109
407 405 141 117 111 109 110
407 141 117 111 109 110 405
407 117 111 109 110 405 141
407 111 109 110 405 141 117
408 114 113 406 142 118 112
408 113 406 142 118 112 114
408 406 142 118 112 114 113
408 142 118 112 114 113 406
408 118 112 114 113 406 142
408 112 114 113 406 142 118
409 122 121 407 143 119 125
409 121 407 143 119 125 122
409 407 143 119 125 122 121
409 143 119 125 122 121 407
409 119 125 122 121 407 143
409 125 122 121 407 143 119
410 124 123 408 144 120 126
410 123 408 144 120 126 124
410 408 144 120 126 124 123
410 144 120 126 124 123 408
410 120 126 124 123 408 144
410 126 124 123 408 144 120
411 -1 152 151 409 145 167
412 -1 154 153 410 146 168
413 156 155 411 147 169 159
413 155 411 147 169 159 156
413 411 147 169 159 156 155
413 147 169 159 156 155 411
413 169 159 156 155 411 147
413 159 156 155 411 147 169
414 158 157 412 148 170 160
414 157 412 148 170 160 158
414 412 148 170 160 158 157
414 148 170 160 158 157 412
414 170 160 158 157 412 148
414 160 158 157 412 148 170
415 162 161 413 149 171 165
415 161 413 149 171 165 162
415 413 149 171 165 162 161
415 149 171 165 162 161 413
415 171 165 162 161 413 149
415 165 162 161 413 149 171
416 164 163 414 150 172 166
416 163 414 150 172 166 164
416 414 150 172 166 164 163
416 150 172 166 164 163 414
416 172 166 164 163 414 150
416 166 164 163 414 150 172
417 173 174 415 233 185 175
417 174 415 233 185 175 173
417 415 233 185 175 173 174
417 233 185 175 173 174 415
417 185 175 173 174 415 233
417 175 173 174 415 233 185
418 178 177 416 234 186 176
418 177 416 234 186 176 178
418 416 234 186 176 178 177
418 234 186 176 178 177 416
418 186 176 178 177 416 234
418 176 178 177 416 234 186
419 -1 181 179 180 417 235
420 -1 182 184 183 418 236
421 189 188 419 237 187 192
421 188 419 237 187 192 189
421 419 237 187 192 189 188
421 237 187 192 189 188 419
421 187 192 189 188 419 237
421 192 189 188 419 237 187
422 -1 193 194 421 239 202
423 196 197 423 241 204 198
423 197 423 241 204 198 196
423 423 241 204 198 196 197
423 241 204 198 196 197 423
423 204 198 196 197 423 241
423 198 196 197 423 241 204
424 201 200 424 242 205 199
424 200 424 242 205 199 201
424 424 242 205 199 201 200
424 242 205 199 201 200 424
424 205 199 201 200 424 242
424 199 201 200 424 242 205
425 -1 208 425 243 206 211
426 210 209 426 244 207 212
426 209 426 244 207 212 210
426 426 244 207 212 210 209
426 244 207 212 210 209 426
426 207 212 210 209 426 244
426 212 210 209 426 244 207
427 213 214 427 245 222 215
427 214 427 245 222 215 213
427 427 245 222 215 213 214
427 245 222 215 213 214 427
427 222 215 213 214 427 245
427 215 213 214 427 245 222
428 218 217 428 246 223 216
428 217 428 246 223 216 218
428 428 246 223 216 218 217
428 246 223 216 218 217 428
428 223 216 218 217 428 246
428 216 218 217 428 246 223
429 229 228 429 249 226 231
429 228 429 249 226 231 229
429 429 249 226 231 229 228
429 249 226 231 229 228 429
429 226 231 229 228 429 249
429 231 229 228 429 249 226
430 258 257 430 251 272 261
430 257 430 251 272 261 258
430 430 251 272 261 258 257
430 251 272 261 258 257 430
430 272 261 258 257 430 251
430 261 258 257 430 251 272
431 -1 260 259 431 252 273
432 -1 262 432 253 274 265
433 264 263 433 254 275 266
433 263 433 254 275 266 264
433 433 254 275 266 264 263
433 254 275 266 264 263 433
433 275 266 264 263 433 254
433 266 264 263 433 254 275
434 268 267 434 255 276 270
434 267 434 255 276 270 268
434 434 255 276 270 268 267
434 255 276 270 268 267 434
434 276 270 268 267 434 255
434 270 268 267 434 255 276
435 -1 436 333 288 279 280
436 281 282 437 334 289 283
436 282 437 334 289 283 281
436 437 334 289 283 281 282
436 334 289 283 281 282 437
436 289 283 281 282 437 334
436 283 281 282 437 334 289
437 286 285 438 335 290 284
437 285 438 335 290 284 286
437 438 335 290 284 286 285
437 335 290 284 286 285 438
437 290 284 286 285 438 335
437 284 286 285 438 335 290
438 -1 439 336 291 296 293
439 295 294 440 337 292 297
439 294 440 337 292 297 295
439 440 337 292 297 295 294
439 337 292 297 295 294 440
439 292 297 295 294 440 337
439 297 295 294 440 337 292
440 308 309 444 344 320 310
440 309 444 344 320 310 308
440 444 344 320 310 308 309
440 344 320 310 308 309 444
440 320 310 308 309 444 344
440 310 308 309 444 344 320
441 313 312 445 345 321 311
441 312 445 345 321 311 313
441 445 345 321 311 313 312
441 345 321 311 313 312 445
441 321 311 313 312 445 345
441 311 313 312 445 345 321
442 314 315 446 346 322 316
442 315 446 346 322 316 314
442 446 346 322 316 314 315
442 346 322 316 314 315 446
442 322 316 314 315 446 346
442 316 314 315 446 346 322
443 319 318 447 347 323 317
443 318 447 347 323 317 319
443 447 347 323 317 319 318
443 347 323 317 319 318 447
443 323 317 319 318 447 347
443 317 319 318 447 347 323
444 327 326 448 348 324 330
444 326 448 348 324 330 327
444 448 348 324 330 327 326
444 348 324 330 327 326 448
444 324 330 327 326 448 348
444 330 327 326 448 348 324
445 329 328 449 349 325 331
445 328 449 349 325 331 329
445 449 349 325 331 329 328
445 349 325 331 329 328 449
445 325 331 329 328 449 349
445 331 329 328 449 349 325
446 -1 450 350 369 359 356
447 358 357 451 351 370 360
447 357 451 351 370 360 358
447 451 351 370 360 358 357
447 351 370 360 358 357 451
447 370 360 358 357 451 351
447 360 358 357 451 351 370
448 364 363 453 354 373 367
448 363 453 354 373 367 364
448 453 354 373 367 364 363
448 354 373 367 364 363 453
448 373 367 364 363 453 354
448 367 364 363 453 354 373
449 366 365 454 355 374 368
449 365 454 355 374 368 366
449 454 355 374 368 366 365
449 355 374 368 366 365 454
449 374 368 366 365 454 355
449 368 366 365 454 355 374
450 476 475 455 550 484 477
450 475 455 550 484 477 476
450 455 550 484 477 476 475
450 550 484 477 476 475 455
450 484 477 476 475 455 550
450 477 476 475 455 550 484
451 481 480 458 553 487 483
451 480 458 553 487 483 481
451 458 553 487 483 481 480
451 553 487 483 481 480 458
451 487 483 481 480 458 553
451 483 481 480 458 553 487
452 -1 489 488 459 554 504
453 -1 491 490 460 555 505
454 493 492 461 556 506 496
454 492 461 556 506 496 493
454 461 556 506 496 493 492
454 556 506 496 493 492 461
454 506 496 493 492 461 556
454 496 493 492 461 556 506
455 495 494 462 557 507 497
455 494 462 557 507 497 495
455 462 557 507 497 495 494
455 557 507 497 495 494 462
455 507 497 495 494 462 557
455 497 495 494 462 557 507
456 499 498 463 558 508 502
456 498 463 558 508 502 499
456 463 558 508 502 499 498
456 558 508 502 499 498 463
456 508 502 499 498 463 558
456 502 499 498 463 558 508
457 501 500 464 559 509 503
457 500 464 559 509 503 501
457 464 559 509 503 501 500
457 559 509 503 501 500 464
457 509 503 501 500 464 559
457 503 501 500 464 559 509
458 511 510 465 560 525 514
458 510 465 560 525 514 511
458 465 560 525 514 511 510
458 560 525 514 511 510 465
458 525 514 511 510 465 560
458 514 511 510 465 560 525
459 -1 513 512 466 561 526
460 -1 515 467 562 527 518
461 517 516 468 563 528 519
461 516 468 563 528 519 517
461 468 563 528 519 517 516
461 563 528 519 517 516 468
461 528 519 517 516 468 563
461 519 517 516 468 563 528
462 521 520 469 564 529 523
462 520 469 564 529 523 521
462 469 564 529 523 521 520
462 564 529 523 521 520 469
462 529 523 521 520 469 564
462 523 521 520 469 564 529
463 -1 470 565 544 534 531
464 533 532 471 566 545 535
464 532 471 566 545 535 533
464 471 566 545 535 533 532
464 566 545 535 533 532 471
464 545 535 533 532 471 566
464 535 533 532 471 566 545
465 539 538 473 568 548 542
465 538 473 568 548 542 539
465 473 568 548 542 539 538
465 568 548 542 539 538 473
465 548 542 539 538 473 568
465 542 539 538 473 568 548
466 541 540 474 569 549 543
466 540 474 569 549 543 541
466 474 569 549 543 541 540
466 569 549 543 541 540 474
466 549 543 541 540 474 569
466 543 541 540 474 569 549
467 2 1 475 52 11 5
467 1 475 52 11 5 2
467 475 52 11 5 2 1
467 52 11 5 2 1 475
467 11 5 2 1 475 52
467 5 2 1 475 52 11
468 4 3 476 53 12 6
468 3 476 53 12 6 4
468 476 53 12 6 4 3
468 53 12 6 4 3 476
468 12 6 4 3 476 53
468 6 4 3 476 53 12
469 8 7 477 54 13 9
469 7 477 54 13 9 8
469 477 54 13 9 8 7
469 54 13 9 8 7 477
469 13 9 8 7 477 54
469 9 8 7 477 54 13
470 15 14 478 55 19 16
470 14 478 55 19 16 15
470 478 55 19 16 15 14
470 55 19 16 15 14 478
470 19 16 15 14 478 55
470 16 15 14 478 55 19
471 21 20 479 56 35 22
471 20 479 56 35 22 21
471 479 56 35 22 21 20
471 56 35 22 21 20 479
471 35 22 21 20 479 56
471 22 21 20 479 56 35
472 24 23 480 57 36 27
472 23 480 57 36 27 24
472 480 57 36 27 24 23
472 57 36 27 24 23 480
472 36 27 24 23 480 57
472 27 24 23 480 57 36
473 26 25 481 58 37 28
473 25 481 58 37 28 26
473 481 58 37 28 26 25
473 58 37 28 26 25 481
473 37 28 26 25 481 58
473 28 26 25 481 58 37
474 30 29 482 59 38 33
474 29 482 59 38 33 30
474 482 59 38 33 30 29
474 59 38 33 30 29 482
474 38 33 30 29 482 59
474 33 30 29 482 59 38
475 32 31 483 60 39 34
475 31 483 60 39 34 32
475 483 60 39 34 32 31
475 60 39 34 32 31 483
475 39 34 32 31 483 60
475 34 32 31 483 60 39
476 41 40 484 61 49 42
476 40 484 61 49 42 41
476 484 61 49 42 41 40
476 61 49 42 41 40 484
476 49 42 41 40 484 61
476 42 41 40 484 61 49
477 44 43 485 62 50 45
477 43 485 62 50 45 44
477 485 62 50 45 44 43
477 62 50 45 44 43 485
477 50 45 44 43 485 62
477 45 44 43 485 62 50
478 47 46 487 64 51 48
478 46 487 64 51 48 47
478 487 64 51 48 47 46
478 64 51 48 47 46 487
478 51 48 47 46 487 64
478 48 47 46 487 64 51
479 66 65 488 151 79 69
479 65 488 151 79 69 66
479 488 151 79 69 66 65
479 151 79 69 66 65 488
479 79 69 66 65 488 151
479 69 66 65 488 151 79
480 68 67 489 152 80 70
480 67 489 152 80 70 68
480 489 152 80 70 68 67
480 152 80 70 68 67 489
480 80 70 68 67 489 152
480 70 68 67 489 152 80
481 72 71 490 153 81 75
481 71 490 153 81 75 72
481 490 153 81 75 72 71
481 153 81 75 72 71 490
481 81 75 72 71 490 153
481 75 72 71 490 153 81
482 74 73 491 154 82 76
482 73 491 154 82 76 74
482 491 154 82 76 74 73
482 154 82 76 74 73 491
482 82 76 74 73 491 154
482 76 74 73 491 154 82
483 84 83 492 155 98 85
483 83 492 155 98 85 84
483 492 155 98 85 84 83
483 155 98 85 84 83 492
483 98 85 84 83 492 155
483 85 84 83 492 155 98
484 87 86 494 157 99 90
484 86 494 157 99 90 87
484 494 157 99 90 87 86
484 157 99 90 87 86 494
484 99 90 87 86 494 157
484 90 87 86 494 157 99
485 89 88 495 158 100 91
485 88 495 158 100 91 89
485 495 158 100 91 89 88
485 158 100 91 89 88 495
485 100 91 89 88 495 158
485 91 89 88 495 158 100
486 93 92 496 159 101 96
486 92 496 159 101 96 93
486 496 159 101 96 93 92
486 159 101 96 93 92 496
486 101 96 93 92 496 159
486 96 93 92 496 159 101
487 95 94 497 160 102 97
487 94 497 160 102 97 95
487 497 160 102 97 95 94
487 160 102 97 95 94 497
487 102 97 95 94 497 160
487 97 95 94 497 160 102
488 104 103 498 161 121 107
488 103 498 161 121 107 104
488 498 161 121 107 104 103
488 161 121 107 104 103 498
488 121 107 104 103 498 161
488 107 104 103 498 161 121
489 106 105 499 162 122 108
489 105 499 162 122 108 106
489 499 162 122 108 106 105
489 162 122 108 106 105 499
489 122 108 106 105 499 162
489 108 106 105 499 162 122
490 110 109 500 163 123 113
490 109 500 163 123 113 110
490 500 163 123 113 110 109
490 163 123 113 110 109 500
490 123 113 110 109 500 163
490 113 110 109 500 163 123
491 112 111 501 164 124 114
491 111 501 164 124 114 112
491 501 164 124 114 112 111
491 164 124 114 112 111 501
491 124 114 112 111 501 164
491 114 112 111 501 164 124
492 116 115 502 165 125 119
492 115 502 165 125 119 116
492 502 165 125 119 116 115
492 165 125 119 116 115 502
492 125 119 116 115 502 165
492 119 116 115 502 165 125
493 118 117 503 166 126 120
493 117 503 166 126 120 118
493 503 166 126 120 118 117
493 166 126 120 118 117 503
493 126 120 118 117 503 166
493 120 118 117 503 166 126
494 128 127 504 167 145 131
494 127 504 167 145 131 128
494 504 167 145 131 128 127
494 167 145 131 128 127 504
494 145 131 128 127 504 167
494 131 128 127 504 167 145
495 130 129 505 168 146 132
495 129 505 168 146 132 130
495 505 168 146 132 130 129
495 168 146 132 130 129 505
495 146 132 130 129 505 168
495 132 130 129 505 168 146
496 134 133 506 169 147 137
496 133 506 169 147 137 134
496 506 169 147 137 134 133
496 169 147 137 134 133 506
496 147 137 134 133 506 169
496 137 134 133 506 169 147
497 136 135 507 170 148 138
497 135 507 170 148 138 136
497 507 170 148 138 136 135
497 170 148 138 136 135 507
497 148 138 136 135 507 170
497 138 136 135 507 170 148
498 140 139 508 171 149 143
498 139 508 171 149 143 140
498 508 171 149 143 140 139
498 171 149 143 140 139 508
498 149 143 140 139 508 171
498 143 140 139 508 171 149
499 142 141 509 172 150 144
499 141 509 172 150 144 142
499 509 172 150 144 142 141
499 172 150 144 142 141 509
499 150 144 142 141 509 172
499 144 142 141 509 172 150
500 174 173 510 257 188 177
500 173 510 257 188 177 174
500 510 257 188 177 174 173
500 257 188 177 174 173 510
500 188 177 174 173 510 257
500 177 174 173 510 257 188
501 176 175 511 258 189 178
501 175 511 258 189 178 176
501 511 258 189 178 176 175
501 258 189 178 176 175 511
501 189 178 176 175 511 258
501 178 176 175 511 258 189
502 180 179 512 259 190 183
502 179 512 259 190 183 180
502 512 259 190 183 180 179
502 259 190 183 180 179 512
502 190 183 180 179 512 259
502 183 180 179 512 259 190
503 182 181 513 260 191 184
503 181 513 260 191 184 182
503 513 260 191 184 182 181
503 260 191 184 182 181 513
503 191 184 182 181 513 260
503 184 182 181 513 260 191
504 186 185 514 261 192 187
504 185 514 261 192 187 186
504 514 261 192 187 186 185
504 261 192 187 186 185 514
504 192 187 186 185 514 261
504 187 186 185 514 261 192
505 194 193 515 262 208 195
505 193 515 262 208 195 194
505 515 262 208 195 194 193
505 262 208 195 194 193 515
505 208 195 194 193 515 262
505 195 194 193 515 262 208
506 197 196 516 263 209 200
506 196 516 263 209 200 197
506 516 263 209 200 197 196
506 263 209 200 197 196 516
506 209 200 197 196 516 263
506 200 197 196 516 263 209
507 199 198 517 264 210 201
507 198 517 264 210 201 199
507 517 264 210 201 199 198
507 264 210 201 199 198 517
507 210 201 199 198 517 264
507 201 199 198 517 264 210
508 203 202 518 265 211 206
508 202 518 265 211 206 203
508 518 265 211 206 203 202
508 265 211 206 203 202 518
508 211 206 203 202 518 265
508 206 203 202 518 265 211
509 205 204 519 266 212 207
509 204 519 266 212 207 205
509 519 266 212 207 205 204
509 266 212 207 205 204 519
509 212 207 205 204 519 266
509 207 205 204 519 266 212
510 214 213 520 267 228 217
510 213 520 267 228 217 214
510 520 267 228 217 214 213
510 267 228 217 214 213 520
510 228 217 214 213 520 267
510 217 214 213 520 267 228
511 216 215 521 268 229 218
511 215 521 268 229 218 216
511 521 268 229 218 216 215
511 268 229 218 216 215 521
511 229 218 216 215 521 268
511 218 216 215 521 268 229
512 220 219 522 269 230 221
512 219 522 269 230 221 220
512 522 269 230 221 220 219
512 269 230 221 220 219 522
512 230 221 220 219 522 269
512 221 220 219 522 269 230
513 223 222 523 270 231 226
513 222 523 270 231 226 223
513 523 270 231 226 223 222
513 270 231 226 223 222 523
513 231 226 223 222 523 270
513 226 223 222 523 270 231
514 225 224 524 271 232 227
514 224 524 271 232 227 225
514 524 271 232 227 225 224
514 271 232 227 225 224 524
514 232 227 225 224 524 271
514 227 225 224 524 271 232
515 234 233 525 272 251 237
515 233 525 272 251 237 234
515 525 272 251 237 234 233
515 272 251 237 234 233 525
515 251 237 234 233 525 272
515 237 234 233 525 272 251
516 236 235 526 273 252 238
516 235 526 273 252 238 236
516 526 273 252 238 236 235
516 273 252 238 236 235 526
516 252 238 236 235 526 273
516 238 236 235 526 273 252
517 240 239 527 274 253 243
517 239 527 274 253 243 240
517 527 274 253 243 240 239
517 274 253 243 240 239 527
517 253 243 240 239 527 274
517 243 240 239 527 274 253
518 242 241 528 275 254 244
518 241 528 275 254 244 242
518 528 275 254 244 242 241
518 275 254 244 242 241 528
518 254 244 242 241 528 275
518 244 242 241 528 275 254
519 246 245 529 276 255 249
519 245 529 276 255 249 246
519 529 276 255 249 246 245
519 276 255 249 246 245 529
519 255 249 246 245 529 276
519 249 246 245 529 276 255
520 248 247 530 277 256 250
520 247 530 277 256 250 248
520 530 277 256 250 248 247
520 277 256 250 248 247 530
520 256 250 248 247 530 277
520 250 248 247 530 277 256
521 279 278 531 356 293 280
521 278 531 356 293 280 279
521 531 356 293 280 279 278
521 356 293 280 279 278 531
521 293 280 279 278 531 356
521 280 279 278 531 356 293
522 282 281 532 357 294 285
522 281 532 357 294 285 282
522 532 357 294 285 282 281
522 357 294 285 282 281 532
522 294 285 282 281 532 357
522 285 282 281 532 357 294
523 284 283 533 358 295 286
523 283 533 358 295 286 284
523 533 358 295 286 284 283
523 358 295 286 284 283 533
523 295 286 284 283 533 358
523 286 284 283 533 358 295
524 288 287 534 359 296 291
524 287 534 359 296 291 288
524 534 359 296 291 288 287
524 359 296 291 288 287 534
524 296 291 288 287 534 359
524 291 288 287 534 359 296
525 290 289 535 360 297 292
525 289 535 360 297 292 290
525 535 360 297 292 290 289
525 360 297 292 290 289 535
525 297 292 290 289 535 360
525 292 290 289 535 360 297
526 301 300 536 361 306 304
526 300 536 361 306 304 301
526 536 361 306 304 301 300
526 361 306 304 301 300 536
526 306 304 301 300 536 361
526 304 301 300 536 361 306
527 303 302 537 362 307 305
527 302 537 362 307 305 303
527 537 362 307 305 303 302
527 362 307 305 303 302 537
527 307 305 303 302 537 362
527 305 303 302 537 362 307
528 309 308 538 363 326 312
528 308 538 363 326 312 309
528 538 363 326 312 309 308
528 363 326 312 309 308 538
528 326 312 309 308 538 363
528 312 309 308 538 363 326
529 311 310 539 364 327 313
529 310 539 364 327 313 311
529 539 364 327 313 311 310
529 364 327 313 311 310 539
529 327 313 311 310 539 364
529 313 311 310 539 364 327
530 315 314 540 365 328 318
530 314 540 365 328 318 315
530 540 365 328 318 315 314
530 365 328 318 315 314 540
530 328 318 315 314 540 365
530 318 315 314 540 365 328
531 317 316 541 366 329 319
531 316 541 366 329 319 317
531 541 366 329 319 317 316
531 366 329 319 317 316 541
531 329 319 317 316 541 366
531 319 317 316 541 366 329
532 321 320 542 367 330 324
532 320 542 367 330 324 321
532 542 367 330 324 321 320
532 367 330 324 321 320 542
532 330 324 321 320 542 367
532 324 321 320 542 367 330
533 323 322 543 368 331 325
533 322 543 368 331 325 323
533 543 368 331 325 323 322
533 368 331 325 323 322 543
533 331 325 323 322 543 368
533 325 323 322 543 368 331
534 333 332 544 369 350 336
534 332 544 369 350 336 333
534 544 369 350 336 333 332
534 369 350 336 333 332 544
534 350 336 333 332 544 369
534 336 333 332 544 369 350
535 335 334 545 370 351 337
535 334 545 370 351 337 335
535 545 370 351 337 335 334
535 370 351 337 335 334 545
535 351 337 335 334 545 370
535 337 335 334 545 370 351
536 339 338 546 371 352 342
536 338 546 371 352 342 339
536 546 371 352 342 339 338
536 371 352 342 339 338 546
536 352 342 339 338 546 371
536 342 339 338 546 371 352
537 341 340 547 372 353 343
537 340 547 372 353 343 341
537 547 372 353 343 341 340
537 372 353 343 341 340 547
537 353 343 341 340 547 372
537 343 341 340 547 372 353
538 345 344 548 373 354 348
538 344 548 373 354 348 345
538 548 373 354 348 345 344
538 373 354 348 345 344 548
538 354 348 345 344 548 373
538 348 345 344 548 373 354
539 347 346 549 374 355 349
539 346 549 374 355 349 347
539 549 374 355 349 347 346
539 374 355 349 347 346 549
539 355 349 347 346 549 374
539 349 347 346 549 374 355
540 376 375 550 455 387 377
540 375 550 455 387 377 376
540 550 455 387 377 376 375
540 455 387 377 376 375 550
540 387 377 376 375 550 455
540 377 376 375 550 455 387
541 379 378 551 456 388 380
541 378 551 456 388 380 379
541 551 456 388 380 379 378
541 456 388 380 379 378 551
541 388 380 379 378 551 456
541 380 379 378 551 456 388
542 382 381 552 457 389 385
542 381 552 457 389 385 382
542 552 457 389 385 382 381
542 457 389 385 382 381 552
542 389 385 382 381 552 457
542 385 382 381 552 457 389
543 384 383 553 458 390 386
543 383 553 458 390 386 384
543 553 458 390 386 384 383
543 458 390 386 384 383 553
543 390 386 384 383 553 458
543 386 384 383 553 458 390
544 392 391 554 459 409 395
544 391 554 459 409 395 392
544 554 459 409 395 392 391
544 459 409 395 392 391 554
544 409 395 392 391 554 459
544 395 392 391 554 459 409
545 394 393 555 460 410 396
545 393 555 460 410 396 394
545 555 460 410 396 394 393
545 460 410 396 394 393 555
545 410 396 394 393 555 460
545 396 394 393 555 460 410
546 398 397 556 461 411 401
546 397 556 461 411 401 398
546 556 461 411 401 398 397
546 461 411 401 398 397 556
546 411 401 398 397 556 461
546 401 398 397 556 461 411
547 400 399 557 462 412 402
547 399 557 462 412 402 400
547 557 462 412 402 400 399
547 462 412 402 400 399 557
547 412 402 400 399 557 462
547 402 400 399 557 462 412
548 404 403 558 463 413 407
548 403 558 463 413 407 404
548 558 463 413 407 404 403
548 463 413 407 404 403 558
548 413 407 404 403 558 463
548 407 404 403 558 463 413
549 406 405 559 464 414 408
549 405 559 464 414 408 406
549 559 464 414 408 406 405
549 464 414 408 406 405 559
549 414 408 406 405 559 464
549 408 406 405 559 464 414
550 416 415 560 465 430 419
550 415 560 465 430 419 416
550 560 465 430 419 416 415
550 465 430 419 416 415 560
550 430 419 416 415 560 465
550 419 416 415 560 465 430
551 418 417 561 466 431 420
551 417 561 466 431 420 418
551 561 466 431 420 418 417
551 466 431 420 418 417 561
551 431 420 418 417 561 466
551 420 418 417 561 466 431
552 422 421 562 467 432 425
552 421 562 467 432 425 422
552 562 467 432 425 422 421
552 467 432 425 422 421 562
552 432 425 422 421 562 467
552 425 422 421 562 467 432
553 424 423 563 468 433 426
553 423 563 468 433 426 424
553 563 468 433 426 424 423
553 468 433 426 424 423 563
553 433 426 424 423 563 468
553 426 424 423 563 468 433
554 428 427 564 469 434 429
554 427 564 469 434 429 428
554 564 469 434 429 428 427
554 469 434 429 428 427 564
554 434 429 428 427 564 469
554 429 428 427 564 469 434
555 436 435 565 470 450 439
555 435 565 470 450 439 436
555 565 470 450 439 436 435
555 470 450 439 436 435 565
555 450 439 436 435 565 470
555 439 436 435 565 470 450
556 438 437 566 471 451 440
556 437 566 471 451 440 438
556 566 471 451 440 438 437
556 471 451 440 438 437 566
556 451 440 438 437 566 471
556 440 438 437 566 471 451
557 442 441 567 472 452 443
557 441 567 472 452 443 442
557 567 472 452 443 442 441
557 472 452 443 442 441 567
557 452 443 442 441 567 472
557 443 442 441 567 472 452
558 445 444 568 473 453 448
558 444 568 473 453 448 445
558 568 473 453 448 445 444
558 473 453 448 445 444 568
558 453 448 445 444 568 473
558 448 445 444 568 473 453
559 447 446 569 474 454 449
559 446 569 474 454 449 447
559 569 474 454 449 447 446
559 474 454 449 447 446 569
559 454 449 447 446 569 474
559 449 447 446 569 474 454
