570 2578 558 5
0 -1 86 226 469 524 245
1 246 0 91 243 564 428
1 0 91 243 564 428 246
1 91 243 564 428 246 0
1 243 564 428 246 0 91
1 564 428 246 0 91 243
1 428 246 0 91 243 564
2 -1 100 311 239 547 360
3 -1 475 1 104 329 422
4 -1 109 352 518 204 361
5 -1 3 111 358 558 404
6 476 4 127 444 307 228
6 4 127 444 307 228 476
6 127 444 307 228 476 4
6 444 307 228 476 4 127
6 307 228 476 4 127 444
6 228 476 4 127 444 307
7 157 5 129 450 348 506
7 5 129 450 348 506 157
7 129 450 348 506 157 5
7 450 348 506 157 5 129
7 348 506 157 5 129 450
7 506 157 5 129 450 348
8 158 6 135 473 535 289
8 6 135 473 535 289 158
8 135 473 535 289 158 6
8 473 535 289 158 6 135
8 535 289 158 6 135 473
8 289 158 6 135 473 535
9 249 7 145 522 216 429
9 7 145 522 216 429 249
9 145 522 216 429 249 7
9 522 216 429 249 7 145
9 216 429 249 7 145 522
9 429 249 7 145 522 216
10 -1 148 539 301 205 362
11 -1 8 150 545 325 405
12 159 9 156 568 440 290
12 9 156 568 440 290 159
12 156 568 440 290 159 9
12 568 440 290 159 9 156
12 440 290 159 9 156 568
12 290 159 9 156 568 440
13 477 10 178 105 332 453
13 10 178 105 332 453 477
13 178 105 332 453 477 10
13 105 332 453 477 10 178
13 332 453 477 10 178 105
13 453 477 10 178 105 332
14 363 11 180 110 355 548
14 11 180 110 355 548 363
14 180 110 355 548 363 11
14 110 355 548 363 11 180
14 355 548 363 11 180 110
14 548 363 11 180 110 355
15 -1 186 134 470 526 251
16 364 12 189 149 542 315
16 12 189 149 542 315 364
16 189 149 542 315 364 12
16 149 542 315 364 12 189
16 542 315 364 12 189 149
16 315 364 12 189 149 542
17 -1 191 155 565 430 252
18 478 13 198 323 398 136
18 13 198 323 398 136 478
18 198 323 398 136 478 13
18 323 398 136 478 13 198
18 398 136 478 13 198 323
18 136 478 13 198 323 398
19 54 14 200 333 457 485
19 14 200 333 457 485 54
19 200 333 457 485 54 14
19 333 457 485 54 14 200
19 457 485 54 14 200 333
19 485 54 14 200 333 457
20 55 15 203 356 552 380
20 15 203 356 552 380 55
20 203 356 552 380 55 15
20 356 552 380 55 15 203
20 552 380 55 15 203 356
20 380 55 15 203 356 552
21 367 16 233 498 101 316
21 16 233 498 101 316 367
21 233 498 101 316 367 16
21 498 101 316 367 16 233
21 101 316 367 16 233 498
21 316 367 16 233 498 101
22 -1 235 504 124 431 255
23 57 17 238 543 319 381
23 17 238 543 319 381 57
23 238 543 319 381 57 17
23 543 319 381 57 17 238
23 319 381 57 17 238 543
23 381 57 17 238 543 319
24 -1 277 90 240 550 369
25 -1 479 18 281 122 423
26 -1 286 144 519 206 370
27 -1 20 288 153 559 406
28 -1 300 190 152 551 371
29 -1 310 234 501 114 372
30 -1 22 312 241 553 382
31 -1 345 493 81 207 373
32 161 23 347 502 118 407
32 23 347 502 118 407 161
32 347 502 118 407 161 23
32 502 118 407 161 23 347
32 118 407 161 23 347 502
32 407 161 23 347 502 118
33 -1 351 513 181 115 374
34 -1 391 88 236 528 257
35 480 24 395 99 308 229
35 24 395 99 308 229 480
35 395 99 308 229 480 24
35 99 308 229 480 24 395
35 308 229 480 24 395 99
35 229 480 24 395 99 308
36 162 25 397 108 349 508
36 25 397 108 349 508 162
36 397 108 349 508 162 25
36 108 349 508 162 25 397
36 349 508 162 25 397 108
36 508 162 25 397 108 349
37 -1 401 142 515 192 258
38 163 26 403 147 536 291
38 26 403 147 536 291 163
38 403 147 536 291 163 26
38 147 536 291 163 26 403
38 536 291 163 26 403 147
38 291 163 26 403 147 536
39 481 27 413 179 107 342
39 27 413 179 107 342 481
39 413 179 107 342 481 27
39 179 107 342 481 27 413
39 107 342 481 27 413 179
39 342 481 27 413 179 107
40 259 28 415 188 146 529
40 28 415 188 146 529 259
40 415 188 146 529 259 28
40 188 146 529 259 28 415
40 146 529 259 28 415 188
40 529 259 28 415 188 146
41 -1 284 139 482 29 419
42 -1 343 488 61 30 421
43 260 31 425 232 495 92
43 31 425 232 495 92 260
43 425 232 495 92 260 31
43 232 495 92 260 31 425
43 495 92 260 31 425 232
43 92 260 31 425 232 495
44 -1 530 269 62 32 427
45 483 33 437 276 87 230
45 33 437 276 87 230 483
45 437 276 87 230 483 33
45 276 87 230 483 33 437
45 87 230 483 33 437 276
45 230 483 33 437 276 87
46 164 34 439 285 141 509
46 34 439 285 141 509 164
46 439 285 141 509 164 34
46 285 141 509 164 34 439
46 141 509 164 34 439 285
46 509 164 34 439 285 141
47 484 35 443 299 187 140
47 35 443 299 187 140 484
47 443 299 187 140 484 35
47 299 187 140 484 35 443
47 187 140 484 35 443 299
47 140 484 35 443 299 187
48 63 36 445 309 231 489
48 36 445 309 231 489 63
48 445 309 231 489 63 36
48 309 231 489 63 36 445
48 231 489 63 36 445 309
48 489 63 36 445 309 231
49 165 37 449 344 490 72
49 37 449 344 490 72 165
49 449 344 490 72 165 37
49 344 490 72 165 37 449
49 490 72 165 37 449 344
49 72 165 37 449 344 490
50 64 38 451 350 510 172
50 38 451 350 510 172 64
50 451 350 510 172 64 38
50 350 510 172 64 38 451
50 510 172 64 38 451 350
50 172 64 38 451 350 510
51 -1 460 491 75 193 261
52 166 39 462 496 95 292
52 39 462 496 95 292 166
52 462 496 95 292 166 39
52 496 95 292 166 39 462
52 95 292 166 39 462 496
52 292 166 39 462 496 95
53 262 40 466 511 175 93
53 40 466 511 175 93 262
53 466 511 175 93 262 40
53 511 175 93 262 40 466
53 175 93 262 40 466 511
53 93 262 40 466 511 175
54 167 42 472 531 272 73
54 42 472 531 272 73 167
54 472 531 272 73 167 42
54 531 272 73 167 42 472
54 272 73 167 42 472 531
54 73 167 42 472 531 272
55 66 43 474 537 295 173
55 43 474 537 295 173 66
55 474 537 295 173 66 43
55 537 295 173 66 43 474
55 295 173 66 43 474 537
55 173 66 43 474 537 295
56 -1 494 83 217 432 263
57 -1 497 97 302 208 375
58 -1 44 499 103 326 408
59 168 45 505 126 441 293
59 45 505 126 441 293 168
59 505 126 441 293 168 45
59 126 441 293 168 45 505
59 441 293 168 45 505 126
59 293 168 45 505 126 441
60 376 46 512 177 102 318
60 46 512 177 102 318 376
60 512 177 102 318 376 46
60 177 102 318 376 46 512
60 102 318 376 46 512 177
60 318 376 46 512 177 102
61 -1 514 183 125 433 265
62 67 47 517 197 320 384
62 47 517 197 320 384 67
62 517 197 320 384 67 47
62 197 320 384 67 47 517
62 320 384 67 47 517 197
62 384 67 47 517 197 320
63 -1 532 274 82 209 378
64 169 48 534 280 119 409
64 48 534 280 119 409 169
64 534 280 119 409 169 48
64 280 119 409 169 48 534
64 119 409 169 48 534 280
64 409 169 48 534 280 119
65 -1 538 297 182 117 379
66 -1 540 303 211 385 68
67 -1 555 388 76 194 267
68 170 49 557 394 96 294
68 49 557 394 96 294 170
68 557 394 96 294 170 49
68 394 96 294 170 49 557
68 96 294 170 49 557 394
68 294 170 49 557 394 96
69 268 50 561 412 176 94
69 50 561 412 176 94 268
69 561 412 176 94 268 50
69 412 176 94 268 50 561
69 176 94 268 50 561 412
69 94 268 50 561 412 176
70 -1 271 70 51 563 418
71 171 52 567 436 273 74
71 52 567 436 273 74 171
71 567 436 273 74 171 52
71 436 273 74 171 52 567
71 273 74 171 52 567 436
71 74 171 52 567 436 273
72 71 53 569 442 296 174
72 53 569 442 296 174 71
72 569 442 296 174 71 53
72 442 296 174 71 53 569
72 296 174 71 53 569 442
72 174 71 53 569 442 296
73 -1 56 72 81 83 84
74 -1 74 87 90 91 0
75 103 104 1 58 92 101
75 104 1 58 92 101 103
75 1 58 92 101 103 104
75 58 92 101 103 104 1
75 92 101 103 104 1 58
75 101 103 104 1 58 92
76 105 106 2 59 93 102
76 106 2 59 93 102 105
76 2 59 93 102 105 106
76 59 93 102 105 106 2
76 93 102 105 106 2 59
76 102 105 106 2 59 93
77 110 111 3 60 94 107
77 111 3 60 94 107 110
77 3 60 94 107 110 111
77 60 94 107 110 111 3
77 94 107 110 111 3 60
77 107 110 111 3 60 94
78 -1 61 112 118 120 121
79 -1 62 113 119 122 123
80 126 127 4 63 114 124
80 127 4 63 114 124 126
80 4 63 114 124 126 127
80 63 114 124 126 127 4
80 114 124 126 127 4 63
80 124 126 127 4 63 114
81 128 129 5 64 115 125
81 129 5 64 115 125 128
81 5 64 115 125 128 129
81 64 115 125 128 129 5
81 115 125 128 129 5 64
81 125 128 129 5 64 115
82 -1 65 116 130 132 133
83 134 135 6 66 117 131
83 135 6 66 117 131 134
83 6 66 117 131 134 135
83 66 117 131 134 135 6
83 117 131 134 135 6 66
83 131 134 135 6 66 117
84 149 150 8 69 138 146
84 150 8 69 138 146 149
84 8 69 138 146 149 150
84 69 138 146 149 150 8
84 138 146 149 150 8 69
84 146 149 150 8 69 138
85 -1 70 139 151 153 154
86 155 156 9 71 140 152
86 156 9 71 140 152 155
86 9 71 140 152 155 156
86 71 140 152 155 156 9
86 140 152 155 156 9 71
86 152 155 156 9 71 140
87 -1 157 172 181 183 184
88 -1 158 173 182 185 186
89 -1 159 174 187 190 191
90 197 198 13 160 192 195
90 198 13 160 192 195 197
90 13 160 192 195 197 198
90 160 192 195 197 198 13
90 192 195 197 198 13 160
90 195 197 198 13 160 192
91 -1 193 196 199 200 14
92 -1 194 201 202 203 15
93 -1 162 204 210 212 213
94 -1 163 205 211 214 215
95 -1 164 206 216 218 219
96 -1 165 207 217 220 221
97 -1 166 208 222 224 225
98 -1 167 209 223 226 227
99 -1 168 228 231 234 235
100 -1 170 229 239 241 242
101 -1 171 230 240 243 244
102 280 281 18 247 269 278
102 281 18 247 269 278 280
102 18 247 269 278 280 281
102 247 269 278 280 281 18
102 269 278 280 281 18 247
102 278 280 281 18 247 269
103 282 283 19 248 270 279
103 283 19 248 270 279 282
103 19 248 270 279 282 283
103 248 270 279 282 283 19
103 270 279 282 283 19 248
103 279 282 283 19 248 270
104 287 288 20 250 271 284
104 288 20 250 271 284 287
104 20 250 271 284 287 288
104 250 271 284 287 288 20
104 271 284 287 288 20 250
104 284 287 288 20 250 271
105 -1 251 289 295 297 298
106 -1 252 290 296 299 300
107 -1 253 291 301 303 304
108 305 306 21 254 292 302
108 306 21 254 292 302 305
108 21 254 292 302 305 306
108 254 292 302 305 306 21
108 292 302 305 306 21 254
108 302 305 306 21 254 292
109 -1 255 293 307 309 310
110 311 312 22 256 294 308
110 312 22 256 294 308 311
110 22 256 294 308 311 312
110 256 294 308 311 312 22
110 294 308 311 312 22 256
110 308 311 312 22 256 294
111 -1 257 313 319 321 322
112 -1 258 314 320 323 324
113 -1 259 315 325 327 328
114 -1 260 316 326 329 330
115 -1 261 317 331 333 334
116 -1 262 318 332 335 336
117 346 347 23 264 338 343
117 347 23 264 338 343 346
117 23 264 338 343 346 347
117 264 338 343 346 347 23
117 338 343 346 347 23 264
117 343 346 347 23 264 338
118 -1 265 339 348 350 351
119 -1 266 340 349 352 353
120 -1 267 341 354 356 357
121 -1 268 342 355 358 359
122 394 395 24 360 382 392
122 395 24 360 382 392 394
122 24 360 382 392 394 395
122 360 382 392 394 395 24
122 382 392 394 395 24 360
122 392 394 395 24 360 382
123 396 397 25 361 383 393
123 397 25 361 383 393 396
123 25 361 383 393 396 397
123 361 383 393 396 397 25
123 383 393 396 397 25 361
123 393 396 397 25 361 383
124 402 403 26 362 385 399
124 403 26 362 385 399 402
124 26 362 385 399 402 403
124 362 385 399 402 403 26
124 385 399 402 403 26 362
124 399 402 403 26 362 385
125 412 413 27 363 404 410
125 413 27 363 404 410 412
125 27 363 404 410 412 413
125 363 404 410 412 413 27
125 404 410 412 413 27 363
125 410 412 413 27 363 404
126 414 415 28 364 405 411
126 415 28 364 405 411 414
126 28 364 405 411 414 415
126 364 405 411 414 415 28
126 405 411 414 415 28 364
126 411 414 415 28 364 405
127 418 419 29 365 406 416
127 419 29 365 406 416 418
127 29 365 406 416 418 419
127 365 406 416 418 419 29
127 406 416 418 419 29 365
127 416 418 419 29 365 406
128 420 421 30 366 407 417
128 421 30 366 407 417 420
128 30 366 407 417 420 421
128 366 407 417 420 421 30
128 407 417 420 421 30 366
128 417 420 421 30 366 407
129 424 425 31 367 408 422
129 425 31 367 408 422 424
129 31 367 408 422 424 425
129 367 408 422 424 425 31
129 408 422 424 425 31 367
129 422 424 425 31 367 408
130 426 427 32 368 409 423
130 427 32 368 409 423 426
130 32 368 409 423 426 427
130 368 409 423 426 427 32
130 409 423 426 427 32 368
130 423 426 427 32 368 409
131 436 437 33 369 428 434
131 437 33 369 428 434 436
131 33 369 428 434 436 437
131 369 428 434 436 437 33
131 428 434 436 437 33 369
131 434 436 437 33 369 428
132 438 439 34 370 429 435
132 439 34 370 429 435 438
132 34 370 429 435 438 439
132 370 429 435 438 439 34
132 429 435 438 439 34 370
132 435 438 439 34 370 429
133 442 443 35 371 430 440
133 443 35 371 430 440 442
133 35 371 430 440 442 443
133 371 430 440 442 443 35
133 430 440 442 443 35 371
133 440 442 443 35 371 430
134 444 445 36 372 431 441
134 445 36 372 431 441 444
134 36 372 431 441 444 445
134 372 431 441 444 445 36
134 431 441 444 445 36 372
134 441 444 445 36 372 431
135 448 449 37 373 432 446
135 449 37 373 432 446 448
135 37 373 432 446 448 449
135 373 432 446 448 449 37
135 432 446 448 449 37 373
135 446 448 449 37 373 432
136 450 451 38 374 433 447
136 451 38 374 433 447 450
136 38 374 433 447 450 451
136 374 433 447 450 451 38
136 433 447 450 451 38 374
136 447 450 451 38 374 433
137 461 462 39 375 452 458
137 462 39 375 452 458 461
137 39 375 452 458 461 462
137 375 452 458 461 462 39
137 452 458 461 462 39 375
137 458 461 462 39 375 452
138 465 466 40 376 453 463
138 466 40 376 453 463 465
138 40 376 453 463 465 466
138 376 453 463 465 466 40
138 453 463 465 466 40 376
138 463 465 466 40 376 453
139 467 468 41 377 454 464
139 468 41 377 454 464 467
139 41 377 454 464 467 468
139 377 454 464 467 468 41
139 454 464 467 468 41 377
139 464 467 468 41 377 454
140 471 472 42 378 455 469
140 472 42 378 455 469 471
140 42 378 455 469 471 472
140 378 455 469 471 472 42
140 455 469 471 472 42 378
140 469 471 472 42 378 455
141 473 474 43 379 456 470
141 474 43 379 456 470 473
141 43 379 456 470 473 474
141 379 456 470 473 474 43
141 456 470 473 474 43 379
141 470 473 474 43 379 456
142 498 499 44 475 487 495
142 499 44 475 487 495 498
142 44 475 487 495 498 499
142 475 487 495 498 499 44
142 487 495 498 499 44 475
142 495 498 499 44 475 487
143 504 505 45 476 489 501
143 505 45 476 489 501 504
143 45 476 489 501 504 505
143 476 489 501 504 505 45
143 489 501 504 505 45 476
143 501 504 505 45 476 489
144 516 517 47 478 507 515
144 517 47 478 507 515 516
144 47 478 507 515 516 517
144 478 507 515 516 517 47
144 507 515 516 517 47 478
144 515 516 517 47 478 507
145 533 534 48 479 525 530
145 534 48 479 525 530 533
145 48 479 525 530 533 534
145 479 525 530 533 534 48
145 525 530 533 534 48 479
145 530 533 534 48 479 525
146 556 557 49 480 547 553
146 557 49 480 547 553 556
146 49 480 547 553 556 557
146 480 547 553 556 557 49
146 547 553 556 557 49 480
146 553 556 557 49 480 547
147 560 561 50 481 548 558
147 561 50 481 548 558 560
147 50 481 548 558 560 561
147 481 548 558 560 561 50
147 548 558 560 561 50 481
147 558 560 561 50 481 548
148 562 563 51 482 549 559
148 563 51 482 549 559 562
148 51 482 549 559 562 563
148 482 549 559 562 563 51
148 549 559 562 563 51 482
148 559 562 563 51 482 549
149 566 567 52 483 550 564
149 567 52 483 550 564 566
149 52 483 550 564 566 567
149 483 550 564 566 567 52
149 550 564 566 567 52 483
149 564 566 567 52 483 550
150 568 569 53 484 551 565
150 569 53 484 551 565 568
150 53 484 551 565 568 569
150 484 551 565 568 569 53
150 551 565 568 569 53 484
150 565 568 569 53 484 551
151 35 36 63 4 24 33
151 36 63 4 24 33 35
151 63 4 24 33 35 36
151 4 24 33 35 36 63
151 24 33 35 36 63 4
151 33 35 36 63 4 24
152 37 38 64 5 25 34
152 38 64 5 25 34 37
152 64 5 25 34 37 38
152 5 25 34 37 38 64
152 25 34 37 38 64 5
152 34 37 38 64 5 25
153 42 43 66 6 26 39
153 43 66 6 26 39 42
153 66 6 26 39 42 43
153 6 26 39 42 43 66
153 26 39 42 43 66 6
153 39 42 43 66 6 26
154 52 53 71 9 45 49
154 53 71 9 45 49 52
154 71 9 45 49 52 53
154 9 45 49 52 53 71
154 45 49 52 53 71 9
154 49 52 53 71 9 45
155 164 165 72 172 157 162
155 165 72 172 157 162 164
155 72 172 157 162 164 165
155 172 157 162 164 165 72
155 157 162 164 165 72 172
155 162 164 165 72 172 157
156 166 167 73 173 158 163
156 167 73 173 158 163 166
156 73 173 158 163 166 167
156 173 158 163 166 167 73
156 158 163 166 167 73 173
156 163 166 167 73 173 158
157 170 171 74 174 159 168
157 171 74 174 159 168 170
157 74 174 159 168 170 171
157 174 159 168 170 171 74
157 159 168 170 171 74 174
157 168 170 171 74 174 159
158 -1 197 195 196 77 177
159 -1 198 200 199 78 178
160 206 207 81 181 210 204
160 207 81 181 210 204 206
160 81 181 210 204 206 207
160 181 210 204 206 207 81
160 210 204 206 207 81 181
160 204 206 207 81 181 210
161 208 209 82 182 211 205
161 209 82 182 211 205 208
161 82 182 211 205 208 209
161 182 211 205 208 209 82
161 211 205 208 209 82 182
161 205 208 209 82 182 211
162 216 217 83 183 212 218
162 217 83 183 212 218 216
162 83 183 212 218 216 217
162 183 212 218 216 217 83
162 212 218 216 217 83 183
162 218 216 217 83 183 212
163 221 220 84 184 213 219
163 220 84 184 213 219 221
163 84 184 213 219 221 220
163 184 213 219 221 220 84
163 213 219 221 220 84 184
163 219 221 220 84 184 213
164 222 223 85 185 214 224
164 223 85 185 214 224 222
164 85 185 214 224 222 223
164 185 214 224 222 223 85
164 214 224 222 223 85 185
164 224 222 223 85 185 214
165 227 226 86 186 215 225
165 226 86 186 215 225 227
165 86 186 215 225 227 226
165 186 215 225 227 226 86
165 215 225 227 226 86 186
165 225 227 226 86 186 215
166 229 230 87 187 231 228
166 230 87 187 231 228 229
166 87 187 231 228 229 230
166 187 231 228 229 230 87
166 231 228 229 230 87 187
166 228 229 230 87 187 231
167 -1 238 237 89 189 233
168 239 240 90 190 234 241
168 240 90 190 234 241 239
168 90 190 234 241 239 240
168 190 234 241 239 240 90
168 234 241 239 240 90 190
168 241 239 240 90 190 234
169 244 243 91 191 235 242
169 243 91 191 235 242 244
169 91 191 235 242 244 243
169 191 235 242 244 243 91
169 235 242 244 243 91 191
169 242 244 243 91 191 235
170 259 260 92 269 247 257
170 260 92 269 247 257 259
170 92 269 247 257 259 260
170 269 247 257 259 260 92
170 247 257 259 260 92 269
170 257 259 260 92 269 247
171 261 262 93 270 248 258
171 262 93 270 248 258 261
171 93 270 248 258 261 262
171 270 248 258 261 262 93
171 248 258 261 262 93 270
171 258 261 262 93 270 248
172 267 268 94 271 250 264
172 268 94 271 250 264 267
172 94 271 250 264 267 268
172 271 250 264 267 268 94
172 250 264 267 268 94 271
172 264 267 268 94 271 250
173 291 292 95 272 295 289
173 292 95 272 295 289 291
173 95 272 295 289 291 292
173 272 295 289 291 292 95
173 295 289 291 292 95 272
173 289 291 292 95 272 295
174 293 294 96 273 296 290
174 294 96 273 296 290 293
174 96 273 296 290 293 294
174 273 296 290 293 294 96
174 296 290 293 294 96 273
174 290 293 294 96 273 296
175 301 302 97 274 297 303
175 302 97 274 297 303 301
175 97 274 297 303 301 302
175 274 297 303 301 302 97
175 297 303 301 302 97 274
175 303 301 302 97 274 297
176 306 305 98 275 298 304
176 305 98 275 298 304 306
176 98 275 298 304 306 305
176 275 298 304 306 305 98
176 298 304 306 305 98 275
176 304 306 305 98 275 298
177 307 308 99 276 299 309
177 308 99 276 299 309 307
177 99 276 299 309 307 308
177 276 299 309 307 308 99
177 299 309 307 308 99 276
177 309 307 308 99 276 299
178 312 311 100 277 300 310
178 311 100 277 300 310 312
178 100 277 300 310 312 311
178 277 300 310 312 311 100
178 300 310 312 311 100 277
178 310 312 311 100 277 300
179 315 316 101 278 319 313
179 316 101 278 319 313 315
179 101 278 319 313 315 316
179 278 319 313 315 316 101
179 319 313 315 316 101 278
179 313 315 316 101 278 319
180 317 318 102 279 320 314
180 318 102 279 320 314 317
180 102 279 320 314 317 318
180 279 320 314 317 318 102
180 320 314 317 318 102 279
180 314 317 318 102 279 320
181 325 326 103 280 321 327
181 326 103 280 321 327 325
181 103 280 321 327 325 326
181 280 321 327 325 326 103
181 321 327 325 326 103 280
181 327 325 326 103 280 321
182 330 329 104 281 322 328
182 329 104 281 322 328 330
182 104 281 322 328 330 329
182 281 322 328 330 329 104
182 322 328 330 329 104 281
182 328 330 329 104 281 322
183 331 332 105 282 323 333
183 332 105 282 323 333 331
183 105 282 323 333 331 332
183 282 323 333 331 332 105
183 323 333 331 332 105 282
183 333 331 332 105 282 323
184 336 335 106 283 324 334
184 335 106 283 324 334 336
184 106 283 324 334 336 335
184 283 324 334 336 335 106
184 324 334 336 335 106 283
184 334 336 335 106 283 324
185 341 342 107 284 343 338
185 342 107 284 343 338 341
185 107 284 343 338 341 342
185 284 343 338 341 342 107
185 343 338 341 342 107 284
185 338 341 342 107 284 343
186 348 349 108 285 344 350
186 349 108 285 344 350 348
186 108 285 344 350 348 349
186 285 344 350 348 349 108
186 344 350 348 349 108 285
186 350 348 349 108 285 344
187 353 352 109 286 345 351
187 352 109 286 345 351 353
187 109 286 345 351 353 352
187 286 345 351 353 352 109
187 345 351 353 352 109 286
187 351 353 352 109 286 345
188 354 355 110 287 346 356
188 355 110 287 346 356 354
188 110 287 346 356 354 355
188 287 346 356 354 355 110
188 346 356 354 355 110 287
188 356 354 355 110 287 346
189 359 358 111 288 347 357
189 358 111 288 347 357 359
189 111 288 347 357 359 358
189 288 347 357 359 358 111
189 347 357 359 358 111 288
189 357 359 358 111 288 347
190 -1 363 365 366 112 380
191 -1 364 367 368 113 381
192 371 372 114 382 360 369
192 372 114 382 360 369 371
192 114 382 360 369 371 372
192 382 360 369 371 372 114
192 360 369 371 372 114 382
192 369 371 372 114 382 360
193 373 374 115 383 361 370
193 374 115 383 361 370 373
193 115 383 361 370 373 374
193 383 361 370 373 374 115
193 361 370 373 374 115 383
193 370 373 374 115 383 361
194 378 379 117 385 362 375
194 379 117 385 362 375 378
194 117 385 362 375 378 379
194 385 362 375 378 379 117
194 362 375 378 379 117 385
194 375 378 379 117 385 362
195 406 407 118 386 410 404
195 407 118 386 410 404 406
195 118 386 410 404 406 407
195 386 410 404 406 407 118
195 410 404 406 407 118 386
195 404 406 407 118 386 410
196 408 409 119 387 411 405
196 409 119 387 411 405 408
196 119 387 411 405 408 409
196 387 411 405 408 409 119
196 411 405 408 409 119 387
196 405 408 409 119 387 411
197 416 417 120 388 412 418
197 417 120 388 412 418 416
197 120 388 412 418 416 417
197 388 412 418 416 417 120
197 412 418 416 417 120 388
197 418 416 417 120 388 412
198 421 420 121 389 413 419
198 420 121 389 413 419 421
198 121 389 413 419 421 420
198 389 413 419 421 420 121
198 413 419 421 420 121 389
198 419 421 420 121 389 413
199 422 423 122 390 414 424
199 423 122 390 414 424 422
199 122 390 414 424 422 423
199 390 414 424 422 423 122
199 414 424 422 423 122 390
199 424 422 423 122 390 414
200 427 426 123 391 415 425
200 426 123 391 415 425 427
200 123 391 415 425 427 426
200 391 415 425 427 426 123
200 415 425 427 426 123 391
200 425 427 426 123 391 415
201 430 431 124 392 434 428
201 431 124 392 434 428 430
201 124 392 434 428 430 431
201 392 434 428 430 431 124
201 434 428 430 431 124 392
201 428 430 431 124 392 434
202 432 433 125 393 435 429
202 433 125 393 435 429 432
202 125 393 435 429 432 433
202 393 435 429 432 433 125
202 435 429 432 433 125 393
202 429 432 433 125 393 435
203 440 441 126 394 436 442
203 441 126 394 436 442 440
203 126 394 436 442 440 441
203 394 436 442 440 441 126
203 436 442 440 441 126 394
203 442 440 441 126 394 436
204 445 444 127 395 437 443
204 444 127 395 437 443 445
204 127 395 437 443 445 444
204 395 437 443 445 444 127
204 437 443 445 444 127 395
204 443 445 444 127 395 437
205 446 447 128 396 438 448
205 447 128 396 438 448 446
205 128 396 438 448 446 447
205 396 438 448 446 447 128
205 438 448 446 447 128 396
205 448 446 447 128 396 438
206 451 450 129 397 439 449
206 450 129 397 439 449 451
206 129 397 439 449 451 450
206 397 439 449 451 450 129
206 439 449 451 450 129 397
206 449 451 450 129 397 439
207 -1 453 454 130 398 457
208 455 456 131 399 458 452
208 456 131 399 458 452 455
208 131 399 458 452 455 456
208 399 458 452 455 456 131
208 458 452 455 456 131 399
208 452 455 456 131 399 458
209 463 464 132 400 459 465
209 464 132 400 459 465 463
209 132 400 459 465 463 464
209 400 459 465 463 464 132
209 459 465 463 464 132 400
209 465 463 464 132 400 459
210 468 467 133 401 460 466
210 467 133 401 460 466 468
210 133 401 460 466 468 467
210 401 460 466 468 467 133
210 460 466 468 467 133 401
210 466 468 467 133 401 460
211 469 470 134 402 461 471
211 470 134 402 461 471 469
211 134 402 461 471 469 470
211 402 461 471 469 470 134
211 461 471 469 470 134 402
211 471 469 470 134 402 461
212 474 473 135 403 462 472
212 473 135 403 462 472 474
212 135 403 462 472 474 473
212 403 462 472 474 473 135
212 462 472 474 473 135 403
212 472 474 473 135 403 462
213 483 484 140 489 476 480
213 484 140 489 476 480 483
213 140 489 476 480 483 484
213 489 476 480 483 484 140
213 476 480 483 484 140 489
213 480 483 484 140 489 476
214 508 509 141 490 510 506
214 509 141 490 510 506 508
214 141 490 510 506 508 509
214 490 510 506 508 509 141
214 510 506 508 509 141 490
214 506 508 509 141 490 510
215 -1 517 516 143 492 512
216 518 519 144 493 513 520
216 519 144 493 513 520 518
216 144 493 513 520 518 519
216 493 513 520 518 519 144
216 513 520 518 519 144 493
216 520 518 519 144 493 513
217 523 522 145 494 514 521
217 522 145 494 514 521 523
217 145 494 514 521 523 522
217 494 514 521 523 522 145
217 514 521 523 522 145 494
217 521 523 522 145 494 514
218 528 529 146 495 530 525
218 529 146 495 530 525 528
218 146 495 530 525 528 529
218 495 530 525 528 529 146
218 530 525 528 529 146 495
218 525 528 529 146 495 530
219 535 536 147 496 531 537
219 536 147 496 531 537 535
219 147 496 531 537 535 536
219 496 531 537 535 536 147
219 531 537 535 536 147 496
219 537 535 536 147 496 531
220 540 539 148 497 532 538
220 539 148 497 532 538 540
220 148 497 532 538 540 539
220 497 532 538 540 539 148
220 532 538 540 539 148 497
220 538 540 539 148 497 532
221 541 542 149 498 533 543
221 542 149 498 533 543 541
221 149 498 533 543 541 542
221 498 533 543 541 542 149
221 533 543 541 542 149 498
221 543 541 542 149 498 533
222 546 545 150 499 534 544
222 545 150 499 534 544 546
222 150 499 534 544 546 545
222 499 534 544 546 545 150
222 534 544 546 545 150 499
222 544 546 545 150 499 534
223 -1 548 549 151 500 552
224 550 551 152 501 553 547
224 551 152 501 553 547 550
224 152 501 553 547 550 551
224 501 553 547 550 551 152
224 553 547 550 551 152 501
224 547 550 551 152 501 553
225 558 559 153 502 554 560
225 559 153 502 554 560 558
225 153 502 554 560 558 559
225 502 554 560 558 559 153
225 554 560 558 559 153 502
225 560 558 559 153 502 554
226 563 562 154 503 555 561
226 562 154 503 555 561 563
226 154 503 555 561 563 562
226 503 555 561 563 562 154
226 555 561 563 562 154 503
226 561 563 562 154 503 555
227 564 565 155 504 556 566
227 565 155 504 556 566 564
227 155 504 556 566 564 565
227 504 556 566 564 565 155
227 556 566 564 565 155 504
227 566 564 565 155 504 556
228 569 568 156 505 557 567
228 568 156 505 557 567 569
228 156 505 557 567 569 568
228 505 557 567 569 568 156
228 557 567 569 568 156 505
228 567 569 568 156 505 557
229 -1 29 35 33 34 164
230 -1 30 36 38 37 165
231 -1 32 41 43 42 167
232 63 64 172 72 56 61
232 64 172 72 56 61 63
232 172 72 56 61 63 64
232 72 56 61 63 64 172
232 56 61 63 64 172 72
232 61 63 64 172 72 56
233 -1 62 65 66 173 73
234 -1 92 93 175 75 95
235 101 102 177 77 97 103
235 102 177 77 97 103 101
235 177 77 97 103 101 102
235 77 97 103 101 102 177
235 97 103 101 102 177 77
235 103 101 102 177 77 97
236 106 105 178 78 98 104
236 105 178 78 98 104 106
236 178 78 98 104 106 105
236 78 98 104 106 105 178
236 98 104 106 105 178 78
236 104 106 105 178 78 98
237 -1 107 179 79 99 108
238 111 110 180 80 100 109
238 110 180 80 100 109 111
238 180 80 100 109 111 110
238 80 100 109 111 110 180
238 100 109 111 110 180 80
238 109 111 110 180 80 100
239 114 115 181 81 118 112
239 115 181 81 118 112 114
239 181 81 118 112 114 115
239 81 118 112 114 115 181
239 118 112 114 115 181 81
239 112 114 115 181 81 118
240 116 117 182 82 119 113
240 117 182 82 119 113 116
240 182 82 119 113 116 117
240 82 119 113 116 117 182
240 119 113 116 117 182 82
240 113 116 117 182 82 119
241 124 125 183 83 120 126
241 125 183 83 120 126 124
241 183 83 120 126 124 125
241 83 120 126 124 125 183
241 120 126 124 125 183 83
241 126 124 125 183 83 120
242 129 128 184 84 121 127
242 128 184 84 121 127 129
242 184 84 121 127 129 128
242 84 121 127 129 128 184
242 121 127 129 128 184 84
242 127 129 128 184 84 121
243 130 131 185 85 122 132
243 131 185 85 122 132 130
243 185 85 122 132 130 131
243 85 122 132 130 131 185
243 122 132 130 131 185 85
243 132 130 131 185 85 122
244 135 134 186 86 123 133
244 134 186 86 123 133 135
244 186 86 123 133 135 134
244 86 123 133 135 134 186
244 123 133 135 134 186 86
244 133 135 134 186 86 123
245 -1 139 140 187 87 141
246 -1 146 188 88 142 147
247 150 149 189 89 143 148
247 149 189 89 143 148 150
247 189 89 143 148 150 149
247 89 143 148 150 149 189
247 143 148 150 149 189 89
247 148 150 149 189 89 143
248 151 152 190 90 144 153
248 152 190 90 144 153 151
248 190 90 144 153 151 152
248 90 144 153 151 152 190
248 144 153 151 152 190 90
248 153 151 152 190 90 144
249 156 155 191 91 145 154
249 155 191 91 145 154 156
249 191 91 145 154 156 155
249 91 145 154 156 155 191
249 145 154 156 155 191 91
249 154 156 155 191 91 145
250 -1 289 251 245 247 248
251 -1 290 252 246 249 250
252 257 258 192 291 253 259
252 258 192 291 253 259 257
252 192 291 253 259 257 258
252 291 253 259 257 258 192
252 253 259 257 258 192 291
252 259 257 258 192 291 253
253 262 261 193 292 254 260
253 261 193 292 254 260 262
253 193 292 254 260 262 261
253 292 254 260 262 261 193
253 254 260 262 261 193 292
253 260 262 261 193 292 254
254 -1 293 255 265 263 264
255 268 267 194 294 256 266
255 267 194 294 256 266 268
255 194 294 256 266 268 267
255 294 256 266 268 267 194
255 256 266 268 267 194 294
255 266 268 267 194 294 256
256 -1 297 274 280 278 279
257 -1 298 275 281 283 282
258 -1 300 277 286 288 287
259 313 314 195 301 325 315
259 314 195 301 325 315 313
259 195 301 325 315 313 314
259 301 325 315 313 314 195
259 325 315 313 314 195 301
259 315 313 314 195 301 325
260 318 317 196 302 326 316
260 317 196 302 326 316 318
260 196 302 326 316 318 317
260 302 326 316 318 317 196
260 326 316 318 317 196 302
260 316 318 317 196 302 326
261 319 320 197 303 327 321
261 320 197 303 327 321 319
261 197 303 327 321 319 320
261 303 327 321 319 320 197
261 327 321 319 320 197 303
261 321 319 320 197 303 327
262 324 323 198 304 328 322
262 323 198 304 328 322 324
262 198 304 328 322 324 323
262 304 328 322 324 323 198
262 328 322 324 323 198 304
262 322 324 323 198 304 328
263 332 331 199 305 329 335
263 331 199 305 329 335 332
263 199 305 329 335 332 331
263 305 329 335 332 331 199
263 329 335 332 331 199 305
263 335 332 331 199 305 329
264 334 333 200 306 330 336
264 333 200 306 330 336 334
264 200 306 330 336 334 333
264 306 330 336 334 333 200
264 330 336 334 333 200 306
264 336 334 333 200 306 330
265 -1 307 348 339 337 338
266 342 341 201 308 349 340
266 341 201 308 349 340 342
266 201 308 349 340 342 341
266 308 349 340 342 341 201
266 349 340 342 341 201 308
266 340 342 341 201 308 349
267 -1 310 351 345 347 346
268 355 354 202 311 352 358
268 354 202 311 352 358 355
268 202 311 352 358 355 354
268 311 352 358 355 354 202
268 352 358 355 354 202 311
268 358 355 354 202 311 352
269 357 356 203 312 353 359
269 356 203 312 353 359 357
269 203 312 353 359 357 356
269 312 353 359 357 356 203
269 353 359 357 356 203 312
269 359 357 356 203 312 353
270 -1 360 361 204 404 363
271 369 370 206 406 365 371
271 370 206 406 365 371 369
271 206 406 365 371 369 370
271 406 365 371 369 370 206
271 365 371 369 370 206 406
271 371 369 370 206 406 365
272 374 373 207 407 366 372
272 373 207 407 366 372 374
272 207 407 366 372 374 373
272 407 366 372 374 373 207
272 366 372 374 373 207 407
272 372 374 373 207 407 366
273 -1 375 208 408 367 376
274 379 378 209 409 368 377
274 378 209 409 368 377 379
274 209 409 368 377 379 378
274 409 368 377 379 378 209
274 368 377 379 378 209 409
274 377 379 378 209 409 368
275 382 383 210 410 386 380
275 383 210 410 386 380 382
275 210 410 386 380 382 383
275 410 386 380 382 383 210
275 386 380 382 383 210 410
275 380 382 383 210 410 386
276 384 385 211 411 387 381
276 385 211 411 387 381 384
276 211 411 387 381 384 385
276 411 387 381 384 385 211
276 387 381 384 385 211 411
276 381 384 385 211 411 387
277 392 393 212 412 388 394
277 393 212 412 388 394 392
277 212 412 388 394 392 393
277 412 388 394 392 393 212
277 388 394 392 393 212 412
277 394 392 393 212 412 388
278 397 396 213 413 389 395
278 396 213 413 389 395 397
278 213 413 389 395 397 396
278 413 389 395 397 396 213
278 389 395 397 396 213 413
278 395 397 396 213 413 389
279 398 399 214 414 390 400
279 399 214 414 390 400 398
279 214 414 390 400 398 399
279 414 390 400 398 399 214
279 390 400 398 399 214 414
279 400 398 399 214 414 390
280 403 402 215 415 391 401
280 402 215 415 391 401 403
280 215 415 391 401 403 402
280 415 391 401 403 402 215
280 391 401 403 402 215 415
280 401 403 402 215 415 391
281 428 429 216 416 440 430
281 429 216 416 440 430 428
281 216 416 440 430 428 429
281 416 440 430 428 429 216
281 440 430 428 429 216 416
281 430 428 429 216 416 440
282 433 432 217 417 441 431
282 432 217 417 441 431 433
282 217 417 441 431 433 432
282 417 441 431 433 432 217
282 441 431 433 432 217 417
282 431 433 432 217 417 441
283 434 435 218 418 442 436
283 435 218 418 442 436 434
283 218 418 442 436 434 435
283 418 442 436 434 435 218
283 442 436 434 435 218 418
283 436 434 435 218 418 442
284 439 438 219 419 443 437
284 438 219 419 443 437 439
284 219 419 443 437 439 438
284 419 443 437 439 438 219
284 443 437 439 438 219 419
284 437 439 438 219 419 443
285 447 446 220 420 444 450
285 446 220 420 444 450 447
285 220 420 444 450 447 446
285 420 444 450 447 446 220
285 444 450 447 446 220 420
285 450 447 446 220 420 444
286 449 448 221 421 445 451
286 448 221 421 445 451 449
286 221 421 445 451 449 448
286 421 445 451 449 448 221
286 445 451 449 448 221 421
286 451 449 448 221 421 445
287 -1 452 222 422 463 453
288 456 455 223 423 464 454
288 455 223 423 464 454 456
288 223 423 464 454 456 455
288 423 464 454 456 455 223
288 464 454 456 455 223 423
288 454 456 455 223 423 464
289 457 458 224 424 465 459
289 458 224 424 465 459 457
289 224 424 465 459 457 458
289 424 465 459 457 458 224
289 465 459 457 458 224 424
289 459 457 458 224 424 465
290 462 461 225 425 466 460
290 461 225 425 466 460 462
290 225 425 466 460 462 461
290 425 466 460 462 461 225
290 466 460 462 461 225 425
290 460 462 461 225 425 466
291 470 469 226 426 467 473
291 469 226 426 467 473 470
291 226 426 467 473 470 469
291 426 467 473 470 469 226
291 467 473 470 469 226 426
291 473 470 469 226 426 467
292 472 471 227 427 468 474
292 471 227 427 468 474 472
292 227 427 468 474 472 471
292 427 468 474 472 471 227
292 468 474 472 471 227 427
292 474 472 471 227 427 468
293 -1 482 484 483 230 509
294 488 489 231 510 490 486
294 489 231 510 490 486 488
294 231 510 490 486 488 489
294 510 490 486 488 489 231
294 490 486 488 489 231 510
294 486 488 489 231 510 490
295 -1 495 232 511 491 496
296 499 498 233 512 492 497
296 498 233 512 492 497 499
296 233 512 492 497 499 498
296 512 492 497 499 498 233
296 492 497 499 498 233 512
296 497 499 498 233 512 492
297 500 501 234 513 493 502
297 501 234 513 493 502 500
297 234 513 493 502 500 501
297 513 493 502 500 501 234
297 493 502 500 501 234 513
297 502 500 501 234 513 493
298 505 504 235 514 494 503
298 504 235 514 494 503 505
298 235 514 494 503 505 504
298 514 494 503 505 504 235
298 494 503 505 504 235 514
298 503 505 504 235 514 494
299 529 528 236 515 536 527
299 528 236 515 536 527 529
299 236 515 536 527 529 528
299 515 536 527 529 528 236
299 536 527 529 528 236 515
299 527 529 528 236 515 536
300 542 541 237 516 539 545
300 541 237 516 539 545 542
300 237 516 539 545 542 541
300 516 539 545 542 541 237
300 539 545 542 541 237 516
300 545 542 541 237 516 539
301 544 543 238 517 540 546
301 543 238 517 540 546 544
301 238 517 540 546 544 543
301 517 540 546 544 543 238
301 540 546 544 543 238 517
301 546 544 543 238 517 540
302 -1 547 239 518 558 548
303 551 550 240 519 559 549
303 550 240 519 559 549 551
303 240 519 559 549 551 550
303 519 559 549 551 550 240
303 559 549 551 550 240 519
303 549 551 550 240 519 559
304 552 553 241 520 560 554
304 553 241 520 560 554 552
304 241 520 560 554 552 553
304 520 560 554 552 553 241
304 560 554 552 553 241 520
304 554 552 553 241 520 560
305 557 556 242 521 561 555
305 556 242 521 561 555 557
305 242 521 561 555 557 556
305 521 561 555 557 556 242
305 561 555 557 556 242 521
305 555 557 556 242 521 561
306 565 564 243 522 562 568
306 564 243 522 562 568 565
306 243 522 562 568 565 564
306 522 562 568 565 564 243
306 562 568 565 564 243 522
306 568 565 564 243 522 562
307 567 566 244 523 563 569
307 566 244 523 563 569 567
307 244 523 563 569 567 566
307 523 563 569 567 566 244
307 563 569 567 566 244 523
307 569 567 566 244 523 563
308 -1 248 19 2 5 6
309 -1 250 20 3 8 9
310 -1 35 29 27 28 259
311 -1 36 30 32 31 260
312 -1 38 43 41 40 262
313 -1 264 23 48 44 45
314 61 62 269 92 58 63
314 62 269 92 58 63 61
314 269 92 58 63 61 62
314 92 58 63 61 62 269
314 58 63 61 62 269 92
314 63 61 62 269 92 58
315 66 65 270 93 59 64
315 65 270 93 59 64 66
315 270 93 59 64 66 65
315 93 59 64 66 65 270
315 59 64 66 65 270 93
315 64 66 65 270 93 59
316 71 70 271 94 60 69
316 70 271 94 60 69 71
316 271 94 60 69 71 70
316 94 60 69 71 70 271
316 60 69 71 70 271 94
316 69 71 70 271 94 60
317 -1 72 73 272 95 75
318 81 82 274 97 77 83
318 82 274 97 77 83 81
318 274 97 77 83 81 82
318 97 77 83 81 82 274
318 77 83 81 82 274 97
318 83 81 82 274 97 77
319 86 85 275 98 78 84
319 85 275 98 78 84 86
319 275 98 78 84 86 85
319 98 78 84 86 85 275
319 78 84 86 85 275 98
319 84 86 85 275 98 78
320 -1 87 276 99 79 88
321 91 90 277 100 80 89
321 90 277 100 80 89 91
321 277 100 80 89 91 90
321 100 80 89 91 90 277
321 80 89 91 90 277 100
321 89 91 90 277 100 80
322 112 113 278 101 124 114
322 113 278 101 124 114 112
322 278 101 124 114 112 113
322 101 124 114 112 113 278
322 124 114 112 113 278 101
322 114 112 113 278 101 124
323 117 116 279 102 125 115
323 116 279 102 125 115 117
323 279 102 125 115 117 116
323 102 125 115 117 116 279
323 125 115 117 116 279 102
323 115 117 116 279 102 125
324 118 119 280 103 126 120
324 119 280 103 126 120 118
324 280 103 126 120 118 119
324 103 126 120 118 119 280
324 126 120 118 119 280 103
324 120 118 119 280 103 126
325 123 122 281 104 127 121
325 122 281 104 127 121 123
325 281 104 127 121 123 122
325 104 127 121 123 122 281
325 127 121 123 122 281 104
325 121 123 122 281 104 127
326 131 130 282 105 128 134
326 130 282 105 128 134 131
326 282 105 128 134 131 130
326 105 128 134 131 130 282
326 128 134 131 130 282 105
326 134 131 130 282 105 128
327 133 132 283 106 129 135
327 132 283 106 129 135 133
327 283 106 129 135 133 132
327 106 129 135 133 132 283
327 129 135 133 132 283 106
327 135 133 132 283 106 129
328 140 139 284 107 146 138
328 139 284 107 146 138 140
328 284 107 146 138 140 139
328 107 146 138 140 139 284
328 146 138 140 139 284 107
328 138 140 139 284 107 146
329 -1 141 285 108 147 142
330 145 144 286 109 148 143
330 144 286 109 148 143 145
330 286 109 148 143 145 144
330 109 148 143 145 144 286
330 148 143 145 144 286 109
330 143 145 144 286 109 148
331 152 151 287 110 149 155
331 151 287 110 149 155 152
331 287 110 149 155 152 151
331 110 149 155 152 151 287
331 149 155 152 151 287 110
331 155 152 151 287 110 149
332 154 153 288 111 150 156
332 153 288 111 150 156 154
332 288 111 150 156 154 153
332 111 150 156 154 153 288
332 150 156 154 153 288 111
332 156 154 153 288 111 150
333 162 163 291 192 160 164
333 163 291 192 160 164 162
333 291 192 160 164 162 163
333 192 160 164 162 163 291
333 160 164 162 163 291 192
333 164 162 163 291 192 160
334 -1 165 167 166 292 193
335 -1 177 183 181 182 297
336 -1 178 184 186 185 298
337 -1 180 189 191 190 300
338 204 205 301 195 216 206
338 205 301 195 216 206 204
338 301 195 216 206 204 205
338 195 216 206 204 205 301
338 216 206 204 205 301 195
338 206 204 205 301 195 216
339 209 208 302 196 217 207
339 208 302 196 217 207 209
339 302 196 217 207 209 208
339 196 217 207 209 208 302
339 217 207 209 208 302 196
339 207 209 208 302 196 217
340 210 211 303 197 218 212
340 211 303 197 218 212 210
340 303 197 218 212 210 211
340 197 218 212 210 211 303
340 218 212 210 211 303 197
340 212 210 211 303 197 218
341 215 214 304 198 219 213
341 214 304 198 219 213 215
341 304 198 219 213 215 214
341 198 219 213 215 214 304
341 219 213 215 214 304 198
341 213 215 214 304 198 219
342 223 222 305 199 220 226
342 222 305 199 220 226 223
342 305 199 220 226 223 222
342 199 220 226 223 222 305
342 220 226 223 222 305 199
342 226 223 222 305 199 220
343 225 224 306 200 221 227
343 224 306 200 221 227 225
343 306 200 221 227 225 224
343 200 221 227 225 224 306
343 221 227 225 224 306 200
343 227 225 224 306 200 221
344 -1 230 229 308 201 236
345 240 239 311 202 237 243
345 239 311 202 237 243 240
345 311 202 237 243 240 239
345 202 237 243 240 239 311
345 237 243 240 239 311 202
345 243 240 239 311 202 237
346 242 241 312 203 238 244
346 241 312 203 238 244 242
346 312 203 238 244 242 241
346 203 238 244 242 241 312
346 238 244 242 241 312 203
346 244 242 241 312 203 238
347 -1 314 429 370 361 362
348 363 364 315 430 371 365
348 364 315 430 371 365 363
348 315 430 371 365 363 364
348 430 371 365 363 364 315
348 371 365 363 364 315 430
348 365 363 364 315 430 371
349 368 367 316 431 372 366
349 367 316 431 372 366 368
349 316 431 372 366 368 367
349 431 372 366 368 367 316
349 372 366 368 367 316 431
349 366 368 367 316 431 372
350 -1 317 432 373 378 375
351 377 376 318 433 374 379
351 376 318 433 374 379 377
351 318 433 374 379 377 376
351 433 374 379 377 376 318
351 374 379 377 376 318 433
351 379 377 376 318 433 374
352 380 381 319 434 392 382
352 381 319 434 392 382 380
352 319 434 392 382 380 381
352 434 392 382 380 381 319
352 392 382 380 381 319 434
352 382 380 381 319 434 392
353 385 384 320 435 393 383
353 384 320 435 393 383 385
353 320 435 393 383 385 384
353 435 393 383 385 384 320
353 393 383 385 384 320 435
353 383 385 384 320 435 393
354 386 387 321 436 394 388
354 387 321 436 394 388 386
354 321 436 394 388 386 387
354 436 394 388 386 387 321
354 394 388 386 387 321 436
354 388 386 387 321 436 394
355 391 390 322 437 395 389
355 390 322 437 395 389 391
355 322 437 395 389 391 390
355 437 395 389 391 390 322
355 395 389 391 390 322 437
355 389 391 390 322 437 395
356 399 398 323 438 396 402
356 398 323 438 396 402 399
356 323 438 396 402 399 398
356 438 396 402 399 398 323
356 396 402 399 398 323 438
356 402 399 398 323 438 396
357 401 400 324 439 397 403
357 400 324 439 397 403 401
357 324 439 397 403 401 400
357 439 397 403 401 400 324
357 397 403 401 400 324 439
357 403 401 400 324 439 397
358 404 405 325 440 416 406
358 405 325 440 416 406 404
358 325 440 416 406 404 405
358 440 416 406 404 405 325
358 416 406 404 405 325 440
358 406 404 405 325 440 416
359 409 408 326 441 417 407
359 408 326 441 417 407 409
359 326 441 417 407 409 408
359 441 417 407 409 408 326
359 417 407 409 408 326 441
359 407 409 408 326 441 417
360 410 411 327 442 418 412
360 411 327 442 418 412 410
360 327 442 418 412 410 411
360 442 418 412 410 411 327
360 418 412 410 411 327 442
360 412 410 411 327 442 418
361 415 414 328 443 419 413
361 414 328 443 419 413 415
361 328 443 419 413 415 414
361 443 419 413 415 414 328
361 419 413 415 414 328 443
361 413 415 414 328 443 419
362 423 422 329 444 420 426
362 422 329 444 420 426 423
362 329 444 420 426 423 422
362 444 420 426 423 422 329
362 420 426 423 422 329 444
362 426 423 422 329 444 420
363 425 424 330 445 421 427
363 424 330 445 421 427 425
363 330 445 421 427 425 424
363 445 421 427 425 424 330
363 421 427 425 424 330 445
363 427 425 424 330 445 421
364 -1 331 446 469 455 452
365 454 453 332 447 470 456
365 453 332 447 470 456 454
365 332 447 470 456 454 453
365 447 470 456 454 453 332
365 470 456 454 453 332 447
365 456 454 453 332 447 470
366 458 457 333 448 471 461
366 457 333 448 471 461 458
366 333 448 471 461 458 457
366 448 471 461 458 457 333
366 471 461 458 457 333 448
366 461 458 457 333 448 471
367 460 459 334 449 472 462
367 459 334 449 472 462 460
367 334 449 472 462 460 459
367 449 472 462 460 459 334
367 472 462 460 459 334 449
367 462 460 459 334 449 472
368 464 463 335 450 473 467
368 463 335 450 473 467 464
368 335 450 473 467 464 463
368 450 473 467 464 463 335
368 473 467 464 463 335 450
368 467 464 463 335 450 473
369 466 465 336 451 474 468
369 465 336 451 474 468 466
369 336 451 474 468 466 465
369 451 474 468 466 465 336
369 474 468 466 465 336 451
369 468 466 465 336 451 474
370 -1 338 525 479 475 476
371 -1 484 482 481 342 529
372 489 488 343 530 495 487
372 488 343 530 495 487 489
372 343 530 495 487 489 488
372 530 495 487 489 488 343
372 495 487 489 488 343 530
372 487 489 488 343 530 495
373 -1 490 344 531 496 491
374 494 493 345 532 497 492
374 493 345 532 497 492 494
374 345 532 497 492 494 493
374 532 497 492 494 493 345
374 497 492 494 493 345 532
374 492 494 493 345 532 497
375 501 500 346 533 498 504
375 500 346 533 498 504 501
375 346 533 498 504 501 500
375 533 498 504 501 500 346
375 498 504 501 500 346 533
375 504 501 500 346 533 498
376 503 502 347 534 499 505
376 502 347 534 499 505 503
376 347 534 499 505 503 502
376 534 499 505 503 502 347
376 499 505 503 502 347 534
376 505 503 502 347 534 499
377 509 508 349 536 515 507
377 508 349 536 515 507 509
377 349 536 515 507 509 508
377 536 515 507 509 508 349
377 515 507 509 508 349 536
377 507 509 508 349 536 515
378 -1 512 514 513 351 538
379 519 518 352 539 516 522
379 518 352 539 516 522 519
379 352 539 516 522 519 518
379 539 516 522 519 518 352
379 516 522 519 518 352 539
379 522 519 518 352 539 516
380 521 520 353 540 517 523
380 520 353 540 517 523 521
380 353 540 517 523 521 520
380 540 517 523 521 520 353
380 517 523 521 520 353 540
380 523 521 520 353 540 517
381 -1 354 541 564 550 547
382 549 548 355 542 565 551
382 548 355 542 565 551 549
382 355 542 565 551 549 548
382 542 565 551 549 548 355
382 565 551 549 548 355 542
382 551 549 548 355 542 565
383 553 552 356 543 566 556
383 552 356 543 566 556 553
383 356 543 566 556 553 552
383 543 566 556 553 552 356
383 566 556 553 552 356 543
383 556 553 552 356 543 566
384 555 554 357 544 567 557
384 554 357 544 567 557 555
384 357 544 567 557 555 554
384 544 567 557 555 554 357
384 567 557 555 554 357 544
384 557 555 554 357 544 567
385 559 558 358 545 568 562
385 558 358 545 568 562 559
385 358 545 568 562 559 558
385 545 568 562 559 558 358
385 568 562 559 558 358 545
385 562 559 558 358 545 568
386 561 560 359 546 569 563
386 560 359 546 569 563 561
386 359 546 569 563 561 560
386 546 569 563 561 560 359
386 569 563 561 560 359 546
386 563 561 560 359 546 569
387 -1 361 25 5 2 3
388 -1 362 26 6 9 8
389 -1 375 39 49 45 44
390 54 55 380 112 61 56
390 55 380 112 61 56 54
390 380 112 61 56 54 55
390 112 61 56 54 55 380
390 61 56 54 55 380 112
390 56 54 55 380 112 61
391 -1 383 115 64 59 60
392 -1 67 384 116 65 70
393 69 68 385 117 66 71
393 68 385 117 66 71 69
393 385 117 66 71 69 68
393 117 66 71 69 68 385
393 66 71 69 68 385 117
393 71 69 68 385 117 66
394 -1 387 119 82 73 74
395 75 76 388 120 83 77
395 76 388 120 83 77 75
395 388 120 83 77 75 76
395 120 83 77 75 76 388
395 83 77 75 76 388 120
395 77 75 76 388 120 83
396 80 79 389 121 84 78
396 79 389 121 84 78 80
396 389 121 84 78 80 79
396 121 84 78 80 79 389
396 84 78 80 79 389 121
396 78 80 79 389 121 84
397 -1 390 122 85 90 87
398 89 88 391 123 86 91
398 88 391 123 86 91 89
398 391 123 86 91 89 88
398 123 86 91 89 88 391
398 86 91 89 88 391 123
398 91 89 88 391 123 86
399 -1 393 125 102 93 94
400 95 96 394 126 103 97
400 96 394 126 103 97 95
400 394 126 103 97 95 96
400 126 103 97 95 96 394
400 103 97 95 96 394 126
400 97 95 96 394 126 103
401 100 99 395 127 104 98
401 99 395 127 104 98 100
401 395 127 104 98 100 99
401 127 104 98 100 99 395
401 104 98 100 99 395 127
401 98 100 99 395 127 104
402 -1 396 128 105 110 107
403 109 108 397 129 106 111
403 108 397 129 106 111 109
403 397 129 106 111 109 108
403 129 106 111 109 108 397
403 106 111 109 108 397 129
403 111 109 108 397 129 106
404 -1 136 398 130 151 139
405 138 137 399 131 152 140
405 137 399 131 152 140 138
405 399 131 152 140 138 137
405 131 152 140 138 137 399
405 152 140 138 137 399 131
405 140 138 137 399 131 152
406 -1 400 132 153 144 141
407 143 142 401 133 154 145
407 142 401 133 154 145 143
407 401 133 154 145 143 142
407 133 154 145 143 142 401
407 154 145 143 142 401 133
407 145 143 142 401 133 154
408 -1 402 134 155 149 146
409 148 147 403 135 156 150
409 147 403 135 156 150 148
409 403 135 156 150 148 147
409 135 156 150 148 147 403
409 156 150 148 147 403 135
409 150 148 147 403 135 156
410 -1 405 205 163 158 159
411 -1 408 208 166 170 168
412 -1 169 409 209 167 171
413 -1 411 211 182 173 174
414 175 176 412 212 183 177
414 176 412 212 183 177 175
414 412 212 183 177 175 176
414 212 183 177 175 176 412
414 183 177 175 176 412 212
414 177 175 176 412 212 183
415 180 179 413 213 184 178
415 179 413 213 184 178 180
415 413 213 184 178 180 179
415 213 184 178 180 179 413
415 184 178 180 179 413 213
415 178 180 179 413 213 184
416 -1 414 214 185 190 187
417 189 188 415 215 186 191
417 188 415 215 186 191 189
417 415 215 186 191 189 188
417 215 186 191 189 188 415
417 186 191 189 188 415 215
417 191 189 188 415 215 186
418 -1 417 217 196 193 194
419 -1 420 220 199 202 201
420 -1 422 222 239 229 228
421 -1 424 224 241 234 231
422 233 232 425 225 242 235
422 232 425 225 242 235 233
422 425 225 242 235 233 232
422 225 242 235 233 232 425
422 242 235 233 232 425 225
422 235 233 232 425 225 242
423 -1 426 226 243 237 236
424 245 246 428 313 257 247
424 246 428 313 257 247 245
424 428 313 257 247 245 246
424 313 257 247 245 246 428
424 257 247 245 246 428 313
424 247 245 246 428 313 257
425 250 249 429 314 258 248
425 249 429 314 258 248 250
425 429 314 258 248 250 249
425 314 258 248 250 249 429
425 258 248 250 249 429 314
425 248 250 249 429 314 258
426 251 252 430 315 259 253
426 252 430 315 259 253 251
426 430 315 259 253 251 252
426 315 259 253 251 252 430
426 259 253 251 252 430 315
426 253 251 252 430 315 259
427 256 255 431 316 260 254
427 255 431 316 260 254 256
427 431 316 260 254 256 255
427 316 260 254 256 255 431
427 260 254 256 255 431 316
427 254 256 255 431 316 260
428 264 263 432 317 261 267
428 263 432 317 261 267 264
428 432 317 261 267 264 263
428 317 261 267 264 263 432
428 261 267 264 263 432 317
428 267 264 263 432 317 261
429 266 265 433 318 262 268
429 265 433 318 262 268 266
429 433 318 262 268 266 265
429 318 262 268 266 265 433
429 262 268 266 265 433 318
429 268 266 265 433 318 262
430 -1 435 320 279 270 271
431 272 273 436 321 280 274
431 273 436 321 280 274 272
431 436 321 280 274 272 273
431 321 280 274 272 273 436
431 280 274 272 273 436 321
431 274 272 273 436 321 280
432 277 276 437 322 281 275
432 276 437 322 281 275 277
432 437 322 281 275 277 276
432 322 281 275 277 276 437
432 281 275 277 276 437 322
432 275 277 276 437 322 281
433 -1 438 323 282 287 284
434 286 285 439 324 283 288
434 285 439 324 283 288 286
434 439 324 283 288 286 285
434 324 283 288 286 285 439
434 283 288 286 285 439 324
434 288 286 285 439 324 283
435 289 290 440 325 301 291
435 290 440 325 301 291 289
435 440 325 301 291 289 290
435 325 301 291 289 290 440
435 301 291 289 290 440 325
435 291 289 290 440 325 301
436 294 293 441 326 302 292
436 293 441 326 302 292 294
436 441 326 302 292 294 293
436 326 302 292 294 293 441
436 302 292 294 293 441 326
436 292 294 293 441 326 302
437 295 296 442 327 303 297
437 296 442 327 303 297 295
437 442 327 303 297 295 296
437 327 303 297 295 296 442
437 303 297 295 296 442 327
437 297 295 296 442 327 303
438 300 299 443 328 304 298
438 299 443 328 304 298 300
438 443 328 304 298 300 299
438 328 304 298 300 299 443
438 304 298 300 299 443 328
438 298 300 299 443 328 304
439 308 307 444 329 305 311
439 307 444 329 305 311 308
439 444 329 305 311 308 307
439 329 305 311 308 307 444
439 305 311 308 307 444 329
439 311 308 307 444 329 305
440 310 309 445 330 306 312
440 309 445 330 306 312 310
440 445 330 306 312 310 309
440 330 306 312 310 309 445
440 306 312 310 309 445 330
440 312 310 309 445 330 306
441 338 337 446 331 354 341
441 337 446 331 354 341 338
441 446 331 354 341 338 337
441 331 354 341 338 337 446
441 354 341 338 337 446 331
441 341 338 337 446 331 354
442 340 339 447 332 355 342
442 339 447 332 355 342 340
442 447 332 355 342 340 339
442 332 355 342 340 339 447
442 355 342 340 339 447 332
442 342 340 339 447 332 355
443 -1 448 333 356 346 343
444 345 344 449 334 357 347
444 344 449 334 357 347 345
444 449 334 357 347 345 344
444 334 357 347 345 344 449
444 357 347 345 344 449 334
444 347 345 344 449 334 357
445 349 348 450 335 358 352
445 348 450 335 358 352 349
445 450 335 358 352 349 348
445 335 358 352 349 348 450
445 358 352 349 348 450 335
445 352 349 348 450 335 358
446 351 350 451 336 359 353
446 350 451 336 359 353 351
446 451 336 359 353 351 350
446 336 359 353 351 350 451
446 359 353 351 350 451 336
446 353 351 350 451 336 359
447 -1 452 547 480 476 475
448 486 485 457 552 500 488
448 485 457 552 500 488 486
448 457 552 500 488 486 485
448 552 500 488 486 485 457
448 500 488 486 485 457 552
448 488 486 485 457 552 500
449 -1 458 553 501 489 487
450 -1 459 554 502 493 490
451 492 491 460 555 503 494
451 491 460 555 503 494 492
451 460 555 503 494 492 491
451 555 503 494 492 491 460
451 503 494 492 491 460 555
451 494 492 491 460 555 503
452 -1 461 556 504 498 495
453 497 496 462 557 505 499
453 496 462 557 505 499 497
453 462 557 505 499 497 496
453 557 505 499 497 496 462
453 505 499 497 496 462 557
453 499 497 496 462 557 505
454 -1 463 558 518 508 506
455 -1 464 559 519 509 507
456 -1 465 560 520 513 510
457 512 511 466 561 521 514
457 511 466 561 521 514 512
457 466 561 521 514 512 511
457 561 521 514 512 511 466
457 521 514 512 511 466 561
457 514 512 511 466 561 521
458 -1 467 562 522 516 515
459 525 524 469 564 541 528
459 524 469 564 541 528 525
459 469 564 541 528 525 524
459 564 541 528 525 524 469
459 541 528 525 524 469 564
459 528 525 524 469 564 541
460 527 526 470 565 542 529
460 526 470 565 542 529 527
460 470 565 542 529 527 526
460 565 542 529 527 526 470
460 542 529 527 526 470 565
460 529 527 526 470 565 542
461 -1 471 566 543 533 530
462 532 531 472 567 544 534
462 531 472 567 544 534 532
462 472 567 544 534 532 531
462 567 544 534 532 531 472
462 544 534 532 531 472 567
462 534 532 531 472 567 544
463 536 535 473 568 545 539
463 535 473 568 545 539 536
463 473 568 545 539 536 535
463 568 545 539 536 535 473
463 545 539 536 535 473 568
463 539 536 535 473 568 545
464 538 537 474 569 546 540
464 537 474 569 546 540 538
464 474 569 546 540 538 537
464 569 546 540 538 537 474
464 546 540 538 537 474 569
464 540 538 537 474 569 546
465 2 1 475 44 8 3
465 1 475 44 8 3 2
465 475 44 8 3 2 1
465 44 8 3 2 1 475
465 8 3 2 1 475 44
465 3 2 1 475 44 8
466 5 4 476 45 9 6
466 4 476 45 9 6 5
466 476 45 9 6 5 4
466 45 9 6 5 4 476
466 9 6 5 4 476 45
466 6 5 4 476 45 9
467 11 10 477 46 16 12
467 10 477 46 16 12 11
467 477 46 16 12 11 10
467 46 16 12 11 10 477
467 16 12 11 10 477 46
467 12 11 10 477 46 16
468 14 13 478 47 17 15
468 13 478 47 17 15 14
468 478 47 17 15 14 13
468 47 17 15 14 13 478
468 17 15 14 13 478 47
468 15 14 13 478 47 17
469 19 18 479 48 23 20
469 18 479 48 23 20 19
469 479 48 23 20 19 18
469 48 23 20 19 18 479
469 23 20 19 18 479 48
469 20 19 18 479 48 23
470 25 24 480 49 39 26
470 24 480 49 39 26 25
470 480 49 39 26 25 24
470 49 39 26 25 24 480
470 39 26 25 24 480 49
470 26 25 24 480 49 39
471 28 27 481 50 40 31
471 27 481 50 40 31 28
471 481 50 40 31 28 27
471 50 40 31 28 27 481
471 40 31 28 27 481 50
471 31 28 27 481 50 40
472 30 29 482 51 41 32
472 29 482 51 41 32 30
472 482 51 41 32 30 29
472 51 41 32 30 29 482
472 41 32 30 29 482 51
472 32 30 29 482 51 41
473 34 33 483 52 42 37
473 33 483 52 42 37 34
473 483 52 42 37 34 33
473 52 42 37 34 33 483
473 42 37 34 33 483 52
473 37 34 33 483 52 42
474 36 35 484 53 43 38
474 35 484 53 43 38 36
474 484 53 43 38 36 35
474 53 43 38 36 35 484
474 43 38 36 35 484 53
474 38 36 35 484 53 43
475 55 54 485 136 67 57
475 54 485 136 67 57 55
475 485 136 67 57 55 54
475 136 67 57 55 54 485
475 67 57 55 54 485 136
475 57 55 54 485 136 67
476 59 58 487 138 69 60
476 58 487 138 69 60 59
476 487 138 69 60 59 58
476 138 69 60 59 58 487
476 69 60 59 58 487 138
476 60 59 58 487 138 69
477 62 61 488 139 70 65
477 61 488 139 70 65 62
477 488 139 70 65 62 61
477 139 70 65 62 61 488
477 70 65 62 61 488 139
477 65 62 61 488 139 70
478 64 63 489 140 71 66
478 63 489 140 71 66 64
478 489 140 71 66 64 63
478 140 71 66 64 63 489
478 71 66 64 63 489 140
478 66 64 63 489 140 71
479 73 72 490 141 87 74
479 72 490 141 87 74 73
479 490 141 87 74 73 72
479 141 87 74 73 72 490
479 87 74 73 72 490 141
479 74 73 72 490 141 87
480 76 75 491 142 88 79
480 75 491 142 88 79 76
480 491 142 88 79 76 75
480 142 88 79 76 75 491
480 88 79 76 75 491 142
480 79 76 75 491 142 88
481 78 77 492 143 89 80
481 77 492 143 89 80 78
481 492 143 89 80 78 77
481 143 89 80 78 77 492
481 89 80 78 77 492 143
481 80 78 77 492 143 89
482 82 81 493 144 90 85
482 81 493 144 90 85 82
482 493 144 90 85 82 81
482 144 90 85 82 81 493
482 90 85 82 81 493 144
482 85 82 81 493 144 90
483 84 83 494 145 91 86
483 83 494 145 91 86 84
483 494 145 91 86 84 83
483 145 91 86 84 83 494
483 91 86 84 83 494 145
483 86 84 83 494 145 91
484 93 92 495 146 107 94
484 92 495 146 107 94 93
484 495 146 107 94 93 92
484 146 107 94 93 92 495
484 107 94 93 92 495 146
484 94 93 92 495 146 107
485 96 95 496 147 108 99
485 95 496 147 108 99 96
485 496 147 108 99 96 95
485 147 108 99 96 95 496
485 108 99 96 95 496 147
485 99 96 95 496 147 108
486 98 97 497 148 109 100
486 97 497 148 109 100 98
486 497 148 109 100 98 97
486 148 109 100 98 97 497
486 109 100 98 97 497 148
486 100 98 97 497 148 109
487 102 101 498 149 110 105
487 101 498 149 110 105 102
487 498 149 110 105 102 101
487 149 110 105 102 101 498
487 110 105 102 101 498 149
487 105 102 101 498 149 110
488 104 103 499 150 111 106
488 103 499 150 111 106 104
488 499 150 111 106 104 103
488 150 111 106 104 103 499
488 111 106 104 103 499 150
488 106 104 103 499 150 111
489 113 112 500 151 130 116
489 112 500 151 130 116 113
489 500 151 130 116 113 112
489 151 130 116 113 112 500
489 130 116 113 112 500 151
489 116 113 112 500 151 130
490 115 114 501 152 131 117
490 114 501 152 131 117 115
490 501 152 131 117 115 114
490 152 131 117 115 114 501
490 131 117 115 114 501 152
490 117 115 114 501 152 131
491 119 118 502 153 132 122
491 118 502 153 132 122 119
491 502 153 132 122 119 118
491 153 132 122 119 118 502
491 132 122 119 118 502 153
491 122 119 118 502 153 132
492 121 120 503 154 133 123
492 120 503 154 133 123 121
492 503 154 133 123 121 120
492 154 133 123 121 120 503
492 133 123 121 120 503 154
492 123 121 120 503 154 133
493 125 124 504 155 134 128
493 124 504 155 134 128 125
493 504 155 134 128 125 124
493 155 134 128 125 124 504
493 134 128 125 124 504 155
493 128 125 124 504 155 134
494 127 126 505 156 135 129
494 126 505 156 135 129 127
494 505 156 135 129 127 126
494 156 135 129 127 126 505
494 135 129 127 126 505 156
494 129 127 126 505 156 135
495 158 157 506 228 168 159
495 157 506 228 168 159 158
495 506 228 168 159 158 157
495 228 168 159 158 157 506
495 168 159 158 157 506 228
495 159 158 157 506 228 168
496 163 162 508 229 170 166
496 162 508 229 170 166 163
496 508 229 170 166 163 162
496 229 170 166 163 162 508
496 170 166 163 162 508 229
496 166 163 162 508 229 170
497 165 164 509 230 171 167
497 164 509 230 171 167 165
497 509 230 171 167 165 164
497 230 171 167 165 164 509
497 171 167 165 164 509 230
497 167 165 164 509 230 171
498 173 172 510 231 187 174
498 172 510 231 187 174 173
498 510 231 187 174 173 172
498 231 187 174 173 172 510
498 187 174 173 172 510 231
498 174 173 172 510 231 187
499 176 175 511 232 188 179
499 175 511 232 188 179 176
499 511 232 188 179 176 175
499 232 188 179 176 175 511
499 188 179 176 175 511 232
499 179 176 175 511 232 188
500 178 177 512 233 189 180
500 177 512 233 189 180 178
500 512 233 189 180 178 177
500 233 189 180 178 177 512
500 189 180 178 177 512 233
500 180 178 177 512 233 189
501 182 181 513 234 190 185
501 181 513 234 190 185 182
501 513 234 190 185 182 181
501 234 190 185 182 181 513
501 190 185 182 181 513 234
501 185 182 181 513 234 190
502 184 183 514 235 191 186
502 183 514 235 191 186 184
502 514 235 191 186 184 183
502 235 191 186 184 183 514
502 191 186 184 183 514 235
502 186 184 183 514 235 191
503 193 192 515 236 201 194
503 192 515 236 201 194 193
503 515 236 201 194 193 192
503 236 201 194 193 192 515
503 201 194 193 192 515 236
503 194 193 192 515 236 201
504 196 195 516 237 202 199
504 195 516 237 202 199 196
504 516 237 202 199 196 195
504 237 202 199 196 195 516
504 202 199 196 195 516 237
504 199 196 195 516 237 202
505 198 197 517 238 203 200
505 197 517 238 203 200 198
505 517 238 203 200 198 197
505 238 203 200 198 197 517
505 203 200 198 197 517 238
505 200 198 197 517 238 203
506 205 204 518 239 222 208
506 204 518 239 222 208 205
506 518 239 222 208 205 204
506 239 222 208 205 204 518
506 222 208 205 204 518 239
506 208 205 204 518 239 222
507 207 206 519 240 223 209
507 206 519 240 223 209 207
507 519 240 223 209 207 206
507 240 223 209 207 206 519
507 223 209 207 206 519 240
507 209 207 206 519 240 223
508 211 210 520 241 224 214
508 210 520 241 224 214 211
508 520 241 224 214 211 210
508 241 224 214 211 210 520
508 224 214 211 210 520 241
508 214 211 210 520 241 224
509 213 212 521 242 225 215
509 212 521 242 225 215 213
509 521 242 225 215 213 212
509 242 225 215 213 212 521
509 225 215 213 212 521 242
509 215 213 212 521 242 225
510 217 216 522 243 226 220
510 216 522 243 226 220 217
510 522 243 226 220 217 216
510 243 226 220 217 216 522
510 226 220 217 216 522 243
510 220 217 216 522 243 226
511 219 218 523 244 227 221
511 218 523 244 227 221 219
511 523 244 227 221 219 218
511 244 227 221 219 218 523
511 227 221 219 218 523 244
511 221 219 218 523 244 227
512 246 245 524 337 263 249
512 245 524 337 263 249 246
512 524 337 263 249 246 245
512 337 263 249 246 245 524
512 263 249 246 245 524 337
512 249 246 245 524 337 263
513 248 247 525 338 264 250
513 247 525 338 264 250 248
513 525 338 264 250 248 247
513 338 264 250 248 247 525
513 264 250 248 247 525 338
513 250 248 247 525 338 264
514 252 251 526 339 265 255
514 251 526 339 265 255 252
514 526 339 265 255 252 251
514 339 265 255 252 251 526
514 265 255 252 251 526 339
514 255 252 251 526 339 265
515 254 253 527 340 266 256
515 253 527 340 266 256 254
515 527 340 266 256 254 253
515 340 266 256 254 253 527
515 266 256 254 253 527 340
515 256 254 253 527 340 266
516 258 257 528 341 267 261
516 257 528 341 267 261 258
516 528 341 267 261 258 257
516 341 267 261 258 257 528
516 267 261 258 257 528 341
516 261 258 257 528 341 267
517 260 259 529 342 268 262
517 259 529 342 268 262 260
517 529 342 268 262 260 259
517 342 268 262 260 259 529
517 268 262 260 259 529 342
517 262 260 259 529 342 268
518 270 269 530 343 284 271
518 269 530 343 284 271 270
518 530 343 284 271 270 269
518 343 284 271 270 269 530
518 284 271 270 269 530 343
518 271 270 269 530 343 284
519 273 272 531 344 285 276
519 272 531 344 285 276 273
519 531 344 285 276 273 272
519 344 285 276 273 272 531
519 285 276 273 272 531 344
519 276 273 272 531 344 285
520 275 274 532 345 286 277
520 274 532 345 286 277 275
520 532 345 286 277 275 274
520 345 286 277 275 274 532
520 286 277 275 274 532 345
520 277 275 274 532 345 286
521 279 278 533 346 287 282
521 278 533 346 287 282 279
521 533 346 287 282 279 278
521 346 287 282 279 278 533
521 287 282 279 278 533 346
521 282 279 278 533 346 287
522 281 280 534 347 288 283
522 280 534 347 288 283 281
522 534 347 288 283 281 280
522 347 288 283 281 280 534
522 288 283 281 280 534 347
522 283 281 280 534 347 288
523 290 289 535 348 307 293
523 289 535 348 307 293 290
523 535 348 307 293 290 289
523 348 307 293 290 289 535
523 307 293 290 289 535 348
523 293 290 289 535 348 307
524 292 291 536 349 308 294
524 291 536 349 308 294 292
524 536 349 308 294 292 291
524 349 308 294 292 291 536
524 308 294 292 291 536 349
524 294 292 291 536 349 308
525 296 295 537 350 309 299
525 295 537 350 309 299 296
525 537 350 309 299 296 295
525 350 309 299 296 295 537
525 309 299 296 295 537 350
525 299 296 295 537 350 309
526 298 297 538 351 310 300
526 297 538 351 310 300 298
526 538 351 310 300 298 297
526 351 310 300 298 297 538
526 310 300 298 297 538 351
526 300 298 297 538 351 310
527 302 301 539 352 311 305
527 301 539 352 311 305 302
527 539 352 311 305 302 301
527 352 311 305 302 301 539
527 311 305 302 301 539 352
527 305 302 301 539 352 311
528 304 303 540 353 312 306
528 303 540 353 312 306 304
528 540 353 312 306 304 303
528 353 312 306 304 303 540
528 312 306 304 303 540 353
528 306 304 303 540 353 312
529 314 313 541 354 331 317
529 313 541 354 331 317 314
529 541 354 331 317 314 313
529 354 331 317 314 313 541
529 331 317 314 313 541 354
529 317 314 313 541 354 331
530 316 315 542 355 332 318
530 315 542 355 332 318 316
530 542 355 332 318 316 315
530 355 332 318 316 315 542
530 332 318 316 315 542 355
530 318 316 315 542 355 332
531 320 319 543 356 333 323
531 319 543 356 333 323 320
531 543 356 333 323 320 319
531 356 333 323 320 319 543
531 333 323 320 319 543 356
531 323 320 319 543 356 333
532 322 321 544 357 334 324
532 321 544 357 334 324 322
532 544 357 334 324 322 321
532 357 334 324 322 321 544
532 334 324 322 321 544 357
532 324 322 321 544 357 334
533 326 325 545 358 335 329
533 325 545 358 335 329 326
533 545 358 335 329 326 325
533 358 335 329 326 325 545
533 335 329 326 325 545 358
533 329 326 325 545 358 335
534 328 327 546 359 336 330
534 327 546 359 336 330 328
534 546 359 336 330 328 327
534 359 336 330 328 327 546
534 336 330 328 327 546 359
534 330 328 327 546 359 336
535 361 360 547 452 375 362
535 360 547 452 375 362 361
535 547 452 375 362 361 360
535 452 375 362 361 360 547
535 375 362 361 360 547 452
535 362 361 360 547 452 375
536 364 363 548 453 376 367
536 363 548 453 376 367 364
536 548 453 376 367 364 363
536 453 376 367 364 363 548
536 376 367 364 363 548 453
536 367 364 363 548 453 376
537 366 365 549 454 377 368
537 365 549 454 377 368 366
537 549 454 377 368 366 365
537 454 377 368 366 365 549
537 377 368 366 365 549 454
537 368 366 365 549 454 377
538 370 369 550 455 378 373
538 369 550 455 378 373 370
538 550 455 378 373 370 369
538 455 378 373 370 369 550
538 378 373 370 369 550 455
538 373 370 369 550 455 378
539 372 371 551 456 379 374
539 371 551 456 379 374 372
539 551 456 379 374 372 371
539 456 379 374 372 371 551
539 379 374 372 371 551 456
539 374 372 371 551 456 379
540 381 380 552 457 398 384
540 380 552 457 398 384 381
540 552 457 398 384 381 380
540 457 398 384 381 380 552
540 398 384 381 380 552 457
540 384 381 380 552 457 398
541 383 382 553 458 399 385
541 382 553 458 399 385 383
541 553 458 399 385 383 382
541 458 399 385 383 382 553
541 399 385 383 382 553 458
541 385 383 382 553 458 399
542 387 386 554 459 400 390
542 386 554 459 400 390 387
542 554 459 400 390 387 386
542 459 400 390 387 386 554
542 400 390 387 386 554 459
542 390 387 386 554 459 400
543 389 388 555 460 401 391
543 388 555 460 401 391 389
543 555 460 401 391 389 388
543 460 401 391 389 388 555
543 401 391 389 388 555 460
543 391 389 388 555 460 401
544 393 392 556 461 402 396
544 392 556 461 402 396 393
544 556 461 402 396 393 392
544 461 402 396 393 392 556
544 402 396 393 392 556 461
544 396 393 392 556 461 402
545 395 394 557 462 403 397
545 394 557 462 403 397 395
545 557 462 403 397 395 394
545 462 403 397 395 394 557
545 403 397 395 394 557 462
545 397 395 394 557 462 403
546 405 404 558 463 422 408
546 404 558 463 422 408 405
546 558 463 422 408 405 404
546 463 422 408 405 404 558
546 422 408 405 404 558 463
546 408 405 404 558 463 422
547 407 406 559 464 423 409
547 406 559 464 423 409 407
547 559 464 423 409 407 406
547 464 423 409 407 406 559
547 423 409 407 406 559 464
547 409 407 406 559 464 423
548 411 410 560 465 424 414
548 410 560 465 424 414 411
548 560 465 424 414 411 410
548 465 424 414 411 410 560
548 424 414 411 410 560 465
548 414 411 410 560 465 424
549 413 412 561 466 425 415
549 412 561 466 425 415 413
549 561 466 425 415 413 412
549 466 425 415 413 412 561
549 425 415 413 412 561 466
549 415 413 412 561 466 425
550 417 416 562 467 426 420
550 416 562 467 426 420 417
550 562 467 426 420 417 416
550 467 426 420 417 416 562
550 426 420 417 416 562 467
550 420 417 416 562 467 426
551 419 418 563 468 427 421
551 418 563 468 427 421 419
551 563 468 427 421 419 418
551 468 427 421 419 418 563
551 427 421 419 418 563 468
551 421 419 418 563 468 427
552 429 428 564 469 446 432
552 428 564 469 446 432 429
552 564 469 446 432 429 428
552 469 446 432 429 428 564
552 446 432 429 428 564 469
552 432 429 428 564 469 446
553 431 430 565 470 447 433
553 430 565 470 447 433 431
553 565 470 447 433 431 430
553 470 447 433 431 430 565
553 447 433 431 430 565 470
553 433 431 430 565 470 447
554 435 434 566 471 448 438
554 434 566 471 448 438 435
554 566 471 448 438 435 434
554 471 448 438 435 434 566
554 448 438 435 434 566 471
554 438 435 434 566 471 448
555 437 436 567 472 449 439
555 436 567 472 449 439 437
555 567 472 449 439 437 436
555 472 449 439 437 436 567
555 449 439 437 436 567 472
555 439 437 436 567 472 449
556 441 440 568 473 450 444
556 440 568 473 450 444 441
556 568 473 450 444 441 440
556 473 450 444 441 440 568
556 450 444 441 440 568 473
556 444 441 440 568 473 450
557 443 442 569 474 451 445
557 442 569 474 451 445 443
557 569 474 451 445 443 442
557 474 451 445 443 442 569
557 451 445 443 442 569 474
557 445 443 442 569 474 451
