570 2595 560 5
0 -1 90 245 469 529 268
1 269 0 96 266 564 432
1 0 96 266 564 432 269
1 96 266 564 432 269 0
1 266 564 432 269 0 96
1 564 432 269 0 96 266
1 432 269 0 96 266 564
2 -1 105 334 263 551 378
3 475 1 109 349 427 247
3 1 109 349 427 247 475
3 109 349 427 247 475 1
3 349 427 247 475 1 109
3 427 247 475 1 109 349
3 247 475 1 109 349 427
4 163 2 111 354 464 508
4 2 111 354 464 508 163
4 111 354 464 508 163 2
4 354 464 508 163 2 111
4 464 508 163 2 111 354
4 508 163 2 111 354 464
5 -1 114 371 524 227 379
6 164 3 116 376 559 412
6 3 116 376 559 412 164
6 116 376 559 412 164 3
6 376 559 412 164 3 116
6 559 412 164 3 116 376
6 412 164 3 116 376 559
7 -1 128 430 258 530 270
8 476 4 132 448 330 248
8 4 132 448 330 248 476
8 132 448 330 248 476 4
8 448 330 248 476 4 132
8 330 248 476 4 132 448
8 248 476 4 132 448 330
9 165 5 134 454 367 509
9 5 134 454 367 509 165
9 134 454 367 509 165 5
9 454 367 509 165 5 134
9 367 509 165 5 134 454
9 509 165 5 134 454 367
10 -1 138 467 519 207 271
11 166 6 140 473 540 312
11 6 140 473 540 312 166
11 140 473 540 312 166 6
11 473 540 312 166 6 140
11 540 312 166 6 140 473
11 312 166 6 140 473 540
12 272 7 151 527 236 433
12 7 151 527 236 433 272
12 151 527 236 433 272 7
12 527 236 433 272 7 151
12 236 433 272 7 151 527
12 433 272 7 151 527 236
13 -1 154 544 324 228 380
14 167 8 156 549 345 413
14 8 156 549 345 413 167
14 156 549 345 413 167 8
14 549 345 413 167 8 156
14 345 413 167 8 156 549
14 413 167 8 156 549 345
15 -1 160 562 421 208 273
16 168 9 162 568 444 313
16 9 162 568 444 313 168
16 162 568 444 313 168 9
16 568 444 313 168 9 162
16 444 313 168 9 162 568
16 313 168 9 162 568 444
17 477 10 192 110 352 457
17 10 192 110 352 457 477
17 192 110 352 457 477 10
17 110 352 457 477 10 192
17 352 457 477 10 192 110
17 457 477 10 192 110 352
18 381 11 194 115 374 552
18 11 194 115 374 552 381
18 194 115 374 552 381 11
18 115 374 552 381 11 194
18 374 552 381 11 194 115
18 552 381 11 194 115 374
19 -1 200 139 470 531 274
20 382 12 204 155 547 338
20 12 204 155 547 338 382
20 204 155 547 338 382 12
20 155 547 338 382 12 204
20 547 338 382 12 204 155
20 338 382 12 204 155 547
21 -1 206 161 565 434 275
22 478 13 216 305 135 458
22 13 216 305 135 458 478
22 216 305 135 458 478 13
22 305 135 458 478 13 216
22 135 458 478 13 216 305
22 458 478 13 216 305 135
23 383 14 218 310 157 553
23 14 218 310 157 553 383
23 218 310 157 553 383 14
23 310 157 553 383 14 218
23 157 553 383 14 218 310
23 553 383 14 218 310 157
24 384 15 225 365 502 117
24 15 225 365 502 117 384
24 225 365 502 117 384 15
24 365 502 117 384 15 225
24 502 117 384 15 225 365
24 117 384 15 225 365 502
25 385 16 255 500 106 339
25 16 255 500 106 339 385
25 255 500 106 339 385 16
25 500 106 339 385 16 255
25 106 339 385 16 255 500
25 339 385 16 255 500 106
26 -1 257 506 129 435 278
27 386 17 261 538 301 118
27 17 261 538 301 118 386
27 261 538 301 118 386 17
27 538 301 118 386 17 261
27 301 118 386 17 261 538
27 118 386 17 261 538 301
28 -1 300 95 264 554 387
29 480 18 304 127 428 249
29 18 304 127 428 249 480
29 304 127 428 249 480 18
29 127 428 249 480 18 304
29 428 249 480 18 304 127
29 249 480 18 304 127 428
30 169 19 306 137 465 510
30 19 306 137 465 510 169
30 306 137 465 510 169 19
30 137 465 510 169 19 306
30 465 510 169 19 306 137
30 510 169 19 306 137 465
31 -1 309 150 525 229 388
32 170 20 311 159 560 414
32 20 311 159 560 414 170
32 311 159 560 414 170 20
32 159 560 414 170 20 311
32 560 414 170 20 311 159
32 414 170 20 311 159 560
33 -1 323 205 158 555 389
34 -1 333 256 503 119 390
35 -1 364 495 85 230 391
36 171 23 366 504 123 415
36 23 366 504 123 415 171
36 366 504 123 415 171 23
36 504 123 415 171 23 366
36 123 415 171 23 366 504
36 415 171 23 366 504 123
37 -1 370 517 195 120 392
38 -1 402 93 259 533 280
39 481 24 406 104 331 250
39 24 406 104 331 250 481
39 406 104 331 250 481 24
39 104 331 250 481 24 406
39 331 250 481 24 406 104
39 250 481 24 406 104 331
40 172 25 408 113 368 511
40 25 408 113 368 511 172
40 408 113 368 511 172 25
40 113 368 511 172 25 408
40 368 511 172 25 408 113
40 511 172 25 408 113 368
41 -1 409 148 520 209 281
42 173 26 411 153 541 314
42 26 411 153 541 314 173
42 411 153 541 314 173 26
42 153 541 314 173 26 411
42 541 314 173 26 411 153
42 314 173 26 411 153 541
43 482 27 419 193 112 361
43 27 419 193 112 361 482
43 419 193 112 361 482 27
43 193 112 361 482 27 419
43 112 361 482 27 419 193
43 361 482 27 419 193 112
44 282 28 420 203 152 534
44 28 420 203 152 534 282
44 420 203 152 534 282 28
44 203 152 534 282 28 420
44 152 534 282 28 420 203
44 534 282 28 420 203 152
45 483 29 424 217 307 144
45 29 424 217 307 144 483
45 424 217 307 144 483 29
45 217 307 144 483 29 424
45 307 144 483 29 424 217
45 144 483 29 424 217 307
46 62 30 426 224 362 489
46 30 426 224 362 489 62
46 426 224 362 489 62 30
46 224 362 489 62 30 426
46 362 489 62 30 426 224
46 489 62 30 426 224 362
47 283 31 429 254 497 97
47 31 429 254 497 97 283
47 429 254 497 97 283 31
47 254 497 97 283 31 429
47 497 97 283 31 429 254
47 97 283 31 429 254 497
48 63 32 431 260 535 292
48 32 431 260 535 292 63
48 431 260 535 292 63 32
48 260 535 292 63 32 431
48 535 292 63 32 431 260
48 292 63 32 431 260 535
49 484 33 441 299 92 251
49 33 441 299 92 251 484
49 441 299 92 251 484 33
49 299 92 251 484 33 441
49 92 251 484 33 441 299
49 251 484 33 441 299 92
50 174 34 443 308 147 512
50 34 443 308 147 512 174
50 443 308 147 512 174 34
50 308 147 512 174 34 443
50 147 512 174 34 443 308
50 512 174 34 443 308 147
51 485 35 447 322 202 145
51 35 447 322 202 145 485
51 447 322 202 145 485 35
51 322 202 145 485 35 447
51 202 145 485 35 447 322
51 145 485 35 447 322 202
52 64 36 449 332 253 490
52 36 449 332 253 490 64
52 449 332 253 490 64 36
52 332 253 490 64 36 449
52 253 490 64 36 449 332
52 490 64 36 449 332 253
53 175 37 453 363 492 75
53 37 453 363 492 75 175
53 453 363 492 75 175 37
53 363 492 75 175 37 453
53 492 75 175 37 453 363
53 75 175 37 453 363 492
54 65 38 455 369 514 185
54 38 455 369 514 185 65
54 455 369 514 185 65 38
54 369 514 185 65 38 455
54 514 185 65 38 455 369
54 185 65 38 455 369 514
55 -1 461 493 79 210 284
56 176 39 463 498 100 315
56 39 463 498 100 315 176
56 463 498 100 315 176 39
56 498 100 315 176 39 463
56 100 315 176 39 463 498
56 315 176 39 463 498 100
57 285 40 466 515 189 98
57 40 466 515 189 98 285
57 466 515 189 98 285 40
57 515 189 98 285 40 466
57 189 98 285 40 466 515
57 98 285 40 466 515 189
58 66 41 468 521 213 293
58 41 468 521 213 293 66
58 468 521 213 293 66 41
58 521 213 293 66 41 468
58 213 293 66 41 468 521
58 293 66 41 468 521 213
59 177 42 472 536 295 76
59 42 472 536 295 76 177
59 472 536 295 76 177 42
59 536 295 76 177 42 472
59 295 76 177 42 472 536
59 76 177 42 472 536 295
60 67 43 474 542 318 186
60 43 474 542 318 186 67
60 474 542 318 186 67 43
60 542 318 186 67 43 474
60 318 186 67 43 474 542
60 186 67 43 474 542 318
61 -1 496 87 237 436 286
62 -1 499 102 325 231 393
63 178 44 501 108 346 416
63 44 501 108 346 416 178
63 501 108 346 416 178 44
63 108 346 416 178 44 501
63 346 416 178 44 501 108
63 416 178 44 501 108 346
64 -1 505 125 422 211 287
65 179 45 507 131 445 316
65 45 507 131 445 316 179
65 507 131 445 316 179 45
65 131 445 316 179 45 507
65 445 316 179 45 507 131
65 316 179 45 507 131 445
66 394 46 516 191 107 341
66 46 516 191 107 341 394
66 516 191 107 341 394 46
66 191 107 341 394 46 516
66 107 341 394 46 516 191
66 341 394 46 516 191 107
67 -1 518 197 130 437 288
68 395 47 522 215 302 121
68 47 522 215 302 121 395
68 522 215 302 121 395 47
68 215 302 121 395 47 522
68 302 121 395 47 522 215
68 121 395 47 522 215 302
69 -1 537 297 86 232 396
70 180 49 539 303 124 417
70 49 539 303 124 417 180
70 539 303 124 417 180 49
70 303 124 417 180 49 539
70 124 417 180 49 539 303
70 417 180 49 539 303 124
71 -1 543 320 196 122 397
72 -1 556 400 80 212 290
73 181 50 558 405 101 317
73 50 558 405 101 317 181
73 558 405 101 317 181 50
73 405 101 317 181 50 558
73 101 317 181 50 558 405
73 317 181 50 558 405 101
74 291 51 561 418 190 99
74 51 561 418 190 99 291
74 561 418 190 99 291 51
74 418 190 99 291 51 561
74 190 99 291 51 561 418
74 99 291 51 561 418 190
75 71 52 563 423 214 294
75 52 563 423 214 294 71
75 563 423 214 294 71 52
75 423 214 294 71 52 563
75 214 294 71 52 563 423
75 294 71 52 563 423 214
76 182 53 567 440 296 78
76 53 567 440 296 78 182
76 567 440 296 78 182 53
76 440 296 78 182 53 567
76 296 78 182 53 567 440
76 78 182 53 567 440 296
77 72 54 569 446 319 188
77 54 569 446 319 188 72
77 569 446 319 188 72 54
77 446 319 188 72 54 569
77 319 188 72 54 569 446
77 188 72 54 569 446 319
78 -1 55 73 79 81 82
79 -1 56 74 80 83 84
80 -1 57 75 85 87 88
81 -1 58 77 91 93 94
82 -1 78 92 95 96 0
83 108 109 1 59 97 106
83 109 1 59 97 106 108
83 1 59 97 106 108 109
83 59 97 106 108 109 1
83 97 106 108 109 1 59
83 106 108 109 1 59 97
84 110 111 2 60 98 107
84 111 2 60 98 107 110
84 2 60 98 107 110 111
84 60 98 107 110 111 2
84 98 107 110 111 2 60
84 107 110 111 2 60 98
85 115 116 3 61 99 112
85 116 3 61 99 112 115
85 3 61 99 112 115 116
85 61 99 112 115 116 3
85 99 112 115 116 3 61
85 112 115 116 3 61 99
86 -1 62 117 123 125 126
87 -1 63 118 124 127 128
88 131 132 4 64 119 129
88 132 4 64 119 129 131
88 4 64 119 129 131 132
88 64 119 129 131 132 4
88 119 129 131 132 4 64
88 129 131 132 4 64 119
89 133 134 5 65 120 130
89 134 5 65 120 130 133
89 5 65 120 130 133 134
89 65 120 130 133 134 5
89 120 130 133 134 5 65
89 130 133 134 5 65 120
90 -1 66 121 135 137 138
91 139 140 6 67 122 136
91 140 6 67 122 136 139
91 6 67 122 136 139 140
91 67 122 136 139 140 6
91 122 136 139 140 6 67
91 136 139 140 6 67 122
92 -1 68 141 146 148 149
93 155 156 8 70 143 152
93 156 8 70 143 152 155
93 8 70 143 152 155 156
93 70 143 152 155 156 8
93 143 152 155 156 8 70
93 152 155 156 8 70 143
94 -1 71 144 157 159 160
95 161 162 9 72 145 158
95 162 9 72 145 158 161
95 9 72 145 158 161 162
95 72 145 158 161 162 9
95 145 158 161 162 9 72
95 158 161 162 9 72 145
96 191 192 10 163 183 189
96 192 10 163 183 189 191
96 10 163 183 189 191 192
96 163 183 189 191 192 10
96 183 189 191 192 10 163
96 189 191 192 10 163 183
97 193 194 11 164 184 190
97 194 11 164 184 190 193
97 11 164 184 190 193 194
97 164 184 190 193 194 11
97 184 190 193 194 11 164
97 190 193 194 11 164 184
98 -1 165 185 195 197 198
99 -1 166 186 196 199 200
100 203 204 12 167 187 201
100 204 12 167 187 201 203
100 12 167 187 201 203 204
100 167 187 201 203 204 12
100 187 201 203 204 12 167
100 201 203 204 12 167 187
101 -1 168 188 202 205 206
102 215 216 13 169 207 213
102 216 13 169 207 213 215
102 13 169 207 213 215 216
102 169 207 213 215 216 13
102 207 213 215 216 13 169
102 213 215 216 13 169 207
103 217 218 14 170 208 214
103 218 14 170 208 214 217
103 14 170 208 214 217 218
103 170 208 214 217 218 14
103 208 214 217 218 14 170
103 214 217 218 14 170 208
104 224 225 15 171 211 222
104 225 15 171 211 222 224
104 15 171 211 222 224 225
104 171 211 222 224 225 15
104 211 222 224 225 15 171
104 222 224 225 15 171 211
105 -1 174 229 236 238 239
106 -1 175 230 237 240 241
107 -1 177 232 243 245 246
108 254 255 16 178 247 252
108 255 16 178 247 252 254
108 16 178 247 252 254 255
108 178 247 252 254 255 16
108 247 252 254 255 16 178
108 252 254 255 16 178 247
109 -1 179 248 253 256 257
110 260 261 17 180 249 258
110 261 17 180 249 258 260
110 17 180 249 258 260 261
110 180 249 258 260 261 17
110 249 258 260 261 17 180
110 258 260 261 17 180 249
111 -1 182 251 264 266 267
112 303 304 18 270 292 301
112 304 18 270 292 301 303
112 18 270 292 301 303 304
112 270 292 301 303 304 18
112 292 301 303 304 18 270
112 301 303 304 18 270 292
113 305 306 19 271 293 302
113 306 19 271 293 302 305
113 19 271 293 302 305 306
113 271 293 302 305 306 19
113 293 302 305 306 19 271
113 302 305 306 19 271 293
114 310 311 20 273 294 307
114 311 20 273 294 307 310
114 20 273 294 307 310 311
114 273 294 307 310 311 20
114 294 307 310 311 20 273
114 307 310 311 20 273 294
115 -1 274 312 318 320 321
116 -1 275 313 319 322 323
117 -1 276 314 324 326 327
118 328 329 21 277 315 325
118 329 21 277 315 325 328
118 21 277 315 325 328 329
118 277 315 325 328 329 21
118 315 325 328 329 21 277
118 325 328 329 21 277 315
119 -1 278 316 330 332 333
120 334 335 22 279 317 331
120 335 22 279 317 331 334
120 22 279 317 331 334 335
120 279 317 331 334 335 22
120 317 331 334 335 22 279
120 331 334 335 22 279 317
121 -1 282 338 345 347 348
122 -1 283 339 346 349 350
123 -1 285 341 352 354 355
124 365 366 23 287 357 362
124 366 23 287 357 362 365
124 23 287 357 362 365 366
124 287 357 362 365 366 23
124 357 362 365 366 23 287
124 362 365 366 23 287 357
125 -1 288 358 367 369 370
126 -1 289 359 368 371 372
127 -1 291 361 374 376 377
128 -1 403 405 406 24 378
129 -1 404 407 408 25 379
130 -1 418 419 27 381 412
131 423 424 29 383 414 421
131 424 29 383 414 421 423
131 29 383 414 421 423 424
131 383 414 421 423 424 29
131 414 421 423 424 29 383
131 421 423 424 29 383 414
132 425 426 30 384 415 422
132 426 30 384 415 422 425
132 30 384 415 422 425 426
132 384 415 422 425 426 30
132 415 422 425 426 30 384
132 422 425 426 30 384 415
133 -1 429 31 385 416 427
134 430 431 32 386 417 428
134 431 32 386 417 428 430
134 32 386 417 428 430 431
134 386 417 428 430 431 32
134 417 428 430 431 32 386
134 428 430 431 32 386 417
135 440 441 33 387 432 438
135 441 33 387 432 438 440
135 33 387 432 438 440 441
135 387 432 438 440 441 33
135 432 438 440 441 33 387
135 438 440 441 33 387 432
136 442 443 34 388 433 439
136 443 34 388 433 439 442
136 34 388 433 439 442 443
136 388 433 439 442 443 34
136 433 439 442 443 34 388
136 439 442 443 34 388 433
137 446 447 35 389 434 444
137 447 35 389 434 444 446
137 35 389 434 444 446 447
137 389 434 444 446 447 35
137 434 444 446 447 35 389
137 444 446 447 35 389 434
138 448 449 36 390 435 445
138 449 36 390 435 445 448
138 36 390 435 445 448 449
138 390 435 445 448 449 36
138 435 445 448 449 36 390
138 445 448 449 36 390 435
139 452 453 37 391 436 450
139 453 37 391 436 450 452
139 37 391 436 450 452 453
139 391 436 450 452 453 37
139 436 450 452 453 37 391
139 450 452 453 37 391 436
140 454 455 38 392 437 451
140 455 38 392 437 451 454
140 38 392 437 451 454 455
140 392 437 451 454 455 38
140 437 451 454 455 38 392
140 451 454 455 38 392 437
141 -1 462 463 39 393 456
142 -1 466 40 394 457 464
143 467 468 41 395 458 465
143 468 41 395 458 465 467
143 41 395 458 465 467 468
143 395 458 465 467 468 41
143 458 465 467 468 41 395
143 465 467 468 41 395 458
144 471 472 42 396 459 469
144 472 42 396 459 469 471
144 42 396 459 469 471 472
144 396 459 469 471 472 42
144 459 469 471 472 42 396
144 469 471 472 42 396 459
145 473 474 43 397 460 470
145 474 43 397 460 470 473
145 43 397 460 470 473 474
145 397 460 470 473 474 43
145 460 470 473 474 43 397
145 470 473 474 43 397 460
146 500 501 44 475 488 497
146 501 44 475 488 497 500
146 44 475 488 497 500 501
146 475 488 497 500 501 44
146 488 497 500 501 44 475
146 497 500 501 44 475 488
147 506 507 45 476 490 503
147 507 45 476 490 503 506
147 45 476 490 503 506 507
147 476 490 503 506 507 45
147 490 503 506 507 45 476
147 503 506 507 45 476 490
148 515 516 46 477 508 513
148 516 46 477 508 513 515
148 46 477 508 513 515 516
148 477 508 513 515 516 46
148 508 513 515 516 46 477
148 513 515 516 46 477 508
149 521 522 47 478 510 519
149 522 47 478 510 519 521
149 47 478 510 519 521 522
149 478 510 519 521 522 47
149 510 519 521 522 47 478
149 519 521 522 47 478 510
150 538 539 49 480 530 535
150 539 49 480 530 535 538
150 49 480 530 535 538 539
150 480 530 535 538 539 49
150 530 535 538 539 49 480
150 535 538 539 49 480 530
151 -1 557 558 50 481 551
152 -1 561 51 482 552 559
153 562 563 52 483 553 560
153 563 52 483 553 560 562
153 52 483 553 560 562 563
153 483 553 560 562 563 52
153 553 560 562 563 52 483
153 560 562 563 52 483 553
154 566 567 53 484 554 564
154 567 53 484 554 564 566
154 53 484 554 564 566 567
154 484 554 564 566 567 53
154 554 564 566 567 53 484
154 564 566 567 53 484 554
155 568 569 54 485 555 565
155 569 54 485 555 565 568
155 54 485 555 565 568 569
155 485 555 565 568 569 54
155 555 565 568 569 54 485
155 565 568 569 54 485 555
156 35 36 64 4 24 33
156 36 64 4 24 33 35
156 64 4 24 33 35 36
156 4 24 33 35 36 64
156 24 33 35 36 64 4
156 33 35 36 64 4 24
157 37 38 65 5 25 34
157 38 65 5 25 34 37
157 65 5 25 34 37 38
157 5 25 34 37 38 65
157 25 34 37 38 65 5
157 34 37 38 65 5 25
158 42 43 67 6 26 39
158 43 67 6 26 39 42
158 67 6 26 39 42 43
158 6 26 39 42 43 67
158 26 39 42 43 67 6
158 39 42 43 67 6 26
159 53 54 72 9 45 50
159 54 72 9 45 50 53
159 72 9 45 50 53 54
159 9 45 50 53 54 72
159 45 50 53 54 72 9
159 50 53 54 72 9 45
160 -1 74 184 164 170 171
161 174 175 75 185 165 172
161 175 75 185 165 172 174
161 75 185 165 172 174 175
161 185 165 172 174 175 75
161 165 172 174 175 75 185
161 172 174 175 75 185 165
162 176 177 76 186 166 173
162 177 76 186 166 173 176
162 76 186 166 173 176 177
162 186 166 173 176 177 76
162 166 173 176 177 76 186
162 173 176 177 76 186 166
163 -1 77 187 167 178 180
164 181 182 78 188 168 179
164 182 78 188 168 179 181
164 78 188 168 179 181 182
164 188 168 179 181 182 78
164 168 179 181 182 78 188
164 179 181 182 78 188 168
165 209 210 79 189 213 207
165 210 79 189 213 207 209
165 79 189 213 207 209 210
165 189 213 207 209 210 79
165 213 207 209 210 79 189
165 207 209 210 79 189 213
166 211 212 80 190 214 208
166 212 80 190 214 208 211
166 80 190 214 208 211 212
166 190 214 208 211 212 80
166 214 208 211 212 80 190
166 208 211 212 80 190 214
167 -1 219 220 81 191 215
168 222 223 83 193 217 224
168 223 83 193 217 224 222
168 83 193 217 224 222 223
168 193 217 224 222 223 83
168 217 224 222 223 83 193
168 224 222 223 83 193 217
169 -1 226 84 194 218 225
170 -1 227 229 230 85 195
171 -1 228 231 232 86 196
172 236 237 87 197 233 238
172 237 87 197 233 238 236
172 87 197 233 238 236 237
172 197 233 238 236 237 87
172 233 238 236 237 87 197
172 238 236 237 87 197 233
173 241 240 88 198 234 239
173 240 88 198 234 239 241
173 88 198 234 239 241 240
173 198 234 239 241 240 88
173 234 239 241 240 88 198
173 239 241 240 88 198 234
174 246 245 90 200 235 244
174 245 90 200 235 244 246
174 90 200 235 244 246 245
174 200 235 244 246 245 90
174 235 244 246 245 90 200
174 244 246 245 90 200 235
175 -1 91 201 252 247 249
176 250 251 92 202 253 248
176 251 92 202 253 248 250
176 92 202 253 248 250 251
176 202 253 248 250 251 92
176 253 248 250 251 92 202
176 248 250 251 92 202 253
177 258 259 93 203 254 260
177 259 93 203 254 260 258
177 93 203 254 260 258 259
177 203 254 260 258 259 93
177 254 260 258 259 93 203
177 260 258 259 93 203 254
178 -1 262 94 204 255 261
179 -1 263 264 95 205 256
180 267 266 96 206 257 265
180 266 96 206 257 265 267
180 96 206 257 265 267 266
180 206 257 265 267 266 96
180 257 265 267 266 96 206
180 265 267 266 96 206 257
181 282 283 97 292 270 280
181 283 97 292 270 280 282
181 97 292 270 280 282 283
181 292 270 280 282 283 97
181 270 280 282 283 97 292
181 280 282 283 97 292 270
182 284 285 98 293 271 281
182 285 98 293 271 281 284
182 98 293 271 281 284 285
182 293 271 281 284 285 98
182 271 281 284 285 98 293
182 281 284 285 98 293 271
183 290 291 99 294 273 287
183 291 99 294 273 287 290
183 99 294 273 287 290 291
183 294 273 287 290 291 99
183 273 287 290 291 99 294
183 287 290 291 99 294 273
184 314 315 100 295 318 312
184 315 100 295 318 312 314
184 100 295 318 312 314 315
184 295 318 312 314 315 100
184 318 312 314 315 100 295
184 312 314 315 100 295 318
185 316 317 101 296 319 313
185 317 101 296 319 313 316
185 101 296 319 313 316 317
185 296 319 313 316 317 101
185 319 313 316 317 101 296
185 313 316 317 101 296 319
186 324 325 102 297 320 326
186 325 102 297 320 326 324
186 102 297 320 326 324 325
186 297 320 326 324 325 102
186 320 326 324 325 102 297
186 326 324 325 102 297 320
187 329 328 103 298 321 327
187 328 103 298 321 327 329
187 103 298 321 327 329 328
187 298 321 327 329 328 103
187 321 327 329 328 103 298
187 327 329 328 103 298 321
188 330 331 104 299 322 332
188 331 104 299 322 332 330
188 104 299 322 332 330 331
188 299 322 332 330 331 104
188 322 332 330 331 104 299
188 332 330 331 104 299 322
189 335 334 105 300 323 333
189 334 105 300 323 333 335
189 105 300 323 333 335 334
189 300 323 333 335 334 105
189 323 333 335 334 105 300
189 333 335 334 105 300 323
190 -1 336 338 339 106 301
191 -1 337 340 341 107 302
192 345 346 108 303 342 347
192 346 108 303 342 347 345
192 108 303 342 347 345 346
192 303 342 347 345 346 108
192 342 347 345 346 108 303
192 347 345 346 108 303 342
193 350 349 109 304 343 348
193 349 109 304 343 348 350
193 109 304 343 348 350 349
193 304 343 348 350 349 109
193 343 348 350 349 109 304
193 348 350 349 109 304 343
194 355 354 111 306 344 353
194 354 111 306 344 353 355
194 111 306 344 353 355 354
194 306 344 353 355 354 111
194 344 353 355 354 111 306
194 353 355 354 111 306 344
195 360 361 112 307 362 357
195 361 112 307 362 357 360
195 112 307 362 357 360 361
195 307 362 357 360 361 112
195 362 357 360 361 112 307
195 357 360 361 112 307 362
196 367 368 113 308 363 369
196 368 113 308 363 369 367
196 113 308 363 369 367 368
196 308 363 369 367 368 113
196 363 369 367 368 113 308
196 369 367 368 113 308 363
197 372 371 114 309 364 370
197 371 114 309 364 370 372
197 114 309 364 370 372 371
197 309 364 370 372 371 114
197 364 370 372 371 114 309
197 370 372 371 114 309 364
198 -1 373 374 115 310 365
199 377 376 116 311 366 375
199 376 116 311 366 375 377
199 116 311 366 375 377 376
199 311 366 375 377 376 116
199 366 375 377 376 116 311
199 375 377 376 116 311 366
200 -1 381 383 384 117 398
201 -1 382 385 386 118 399
202 -1 378 387 389 390 119
203 -1 379 388 391 392 120
204 -1 380 393 396 397 122
205 421 422 125 400 418 423
205 422 125 400 418 423 421
205 125 400 418 423 421 422
205 400 418 423 421 422 125
205 418 423 421 422 125 400
205 423 421 422 125 400 418
206 426 425 126 401 419 424
206 425 126 401 419 424 426
206 126 401 419 424 426 425
206 401 419 424 426 425 126
206 419 424 426 425 126 401
206 424 426 425 126 401 419
207 431 430 128 402 420 429
207 430 128 402 420 429 431
207 128 402 420 429 431 430
207 402 420 429 431 430 128
207 420 429 431 430 128 402
207 429 431 430 128 402 420
208 434 435 129 403 438 432
208 435 129 403 438 432 434
208 129 403 438 432 434 435
208 403 438 432 434 435 129
208 438 432 434 435 129 403
208 432 434 435 129 403 438
209 436 437 130 404 439 433
209 437 130 404 439 433 436
209 130 404 439 433 436 437
209 404 439 433 436 437 130
209 439 433 436 437 130 404
209 433 436 437 130 404 439
210 444 445 131 405 440 446
210 445 131 405 440 446 444
210 131 405 440 446 444 445
210 405 440 446 444 445 131
210 440 446 444 445 131 405
210 446 444 445 131 405 440
211 449 448 132 406 441 447
211 448 132 406 441 447 449
211 132 406 441 447 449 448
211 406 441 447 449 448 132
211 441 447 449 448 132 406
211 447 449 448 132 406 441
212 450 451 133 407 442 452
212 451 133 407 442 452 450
212 133 407 442 452 450 451
212 407 442 452 450 451 133
212 442 452 450 451 133 407
212 452 450 451 133 407 442
213 455 454 134 408 443 453
213 454 134 408 443 453 455
213 134 408 443 453 455 454
213 408 443 453 455 454 134
213 443 453 455 454 134 408
213 453 455 454 134 408 443
214 468 467 138 409 461 466
214 467 138 409 461 466 468
214 138 409 461 466 468 467
214 409 461 466 468 467 138
214 461 466 468 467 138 409
214 466 468 467 138 409 461
215 469 470 139 410 462 471
215 470 139 410 462 471 469
215 139 410 462 471 469 470
215 410 462 471 469 470 139
215 462 471 469 470 139 410
215 471 469 470 139 410 462
216 474 473 140 411 463 472
216 473 140 411 463 472 474
216 140 411 463 472 474 473
216 411 463 472 474 473 140
216 463 472 474 473 140 411
216 472 474 473 140 411 463
217 -1 477 478 479 141 486
218 484 485 145 490 476 481
218 485 145 490 476 481 484
218 145 490 476 481 484 485
218 490 476 481 484 485 145
218 476 481 484 485 145 490
218 481 484 485 145 490 476
219 -1 146 491 513 508 510
220 511 512 147 492 514 509
220 512 147 492 514 509 511
220 147 492 514 509 511 512
220 492 514 509 511 512 147
220 514 509 511 512 147 492
220 509 511 512 147 492 514
221 519 520 148 493 515 521
221 520 148 493 515 521 519
221 148 493 515 521 519 520
221 493 515 521 519 520 148
221 515 521 519 520 148 493
221 521 519 520 148 493 515
222 -1 523 149 494 516 522
223 -1 524 525 150 495 517
224 528 527 151 496 518 526
224 527 151 496 518 526 528
224 151 496 518 526 528 527
224 496 518 526 528 527 151
224 518 526 528 527 151 496
224 526 528 527 151 496 518
225 533 534 152 497 535 530
225 534 152 497 535 530 533
225 152 497 535 530 533 534
225 497 535 530 533 534 152
225 535 530 533 534 152 497
225 530 533 534 152 497 535
226 540 541 153 498 536 542
226 541 153 498 536 542 540
226 153 498 536 542 540 541
226 498 536 542 540 541 153
226 536 542 540 541 153 498
226 542 540 541 153 498 536
227 545 544 154 499 537 543
227 544 154 499 537 543 545
227 154 499 537 543 545 544
227 499 537 543 545 544 154
227 537 543 545 544 154 499
227 543 545 544 154 499 537
228 -1 546 547 155 500 538
229 550 549 156 501 539 548
229 549 156 501 539 548 550
229 156 501 539 548 550 549
229 501 539 548 550 549 156
229 539 548 550 549 156 501
229 548 550 549 156 501 539
230 -1 551 554 555 158 503
231 563 562 160 505 556 561
231 562 160 505 556 561 563
231 160 505 556 561 563 562
231 505 556 561 563 562 160
231 556 561 563 562 160 505
231 561 563 562 160 505 556
232 564 565 161 506 557 566
232 565 161 506 557 566 564
232 161 506 557 566 564 565
232 506 557 566 564 565 161
232 557 566 564 565 161 506
232 566 564 565 161 506 557
233 569 568 162 507 558 567
233 568 162 507 558 567 569
233 162 507 558 567 569 568
233 507 558 567 569 568 162
233 558 567 569 568 162 507
233 567 569 568 162 507 558
234 -1 29 35 33 34 174
235 -1 30 36 38 37 175
236 -1 32 41 43 42 177
237 -1 59 60 183 73 55
238 64 65 185 75 57 62
238 65 185 75 57 62 64
238 185 75 57 62 64 65
238 75 57 62 64 65 185
238 57 62 64 65 185 75
238 62 64 65 185 75 57
239 -1 63 66 67 186 76
240 69 70 187 77 58 68
240 70 187 77 58 68 69
240 187 77 58 68 69 70
240 77 58 68 69 70 187
240 58 68 69 70 187 77
240 68 69 70 187 77 58
241 -1 97 98 189 79 100
242 106 107 191 81 102 108
242 107 191 81 102 108 106
242 191 81 102 108 106 107
242 81 102 108 106 107 191
242 102 108 106 107 191 81
242 108 106 107 191 81 102
243 111 110 192 82 103 109
243 110 192 82 103 109 111
243 192 82 103 109 111 110
243 82 103 109 111 110 192
243 103 109 111 110 192 82
243 109 111 110 192 82 103
244 -1 112 193 83 104 113
245 116 115 194 84 105 114
245 115 194 84 105 114 116
245 194 84 105 114 116 115
245 84 105 114 116 115 194
245 105 114 116 115 194 84
245 114 116 115 194 84 105
246 119 120 195 85 123 117
246 120 195 85 123 117 119
246 195 85 123 117 119 120
246 85 123 117 119 120 195
246 123 117 119 120 195 85
246 117 119 120 195 85 123
247 121 122 196 86 124 118
247 122 196 86 124 118 121
247 196 86 124 118 121 122
247 86 124 118 121 122 196
247 124 118 121 122 196 86
247 118 121 122 196 86 124
248 129 130 197 87 125 131
248 130 197 87 125 131 129
248 197 87 125 131 129 130
248 87 125 131 129 130 197
248 125 131 129 130 197 87
248 131 129 130 197 87 125
249 134 133 198 88 126 132
249 133 198 88 126 132 134
249 198 88 126 132 134 133
249 88 126 132 134 133 198
249 126 132 134 133 198 88
249 132 134 133 198 88 126
250 135 136 199 89 127 137
250 136 199 89 127 137 135
250 199 89 127 137 135 136
250 89 127 137 135 136 199
250 127 137 135 136 199 89
250 137 135 136 199 89 127
251 140 139 200 90 128 138
251 139 200 90 128 138 140
251 200 90 128 138 140 139
251 90 128 138 140 139 200
251 128 138 140 139 200 90
251 138 140 139 200 90 128
252 142 143 201 91 146 141
252 143 201 91 146 141 142
252 201 91 146 141 142 143
252 91 146 141 142 143 201
252 146 141 142 143 201 91
252 141 142 143 201 91 146
253 -1 144 145 202 92 147
254 -1 152 203 93 148 153
255 156 155 204 94 149 154
255 155 204 94 149 154 156
255 204 94 149 154 156 155
255 94 149 154 156 155 204
255 149 154 156 155 204 94
255 154 156 155 204 94 149
256 157 158 205 95 150 159
256 158 205 95 150 159 157
256 205 95 150 159 157 158
256 95 150 159 157 158 205
256 150 159 157 158 205 95
256 159 157 158 205 95 150
257 162 161 206 96 151 160
257 161 206 96 151 160 162
257 206 96 151 160 162 161
257 96 151 160 162 161 206
257 151 160 162 161 206 96
257 160 162 161 206 96 151
258 270 271 207 312 274 268
258 271 207 312 274 268 270
258 207 312 274 268 270 271
258 312 274 268 270 271 207
258 274 268 270 271 207 312
258 268 270 271 207 312 274
259 272 273 208 313 275 269
259 273 208 313 275 269 272
259 208 313 275 269 272 273
259 313 275 269 272 273 208
259 275 269 272 273 208 313
259 269 272 273 208 313 275
260 280 281 209 314 276 282
260 281 209 314 276 282 280
260 209 314 276 282 280 281
260 314 276 282 280 281 209
260 276 282 280 281 209 314
260 282 280 281 209 314 276
261 285 284 210 315 277 283
261 284 210 315 277 283 285
261 210 315 277 283 285 284
261 315 277 283 285 284 210
261 277 283 285 284 210 315
261 283 285 284 210 315 277
262 286 287 211 316 278 288
262 287 211 316 278 288 286
262 211 316 278 288 286 287
262 316 278 288 286 287 211
262 278 288 286 287 211 316
262 288 286 287 211 316 278
263 291 290 212 317 279 289
263 290 212 317 279 289 291
263 212 317 279 289 291 290
263 317 279 289 291 290 212
263 279 289 291 290 212 317
263 289 291 290 212 317 279
264 -1 292 293 213 318 295
265 301 302 215 320 297 303
265 302 215 320 297 303 301
265 215 320 297 303 301 302
265 320 297 303 301 302 215
265 297 303 301 302 215 320
265 303 301 302 215 320 297
266 306 305 216 321 298 304
266 305 216 321 298 304 306
266 216 321 298 304 306 305
266 321 298 304 306 305 216
266 298 304 306 305 216 321
266 304 306 305 216 321 298
267 -1 307 217 322 299 308
268 311 310 218 323 300 309
268 310 218 323 300 309 311
268 218 323 300 309 311 310
268 323 300 309 311 310 218
268 300 309 311 310 218 323
268 309 311 310 218 323 300
269 336 337 219 324 345 338
269 337 219 324 345 338 336
269 219 324 345 338 336 337
269 324 345 338 336 337 219
269 345 338 336 337 219 324
269 338 336 337 219 324 345
270 341 340 220 325 346 339
270 340 220 325 346 339 341
270 220 325 346 339 341 340
270 325 346 339 341 340 220
270 346 339 341 340 220 325
270 339 341 340 220 325 346
271 352 351 221 328 349 354
271 351 221 328 349 354 352
271 221 328 349 354 352 351
271 328 349 354 352 351 221
271 349 354 352 351 221 328
271 354 352 351 221 328 349
272 356 357 222 330 367 358
272 357 222 330 367 358 356
272 222 330 367 358 356 357
272 330 367 358 356 357 222
272 367 358 356 357 222 330
272 358 356 357 222 330 367
273 361 360 223 331 368 359
273 360 223 331 368 359 361
273 223 331 368 359 361 360
273 331 368 359 361 360 223
273 368 359 361 360 223 331
273 359 361 360 223 331 368
274 -1 362 224 332 369 363
275 366 365 225 333 370 364
275 365 225 333 370 364 366
275 225 333 370 364 366 365
275 333 370 364 366 365 225
275 370 364 366 365 225 333
275 364 366 365 225 333 370
276 374 373 226 334 371 376
276 373 226 334 371 376 374
276 226 334 371 376 374 373
276 334 371 376 374 373 226
276 371 376 374 373 226 334
276 376 374 373 226 334 371
277 -1 378 379 227 412 381
278 387 388 229 414 383 389
278 388 229 414 383 389 387
278 229 414 383 389 387 388
278 414 383 389 387 388 229
278 383 389 387 388 229 414
278 389 387 388 229 414 383
279 392 391 230 415 384 390
279 391 230 415 384 390 392
279 230 415 384 390 392 391
279 415 384 390 392 391 230
279 384 390 392 391 230 415
279 390 392 391 230 415 384
280 -1 393 231 416 385 394
281 397 396 232 417 386 395
281 396 232 417 386 395 397
281 232 417 386 395 397 396
281 417 386 395 397 396 232
281 386 395 397 396 232 417
281 395 397 396 232 417 386
282 403 404 233 418 400 405
282 404 233 418 400 405 403
282 233 418 400 405 403 404
282 418 400 405 403 404 233
282 400 405 403 404 233 418
282 405 403 404 233 418 400
283 408 407 234 419 401 406
283 407 234 419 401 406 408
283 234 419 401 406 408 407
283 419 401 406 408 407 234
283 401 406 408 407 234 419
283 406 408 407 234 419 401
284 411 410 235 420 402 409
284 410 235 420 402 409 411
284 235 420 402 409 411 410
284 420 402 409 411 410 235
284 402 409 411 410 235 420
284 409 411 410 235 420 402
285 432 433 236 421 444 434
285 433 236 421 444 434 432
285 236 421 444 434 432 433
285 421 444 434 432 433 236
285 444 434 432 433 236 421
285 434 432 433 236 421 444
286 437 436 237 422 445 435
286 436 237 422 445 435 437
286 237 422 445 435 437 436
286 422 445 435 437 436 237
286 445 435 437 436 237 422
286 435 437 436 237 422 445
287 438 439 238 423 446 440
287 439 238 423 446 440 438
287 238 423 446 440 438 439
287 423 446 440 438 439 238
287 446 440 438 439 238 423
287 440 438 439 238 423 446
288 443 442 239 424 447 441
288 442 239 424 447 441 443
288 239 424 447 441 443 442
288 424 447 441 443 442 239
288 447 441 443 442 239 424
288 441 443 442 239 424 447
289 451 450 240 425 448 454
289 450 240 425 448 454 451
289 240 425 448 454 451 450
289 425 448 454 451 450 240
289 448 454 451 450 240 425
289 454 451 450 240 425 448
290 453 452 241 426 449 455
290 452 241 426 449 455 453
290 241 426 449 455 453 452
290 426 449 455 453 452 241
290 449 455 453 452 241 426
290 455 453 452 241 426 449
291 -1 456 242 427 464 457
292 460 459 243 428 465 458
292 459 243 428 465 458 460
292 243 428 465 458 460 459
292 428 465 458 460 459 243
292 465 458 460 459 243 428
292 458 460 459 243 428 465
293 463 462 244 429 466 461
293 462 244 429 466 461 463
293 244 429 466 461 463 462
293 429 466 461 463 462 244
293 466 461 463 462 244 429
293 461 463 462 244 429 466
294 470 469 245 430 467 473
294 469 245 430 467 473 470
294 245 430 467 473 470 469
294 430 467 473 470 469 245
294 467 473 470 469 245 430
294 473 470 469 245 430 467
295 472 471 246 431 468 474
295 471 246 431 468 474 472
295 246 431 468 474 472 471
295 431 468 474 472 471 246
295 468 474 472 471 246 431
295 474 472 471 246 431 468
296 -1 483 485 484 251 512
297 -1 488 252 513 491 486
298 489 490 253 514 492 487
298 490 253 514 492 487 489
298 253 514 492 487 489 490
298 514 492 487 489 490 253
298 492 487 489 490 253 514
298 487 489 490 253 514 492
299 -1 497 254 515 493 498
300 501 500 255 516 494 499
300 500 255 516 494 499 501
300 255 516 494 499 501 500
300 516 494 499 501 500 255
300 494 499 501 500 255 516
300 499 501 500 255 516 494
301 502 503 256 517 495 504
301 503 256 517 495 504 502
301 256 517 495 504 502 503
301 517 495 504 502 503 256
301 495 504 502 503 256 517
301 504 502 503 256 517 495
302 507 506 257 518 496 505
302 506 257 518 496 505 507
302 257 518 496 505 507 506
302 518 496 505 507 506 257
302 496 505 507 506 257 518
302 505 507 506 257 518 496
303 529 530 258 519 540 531
303 530 258 519 540 531 529
303 258 519 540 531 529 530
303 519 540 531 529 530 258
303 540 531 529 530 258 519
303 531 529 530 258 519 540
304 534 533 259 520 541 532
304 533 259 520 541 532 534
304 259 520 541 532 534 533
304 520 541 532 534 533 259
304 541 532 534 533 259 520
304 532 534 533 259 520 541
305 -1 535 260 521 542 536
306 539 538 261 522 543 537
306 538 261 522 543 537 539
306 261 522 543 537 539 538
306 522 543 537 539 538 261
306 543 537 539 538 261 522
306 537 539 538 261 522 543
307 547 546 262 523 544 549
307 546 262 523 544 549 547
307 262 523 544 549 547 546
307 523 544 549 547 546 262
307 544 549 547 546 262 523
307 549 547 546 262 523 544
308 -1 551 263 524 559 552
309 555 554 264 525 560 553
309 554 264 525 560 553 555
309 264 525 560 553 555 554
309 525 560 553 555 554 264
309 560 553 555 554 264 525
309 553 555 554 264 525 560
310 558 557 265 526 561 556
310 557 265 526 561 556 558
310 265 526 561 556 558 557
310 526 561 556 558 557 265
310 561 556 558 557 265 526
310 556 558 557 265 526 561
311 565 564 266 527 562 568
311 564 266 527 562 568 565
311 266 527 562 568 565 564
311 527 562 568 565 564 266
311 562 568 565 564 266 527
311 568 565 564 266 527 562
312 567 566 267 528 563 569
312 566 267 528 563 569 567
312 267 528 563 569 567 566
312 528 563 569 567 566 267
312 563 569 567 566 267 528
312 569 567 566 267 528 563
313 -1 271 19 2 5 6
314 -1 273 20 3 8 9
315 -1 35 29 27 28 282
316 -1 36 30 32 31 283
317 -1 38 43 41 40 285
318 -1 287 23 49 44 45
319 62 63 292 97 59 64
319 63 292 97 59 64 62
319 292 97 59 64 62 63
319 97 59 64 62 63 292
319 59 64 62 63 292 97
319 64 62 63 292 97 59
320 67 66 293 98 60 65
320 66 293 98 60 65 67
320 293 98 60 65 67 66
320 98 60 65 67 66 293
320 60 65 67 66 293 98
320 65 67 66 293 98 60
321 72 71 294 99 61 70
321 71 294 99 61 70 72
321 294 99 61 70 72 71
321 99 61 70 72 71 294
321 61 70 72 71 294 99
321 70 72 71 294 99 61
322 75 76 295 100 79 73
322 76 295 100 79 73 75
322 295 100 79 73 75 76
322 100 79 73 75 76 295
322 79 73 75 76 295 100
322 73 75 76 295 100 79
323 77 78 296 101 80 74
323 78 296 101 80 74 77
323 296 101 80 74 77 78
323 101 80 74 77 78 296
323 80 74 77 78 296 101
323 74 77 78 296 101 80
324 85 86 297 102 81 87
324 86 297 102 81 87 85
324 297 102 81 87 85 86
324 102 81 87 85 86 297
324 81 87 85 86 297 102
324 87 85 86 297 102 81
325 90 89 298 103 82 88
325 89 298 103 82 88 90
325 298 103 82 88 90 89
325 103 82 88 90 89 298
325 82 88 90 89 298 103
325 88 90 89 298 103 82
326 91 92 299 104 83 93
326 92 299 104 83 93 91
326 299 104 83 93 91 92
326 104 83 93 91 92 299
326 83 93 91 92 299 104
326 93 91 92 299 104 83
327 96 95 300 105 84 94
327 95 300 105 84 94 96
327 300 105 84 94 96 95
327 105 84 94 96 95 300
327 84 94 96 95 300 105
327 94 96 95 300 105 84
328 117 118 301 106 129 119
328 118 301 106 129 119 117
328 301 106 129 119 117 118
328 106 129 119 117 118 301
328 129 119 117 118 301 106
328 119 117 118 301 106 129
329 122 121 302 107 130 120
329 121 302 107 130 120 122
329 302 107 130 120 122 121
329 107 130 120 122 121 302
329 130 120 122 121 302 107
329 120 122 121 302 107 130
330 123 124 303 108 131 125
330 124 303 108 131 125 123
330 303 108 131 125 123 124
330 108 131 125 123 124 303
330 131 125 123 124 303 108
330 125 123 124 303 108 131
331 128 127 304 109 132 126
331 127 304 109 132 126 128
331 304 109 132 126 128 127
331 109 132 126 128 127 304
331 132 126 128 127 304 109
331 126 128 127 304 109 132
332 136 135 305 110 133 139
332 135 305 110 133 139 136
332 305 110 133 139 136 135
332 110 133 139 136 135 305
332 133 139 136 135 305 110
332 139 136 135 305 110 133
333 138 137 306 111 134 140
333 137 306 111 134 140 138
333 306 111 134 140 138 137
333 111 134 140 138 137 306
333 134 140 138 137 306 111
333 140 138 137 306 111 134
334 145 144 307 112 152 143
334 144 307 112 152 143 145
334 307 112 152 143 145 144
334 112 152 143 145 144 307
334 152 143 145 144 307 112
334 143 145 144 307 112 152
335 146 147 308 113 153 148
335 147 308 113 153 148 146
335 308 113 153 148 146 147
335 113 153 148 146 147 308
335 153 148 146 147 308 113
335 148 146 147 308 113 153
336 151 150 309 114 154 149
336 150 309 114 154 149 151
336 309 114 154 149 151 150
336 114 154 149 151 150 309
336 154 149 151 150 309 114
336 149 151 150 309 114 154
337 158 157 310 115 155 161
337 157 310 115 155 161 158
337 310 115 155 161 158 157
337 115 155 161 158 157 310
337 155 161 158 157 310 115
337 161 158 157 310 115 155
338 160 159 311 116 156 162
338 159 311 116 156 162 160
338 311 116 156 162 160 159
338 116 156 162 160 159 311
338 156 162 160 159 311 116
338 162 160 159 311 116 156
339 165 166 312 207 169 163
339 166 312 207 169 163 165
339 312 207 169 163 165 166
339 207 169 163 165 166 312
339 169 163 165 166 312 207
339 163 165 166 312 207 169
340 167 168 313 208 170 164
340 168 313 208 170 164 167
340 313 208 170 164 167 168
340 208 170 164 167 168 313
340 170 164 167 168 313 208
340 164 167 168 313 208 170
341 -1 174 172 173 314 209
342 -1 175 177 176 315 210
343 178 179 316 211 171 180
343 179 316 211 171 180 178
343 316 211 171 180 178 179
343 211 171 180 178 179 316
343 171 180 178 179 316 211
343 180 178 179 316 211 171
344 185 186 318 213 189 183
344 186 318 213 189 183 185
344 318 213 189 183 185 186
344 213 189 183 185 186 318
344 189 183 185 186 318 213
344 183 185 186 318 213 189
345 187 188 319 214 190 184
345 188 319 214 190 184 187
345 319 214 190 184 187 188
345 214 190 184 187 188 319
345 190 184 187 188 319 214
345 184 187 188 319 214 190
346 195 196 320 215 191 197
346 196 320 215 191 197 195
346 320 215 191 197 195 196
346 215 191 197 195 196 320
346 191 197 195 196 320 215
346 197 195 196 320 215 191
347 200 199 321 216 192 198
347 199 321 216 192 198 200
347 321 216 192 198 200 199
347 216 192 198 200 199 321
347 192 198 200 199 321 216
347 198 200 199 321 216 192
348 201 202 322 217 193 203
348 202 322 217 193 203 201
348 322 217 193 203 201 202
348 217 193 203 201 202 322
348 193 203 201 202 322 217
348 203 201 202 322 217 193
349 206 205 323 218 194 204
349 205 323 218 194 204 206
349 323 218 194 204 206 205
349 218 194 204 206 205 323
349 194 204 206 205 323 218
349 204 206 205 323 218 194
350 227 228 324 219 236 229
350 228 324 219 236 229 227
350 324 219 236 229 227 228
350 219 236 229 227 228 324
350 236 229 227 228 324 219
350 229 227 228 324 219 236
351 232 231 325 220 237 230
351 231 325 220 237 230 232
351 325 220 237 230 232 231
351 220 237 230 232 231 325
351 237 230 232 231 325 220
351 230 232 231 325 220 237
352 243 242 328 221 240 245
352 242 328 221 240 245 243
352 328 221 240 245 243 242
352 221 240 245 243 242 328
352 240 245 243 242 328 221
352 245 243 242 328 221 240
353 247 248 330 222 258 249
353 248 330 222 258 249 247
353 330 222 258 249 247 248
353 222 258 249 247 248 330
353 258 249 247 248 330 222
353 249 247 248 330 222 258
354 -1 251 250 331 223 259
355 252 253 332 224 260 254
355 253 332 224 260 254 252
355 332 224 260 254 252 253
355 224 260 254 252 253 332
355 260 254 252 253 332 224
355 254 252 253 332 224 260
356 257 256 333 225 261 255
356 256 333 225 261 255 257
356 333 225 261 255 257 256
356 225 261 255 257 256 333
356 261 255 257 256 333 225
356 255 257 256 333 225 261
357 264 263 334 226 262 266
357 263 334 226 262 266 264
357 334 226 262 266 264 263
357 226 262 266 264 263 334
357 262 266 264 263 334 226
357 266 264 263 334 226 262
358 -1 337 433 388 379 380
359 381 382 338 434 389 383
359 382 338 434 389 383 381
359 338 434 389 383 381 382
359 434 389 383 381 382 338
359 389 383 381 382 338 434
359 383 381 382 338 434 389
360 386 385 339 435 390 384
360 385 339 435 390 384 386
360 339 435 390 384 386 385
360 435 390 384 386 385 339
360 390 384 386 385 339 435
360 384 386 385 339 435 390
361 -1 340 436 391 396 393
362 395 394 341 437 392 397
362 394 341 437 392 397 395
362 341 437 392 397 395 394
362 437 392 397 395 394 341
362 392 397 395 394 341 437
362 397 395 394 341 437 392
363 -1 343 441 406 401 402
364 -1 344 443 408 411 409
365 412 413 345 444 421 414
365 413 345 444 421 414 412
365 345 444 421 414 412 413
365 444 421 414 412 413 345
365 421 414 412 413 345 444
365 414 412 413 345 444 421
366 417 416 346 445 422 415
366 416 346 445 422 415 417
366 346 445 422 415 417 416
366 445 422 415 417 416 346
366 422 415 417 416 346 445
366 415 417 416 346 445 422
367 -1 348 447 424 419 420
368 428 427 349 448 425 430
368 427 349 448 425 430 428
368 349 448 425 430 428 427
368 448 425 430 428 427 349
368 425 430 428 427 349 448
368 430 428 427 349 448 425
369 -1 350 449 426 431 429
370 -1 351 450 469 459 456
371 458 457 352 451 470 460
371 457 352 451 470 460 458
371 352 451 470 460 458 457
371 451 470 460 458 457 352
371 470 460 458 457 352 451
371 460 458 457 352 451 470
372 -1 353 453 472 463 461
373 465 464 354 454 473 467
373 464 354 454 473 467 465
373 354 454 473 467 465 464
373 454 473 467 465 464 354
373 473 467 465 464 354 454
373 467 465 464 354 454 473
374 -1 355 455 474 468 466
375 -1 357 530 480 475 476
376 -1 485 483 482 361 534
377 490 489 362 535 497 488
377 489 362 535 497 488 490
377 362 535 497 488 490 489
377 535 497 488 490 489 362
377 497 488 490 489 362 535
377 488 490 489 362 535 497
378 491 492 363 536 498 493
378 492 363 536 498 493 491
378 363 536 498 493 491 492
378 536 498 493 491 492 363
378 498 493 491 492 363 536
378 493 491 492 363 536 498
379 496 495 364 537 499 494
379 495 364 537 499 494 496
379 364 537 499 494 496 495
379 537 499 494 496 495 364
379 499 494 496 495 364 537
379 494 496 495 364 537 499
380 503 502 365 538 500 506
380 502 365 538 500 506 503
380 365 538 500 506 503 502
380 538 500 506 503 502 365
380 500 506 503 502 365 538
380 506 503 502 365 538 500
381 505 504 366 539 501 507
381 504 366 539 501 507 505
381 366 539 501 507 505 504
381 539 501 507 505 504 366
381 501 507 505 504 366 539
381 507 505 504 366 539 501
382 508 509 367 540 519 510
382 509 367 540 519 510 508
382 367 540 519 510 508 509
382 540 519 510 508 509 367
382 519 510 508 509 367 540
382 510 508 509 367 540 519
383 -1 512 511 368 541 520
384 513 514 369 542 521 515
384 514 369 542 521 515 513
384 369 542 521 515 513 514
384 542 521 515 513 514 369
384 521 515 513 514 369 542
384 515 513 514 369 542 521
385 518 517 370 543 522 516
385 517 370 543 522 516 518
385 370 543 522 516 518 517
385 543 522 516 518 517 370
385 522 516 518 517 370 543
385 516 518 517 370 543 522
386 525 524 371 544 523 527
386 524 371 544 523 527 525
386 371 544 523 527 525 524
386 544 523 527 525 524 371
386 523 527 525 524 371 544
386 527 525 524 371 544 523
387 -1 373 546 564 554 551
388 553 552 374 547 565 555
388 552 374 547 565 555 553
388 374 547 565 555 553 552
388 547 565 555 553 552 374
388 565 555 553 552 374 547
388 555 553 552 374 547 565
389 -1 375 548 567 558 556
390 560 559 376 549 568 562
390 559 376 549 568 562 560
390 376 549 568 562 560 559
390 549 568 562 560 559 376
390 568 562 560 559 376 549
390 562 560 559 376 549 568
391 -1 377 550 569 563 561
392 -1 379 25 5 2 3
393 -1 380 26 6 9 8
394 -1 393 39 50 45 44
395 -1 48 47 395 41 52
396 55 56 398 117 62 57
396 56 398 117 62 57 55
396 398 117 62 57 55 56
396 117 62 57 55 56 398
396 62 57 55 56 398 117
396 57 55 56 398 117 62
397 -1 122 67 72 70 69
398 -1 123 85 75 73 74
399 -1 124 86 76 78 77
400 79 80 400 125 87 81
400 80 400 125 87 81 79
400 400 125 87 81 79 80
400 125 87 81 79 80 400
400 87 81 79 80 400 125
400 81 79 80 400 125 87
401 84 83 401 126 88 82
401 83 401 126 88 82 84
401 401 126 88 82 84 83
401 126 88 82 84 83 401
401 88 82 84 83 401 126
401 82 84 83 401 126 88
402 -1 127 89 95 92 91
403 94 93 402 128 90 96
403 93 402 128 90 96 94
403 402 128 90 96 94 93
403 128 90 96 94 93 402
403 90 96 94 93 402 128
403 96 94 93 402 128 90
404 -1 404 130 107 98 99
405 100 101 405 131 108 102
405 101 405 131 108 102 100
405 405 131 108 102 100 101
405 131 108 102 100 101 405
405 108 102 100 101 405 131
405 102 100 101 405 131 108
406 105 104 406 132 109 103
406 104 406 132 109 103 105
406 406 132 109 103 105 104
406 132 109 103 105 104 406
406 109 103 105 104 406 132
406 103 105 104 406 132 109
407 -1 407 133 110 115 112
408 114 113 408 134 111 116
408 113 408 134 111 116 114
408 408 134 111 116 114 113
408 134 111 116 114 113 408
408 111 116 114 113 408 134
408 116 114 113 408 134 111
409 -1 136 158 145 143 142
410 -1 137 159 150 147 146
411 149 148 409 138 160 151
411 148 409 138 160 151 149
411 409 138 160 151 149 148
411 138 160 151 149 148 409
411 160 151 149 148 409 138
411 151 149 148 409 138 160
412 -1 410 139 161 155 152
413 154 153 411 140 162 156
413 153 411 140 162 156 154
413 411 140 162 156 154 153
413 140 162 156 154 153 411
413 162 156 154 153 411 140
413 156 154 153 411 140 162
414 163 164 412 227 172 165
414 164 412 227 172 165 163
414 412 227 172 165 163 164
414 227 172 165 163 164 412
414 172 165 163 164 412 227
414 165 163 164 412 227 172
415 168 167 413 228 173 166
415 167 413 228 173 166 168
415 413 228 173 166 168 167
415 228 173 166 168 167 413
415 173 166 168 167 413 228
415 166 168 167 413 228 173
416 -1 169 170 414 229 174
417 179 178 416 231 176 181
417 178 416 231 176 181 179
417 416 231 176 181 179 178
417 231 176 181 179 178 416
417 176 181 179 178 416 231
417 181 179 178 416 231 176
418 -1 180 417 232 177 182
419 189 190 418 233 197 191
419 190 418 233 197 191 189
419 418 233 197 191 189 190
419 233 197 191 189 190 418
419 197 191 189 190 418 233
419 191 189 190 418 233 197
420 194 193 419 234 198 192
420 193 419 234 198 192 194
420 419 234 198 192 194 193
420 234 198 192 194 193 419
420 198 192 194 193 419 234
420 192 194 193 419 234 198
421 204 203 420 235 200 206
421 203 420 235 200 206 204
421 420 235 200 206 204 203
421 235 200 206 204 203 420
421 200 206 204 203 420 235
421 206 204 203 420 235 200
422 207 208 421 236 219 209
422 208 421 236 219 209 207
422 421 236 219 209 207 208
422 236 219 209 207 208 421
422 219 209 207 208 421 236
422 209 207 208 421 236 219
423 212 211 422 237 220 210
423 211 422 237 220 210 212
423 422 237 220 210 212 211
423 237 220 210 212 211 422
423 220 210 212 211 422 237
423 210 212 211 422 237 220
424 -1 215 213 214 423 238
425 -1 216 218 217 424 239
426 223 222 425 240 221 226
426 222 425 240 221 226 223
426 425 240 221 226 223 222
426 240 221 226 223 222 425
426 221 226 223 222 425 240
426 226 223 222 425 240 221
427 248 247 427 242 263 250
427 247 427 242 263 250 248
427 427 242 263 250 248 247
427 242 263 250 248 247 427
427 263 250 248 247 427 242
427 250 248 247 427 242 263
428 -1 249 428 243 264 251
429 255 254 429 244 265 257
429 254 429 244 265 257 255
429 429 244 265 257 255 254
429 244 265 257 255 254 429
429 265 257 255 254 429 244
429 257 255 254 429 244 265
430 259 258 430 245 266 262
430 258 430 245 266 262 259
430 430 245 266 262 259 258
430 245 266 262 259 258 430
430 266 262 259 258 430 245
430 262 259 258 430 245 266
431 -1 261 260 431 246 267
432 268 269 432 336 280 270
432 269 432 336 280 270 268
432 432 336 280 270 268 269
432 336 280 270 268 269 432
432 280 270 268 269 432 336
432 270 268 269 432 336 280
433 273 272 433 337 281 271
433 272 433 337 281 271 273
433 433 337 281 271 273 272
433 337 281 271 273 272 433
433 281 271 273 272 433 337
433 271 273 272 433 337 281
434 274 275 434 338 282 276
434 275 434 338 282 276 274
434 434 338 282 276 274 275
434 338 282 276 274 275 434
434 282 276 274 275 434 338
434 276 274 275 434 338 282
435 279 278 435 339 283 277
435 278 435 339 283 277 279
435 435 339 283 277 279 278
435 339 283 277 279 278 435
435 283 277 279 278 435 339
435 277 279 278 435 339 283
436 287 286 436 340 284 290
436 286 436 340 284 290 287
436 436 340 284 290 287 286
436 340 284 290 287 286 436
436 284 290 287 286 436 340
436 290 287 286 436 340 284
437 289 288 437 341 285 291
437 288 437 341 285 291 289
437 437 341 285 291 289 288
437 341 285 291 289 288 437
437 285 291 289 288 437 341
437 291 289 288 437 341 285
438 295 296 440 342 303 297
438 296 440 342 303 297 295
438 440 342 303 297 295 296
438 342 303 297 295 296 440
438 303 297 295 296 440 342
438 297 295 296 440 342 303
439 300 299 441 343 304 298
439 299 441 343 304 298 300
439 441 343 304 298 300 299
439 343 304 298 300 299 441
439 304 298 300 299 441 343
439 298 300 299 441 343 304
440 309 308 443 344 306 311
440 308 443 344 306 311 309
440 443 344 306 311 309 308
440 344 306 311 309 308 443
440 306 311 309 308 443 344
440 311 309 308 443 344 306
441 312 313 444 345 324 314
441 313 444 345 324 314 312
441 444 345 324 314 312 313
441 345 324 314 312 313 444
441 324 314 312 313 444 345
441 314 312 313 444 345 324
442 317 316 445 346 325 315
442 316 445 346 325 315 317
442 445 346 325 315 317 316
442 346 325 315 317 316 445
442 325 315 317 316 445 346
442 315 317 316 445 346 325
443 318 319 446 347 326 320
443 319 446 347 326 320 318
443 446 347 326 320 318 319
443 347 326 320 318 319 446
443 326 320 318 319 446 347
443 320 318 319 446 347 326
444 323 322 447 348 327 321
444 322 447 348 327 321 323
444 447 348 327 321 323 322
444 348 327 321 323 322 447
444 327 321 323 322 447 348
444 321 323 322 447 348 327
445 331 330 448 349 328 334
445 330 448 349 328 334 331
445 448 349 328 334 331 330
445 349 328 334 331 330 448
445 328 334 331 330 448 349
445 334 331 330 448 349 328
446 333 332 449 350 329 335
446 332 449 350 329 335 333
446 449 350 329 335 333 332
446 350 329 335 333 332 449
446 329 335 333 332 449 350
446 335 333 332 449 350 329
447 357 356 450 351 373 360
447 356 450 351 373 360 357
447 450 351 373 360 357 356
447 351 373 360 357 356 450
447 373 360 357 356 450 351
447 360 357 356 450 351 373
448 359 358 451 352 374 361
448 358 451 352 374 361 359
448 451 352 374 361 359 358
448 352 374 361 359 358 451
448 374 361 359 358 451 352
448 361 359 358 451 352 374
449 364 363 453 353 375 366
449 363 453 353 375 366 364
449 453 353 375 366 364 363
449 353 375 366 364 363 453
449 375 366 364 363 453 353
449 366 364 363 453 353 375
450 368 367 454 354 376 371
450 367 454 354 376 371 368
450 454 354 376 371 368 367
450 354 376 371 368 367 454
450 376 371 368 367 454 354
450 371 368 367 454 354 376
451 370 369 455 355 377 372
451 369 455 355 377 372 370
451 455 355 377 372 370 369
451 355 377 372 370 369 455
451 377 372 370 369 455 355
451 372 370 369 455 355 377
452 -1 456 551 481 476 475
453 -1 479 478 458 553 483
454 494 493 461 556 505 496
454 493 461 556 505 496 494
454 461 556 505 496 494 493
454 556 505 496 494 493 461
454 505 496 494 493 461 556
454 496 494 493 461 556 505
455 -1 462 557 506 500 497
456 499 498 463 558 507 501
456 498 463 558 507 501 499
456 463 558 507 501 499 498
456 558 507 501 499 498 463
456 507 501 499 498 463 558
456 501 499 498 463 558 507
457 509 508 464 559 524 511
457 508 464 559 524 511 509
457 464 559 524 511 509 508
457 559 524 511 509 508 464
457 524 511 509 508 464 559
457 511 509 508 464 559 524
458 -1 510 465 560 525 512
459 516 515 466 561 526 518
459 515 466 561 526 518 516
459 466 561 526 518 516 515
459 561 526 518 516 515 466
459 526 518 516 515 466 561
459 518 516 515 466 561 526
460 520 519 467 562 527 523
460 519 467 562 527 523 520
460 467 562 527 523 520 519
460 562 527 523 520 519 467
460 527 523 520 519 467 562
460 523 520 519 467 562 527
461 -1 522 521 468 563 528
462 530 529 469 564 546 533
462 529 469 564 546 533 530
462 469 564 546 533 530 529
462 564 546 533 530 529 469
462 546 533 530 529 469 564
462 533 530 529 469 564 546
463 532 531 470 565 547 534
463 531 470 565 547 534 532
463 470 565 547 534 532 531
463 565 547 534 532 531 470
463 547 534 532 531 470 565
463 534 532 531 470 565 547
464 537 536 472 567 548 539
464 536 472 567 548 539 537
464 472 567 548 539 537 536
464 567 548 539 537 536 472
464 548 539 537 536 472 567
464 539 537 536 472 567 548
465 541 540 473 568 549 544
465 540 473 568 549 544 541
465 473 568 549 544 541 540
465 568 549 544 541 540 473
465 549 544 541 540 473 568
465 544 541 540 473 568 549
466 543 542 474 569 550 545
466 542 474 569 550 545 543
466 474 569 550 545 543 542
466 569 550 545 543 542 474
466 550 545 543 542 474 569
466 545 543 542 474 569 550
467 2 1 475 44 8 3
467 1 475 44 8 3 2
467 475 44 8 3 2 1
467 44 8 3 2 1 475
467 8 3 2 1 475 44
467 3 2 1 475 44 8
468 5 4 476 45 9 6
468 4 476 45 9 6 5
468 476 45 9 6 5 4
468 45 9 6 5 4 476
468 9 6 5 4 476 45
468 6 5 4 476 45 9
469 11 10 477 46 16 12
469 10 477 46 16 12 11
469 477 46 16 12 11 10
469 46 16 12 11 10 477
469 16 12 11 10 477 46
469 12 11 10 477 46 16
470 14 13 478 47 17 15
470 13 478 47 17 15 14
470 478 47 17 15 14 13
470 47 17 15 14 13 478
470 17 15 14 13 478 47
470 15 14 13 478 47 17
471 19 18 480 49 23 20
471 18 480 49 23 20 19
471 480 49 23 20 19 18
471 49 23 20 19 18 480
471 23 20 19 18 480 49
471 20 19 18 480 49 23
472 25 24 481 50 39 26
472 24 481 50 39 26 25
472 481 50 39 26 25 24
472 50 39 26 25 24 481
472 39 26 25 24 481 50
472 26 25 24 481 50 39
473 28 27 482 51 40 31
473 27 482 51 40 31 28
473 482 51 40 31 28 27
473 51 40 31 28 27 482
473 40 31 28 27 482 51
473 31 28 27 482 51 40
474 30 29 483 52 41 32
474 29 483 52 41 32 30
474 483 52 41 32 30 29
474 52 41 32 30 29 483
474 41 32 30 29 483 52
474 32 30 29 483 52 41
475 34 33 484 53 42 37
475 33 484 53 42 37 34
475 484 53 42 37 34 33
475 53 42 37 34 33 484
475 42 37 34 33 484 53
475 37 34 33 484 53 42
476 36 35 485 54 43 38
476 35 485 54 43 38 36
476 485 54 43 38 36 35
476 54 43 38 36 35 485
476 43 38 36 35 485 54
476 38 36 35 485 54 43
477 56 55 486 141 68 58
477 55 486 141 68 58 56
477 486 141 68 58 56 55
477 141 68 58 56 55 486
477 68 58 56 55 486 141
477 58 56 55 486 141 68
478 60 59 488 143 70 61
478 59 488 143 70 61 60
478 488 143 70 61 60 59
478 143 70 61 60 59 488
478 70 61 60 59 488 143
478 61 60 59 488 143 70
479 63 62 489 144 71 66
479 62 489 144 71 66 63
479 489 144 71 66 63 62
479 144 71 66 63 62 489
479 71 66 63 62 489 144
479 66 63 62 489 144 71
480 65 64 490 145 72 67
480 64 490 145 72 67 65
480 490 145 72 67 65 64
480 145 72 67 65 64 490
480 72 67 65 64 490 145
480 67 65 64 490 145 72
481 74 73 491 146 91 77
481 73 491 146 91 77 74
481 491 146 91 77 74 73
481 146 91 77 74 73 491
481 91 77 74 73 491 146
481 77 74 73 491 146 91
482 76 75 492 147 92 78
482 75 492 147 92 78 76
482 492 147 92 78 76 75
482 147 92 78 76 75 492
482 92 78 76 75 492 147
482 78 76 75 492 147 92
483 80 79 493 148 93 83
483 79 493 148 93 83 80
483 493 148 93 83 80 79
483 148 93 83 80 79 493
483 93 83 80 79 493 148
483 83 80 79 493 148 93
484 82 81 494 149 94 84
484 81 494 149 94 84 82
484 494 149 94 84 82 81
484 149 94 84 82 81 494
484 94 84 82 81 494 149
484 84 82 81 494 149 94
485 86 85 495 150 95 89
485 85 495 150 95 89 86
485 495 150 95 89 86 85
485 150 95 89 86 85 495
485 95 89 86 85 495 150
485 89 86 85 495 150 95
486 88 87 496 151 96 90
486 87 496 151 96 90 88
486 496 151 96 90 88 87
486 151 96 90 88 87 496
486 96 90 88 87 496 151
486 90 88 87 496 151 96
487 98 97 497 152 112 99
487 97 497 152 112 99 98
487 497 152 112 99 98 97
487 152 112 99 98 97 497
487 112 99 98 97 497 152
487 99 98 97 497 152 112
488 101 100 498 153 113 104
488 100 498 153 113 104 101
488 498 153 113 104 101 100
488 153 113 104 101 100 498
488 113 104 101 100 498 153
488 104 101 100 498 153 113
489 103 102 499 154 114 105
489 102 499 154 114 105 103
489 499 154 114 105 103 102
489 154 114 105 103 102 499
489 114 105 103 102 499 154
489 105 103 102 499 154 114
490 107 106 500 155 115 110
490 106 500 155 115 110 107
490 500 155 115 110 107 106
490 155 115 110 107 106 500
490 115 110 107 106 500 155
490 110 107 106 500 155 115
491 109 108 501 156 116 111
491 108 501 156 116 111 109
491 501 156 116 111 109 108
491 156 116 111 109 108 501
491 116 111 109 108 501 156
491 111 109 108 501 156 116
492 118 117 502 157 135 121
492 117 502 157 135 121 118
492 502 157 135 121 118 117
492 157 135 121 118 117 502
492 135 121 118 117 502 157
492 121 118 117 502 157 135
493 120 119 503 158 136 122
493 119 503 158 136 122 120
493 503 158 136 122 120 119
493 158 136 122 120 119 503
493 136 122 120 119 503 158
493 122 120 119 503 158 136
494 124 123 504 159 137 127
494 123 504 159 137 127 124
494 504 159 137 127 124 123
494 159 137 127 124 123 504
494 137 127 124 123 504 159
494 127 124 123 504 159 137
495 126 125 505 160 138 128
495 125 505 160 138 128 126
495 505 160 138 128 126 125
495 160 138 128 126 125 505
495 138 128 126 125 505 160
495 128 126 125 505 160 138
496 130 129 506 161 139 133
496 129 506 161 139 133 130
496 506 161 139 133 130 129
496 161 139 133 130 129 506
496 139 133 130 129 506 161
496 133 130 129 506 161 139
497 132 131 507 162 140 134
497 131 507 162 140 134 132
497 507 162 140 134 132 131
497 162 140 134 132 131 507
497 140 134 132 131 507 162
497 134 132 131 507 162 140
498 164 163 508 247 178 167
498 163 508 247 178 167 164
498 508 247 178 167 164 163
498 247 178 167 164 163 508
498 178 167 164 163 508 247
498 167 164 163 508 247 178
499 166 165 509 248 179 168
499 165 509 248 179 168 166
499 509 248 179 168 166 165
499 248 179 168 166 165 509
499 179 168 166 165 509 248
499 168 166 165 509 248 179
500 170 169 510 249 180 171
500 169 510 249 180 171 170
500 510 249 180 171 170 169
500 249 180 171 170 169 510
500 180 171 170 169 510 249
500 171 170 169 510 249 180
501 173 172 511 250 181 176
501 172 511 250 181 176 173
501 511 250 181 176 173 172
501 250 181 176 173 172 511
501 181 176 173 172 511 250
501 176 173 172 511 250 181
502 175 174 512 251 182 177
502 174 512 251 182 177 175
502 512 251 182 177 175 174
502 251 182 177 175 174 512
502 182 177 175 174 512 251
502 177 175 174 512 251 182
503 184 183 513 252 201 187
503 183 513 252 201 187 184
503 513 252 201 187 184 183
503 252 201 187 184 183 513
503 201 187 184 183 513 252
503 187 184 183 513 252 201
504 186 185 514 253 202 188
504 185 514 253 202 188 186
504 514 253 202 188 186 185
504 253 202 188 186 185 514
504 202 188 186 185 514 253
504 188 186 185 514 253 202
505 190 189 515 254 203 193
505 189 515 254 203 193 190
505 515 254 203 193 190 189
505 254 203 193 190 189 515
505 203 193 190 189 515 254
505 193 190 189 515 254 203
506 192 191 516 255 204 194
506 191 516 255 204 194 192
506 516 255 204 194 192 191
506 255 204 194 192 191 516
506 204 194 192 191 516 255
506 194 192 191 516 255 204
507 196 195 517 256 205 199
507 195 517 256 205 199 196
507 517 256 205 199 196 195
507 256 205 199 196 195 517
507 205 199 196 195 517 256
507 199 196 195 517 256 205
508 198 197 518 257 206 200
508 197 518 257 206 200 198
508 518 257 206 200 198 197
508 257 206 200 198 197 518
508 206 200 198 197 518 257
508 200 198 197 518 257 206
509 208 207 519 258 222 211
509 207 519 258 222 211 208
509 519 258 222 211 208 207
509 258 222 211 208 207 519
509 222 211 208 207 519 258
509 211 208 207 519 258 222
510 210 209 520 259 223 212
510 209 520 259 223 212 210
510 520 259 223 212 210 209
510 259 223 212 210 209 520
510 223 212 210 209 520 259
510 212 210 209 520 259 223
511 214 213 521 260 224 217
511 213 521 260 224 217 214
511 521 260 224 217 214 213
511 260 224 217 214 213 521
511 224 217 214 213 521 260
511 217 214 213 521 260 224
512 216 215 522 261 225 218
512 215 522 261 225 218 216
512 522 261 225 218 216 215
512 261 225 218 216 215 522
512 225 218 216 215 522 261
512 218 216 215 522 261 225
513 220 219 523 262 226 221
513 219 523 262 226 221 220
513 523 262 226 221 220 219
513 262 226 221 220 219 523
513 226 221 220 219 523 262
513 221 220 219 523 262 226
514 228 227 524 263 242 231
514 227 524 263 242 231 228
514 524 263 242 231 228 227
514 263 242 231 228 227 524
514 242 231 228 227 524 263
514 231 228 227 524 263 242
515 230 229 525 264 243 232
515 229 525 264 243 232 230
515 525 264 243 232 230 229
515 264 243 232 230 229 525
515 243 232 230 229 525 264
515 232 230 229 525 264 243
516 234 233 526 265 244 235
516 233 526 265 244 235 234
516 526 265 244 235 234 233
516 265 244 235 234 233 526
516 244 235 234 233 526 265
516 235 234 233 526 265 244
517 237 236 527 266 245 240
517 236 527 266 245 240 237
517 527 266 245 240 237 236
517 266 245 240 237 236 527
517 245 240 237 236 527 266
517 240 237 236 527 266 245
518 239 238 528 267 246 241
518 238 528 267 246 241 239
518 528 267 246 241 239 238
518 267 246 241 239 238 528
518 246 241 239 238 528 267
518 241 239 238 528 267 246
519 269 268 529 356 286 272
519 268 529 356 286 272 269
519 529 356 286 272 269 268
519 356 286 272 269 268 529
519 286 272 269 268 529 356
519 272 269 268 529 356 286
520 271 270 530 357 287 273
520 270 530 357 287 273 271
520 530 357 287 273 271 270
520 357 287 273 271 270 530
520 287 273 271 270 530 357
520 273 271 270 530 357 287
521 275 274 531 358 288 278
521 274 531 358 288 278 275
521 531 358 288 278 275 274
521 358 288 278 275 274 531
521 288 278 275 274 531 358
521 278 275 274 531 358 288
522 277 276 532 359 289 279
522 276 532 359 289 279 277
522 532 359 289 279 277 276
522 359 289 279 277 276 532
522 289 279 277 276 532 359
522 279 277 276 532 359 289
523 281 280 533 360 290 284
523 280 533 360 290 284 281
523 533 360 290 284 281 280
523 360 290 284 281 280 533
523 290 284 281 280 533 360
523 284 281 280 533 360 290
524 283 282 534 361 291 285
524 282 534 361 291 285 283
524 534 361 291 285 283 282
524 361 291 285 283 282 534
524 291 285 283 282 534 361
524 285 283 282 534 361 291
525 293 292 535 362 307 294
525 292 535 362 307 294 293
525 535 362 307 294 293 292
525 362 307 294 293 292 535
525 307 294 293 292 535 362
525 294 293 292 535 362 307
526 296 295 536 363 308 299
526 295 536 363 308 299 296
526 536 363 308 299 296 295
526 363 308 299 296 295 536
526 308 299 296 295 536 363
526 299 296 295 536 363 308
527 298 297 537 364 309 300
527 297 537 364 309 300 298
527 537 364 309 300 298 297
527 364 309 300 298 297 537
527 309 300 298 297 537 364
527 300 298 297 537 364 309
528 302 301 538 365 310 305
528 301 538 365 310 305 302
528 538 365 310 305 302 301
528 365 310 305 302 301 538
528 310 305 302 301 538 365
528 305 302 301 538 365 310
529 304 303 539 366 311 306
529 303 539 366 311 306 304
529 539 366 311 306 304 303
529 366 311 306 304 303 539
529 311 306 304 303 539 366
529 306 304 303 539 366 311
530 313 312 540 367 330 316
530 312 540 367 330 316 313
530 540 367 330 316 313 312
530 367 330 316 313 312 540
530 330 316 313 312 540 367
530 316 313 312 540 367 330
531 315 314 541 368 331 317
531 314 541 368 331 317 315
531 541 368 331 317 315 314
531 368 331 317 315 314 541
531 331 317 315 314 541 368
531 317 315 314 541 368 331
532 319 318 542 369 332 322
532 318 542 369 332 322 319
532 542 369 332 322 319 318
532 369 332 322 319 318 542
532 332 322 319 318 542 369
532 322 319 318 542 369 332
533 321 320 543 370 333 323
533 320 543 370 333 323 321
533 543 370 333 323 321 320
533 370 333 323 321 320 543
533 333 323 321 320 543 370
533 323 321 320 543 370 333
534 325 324 544 371 334 328
534 324 544 371 334 328 325
534 544 371 334 328 325 324
534 371 334 328 325 324 544
534 334 328 325 324 544 371
534 328 325 324 544 371 334
535 327 326 545 372 335 329
535 326 545 372 335 329 327
535 545 372 335 329 327 326
535 372 335 329 327 326 545
535 335 329 327 326 545 372
535 329 327 326 545 372 335
536 337 336 546 373 351 340
536 336 546 373 351 340 337
536 546 373 351 340 337 336
536 373 351 340 337 336 546
536 351 340 337 336 546 373
536 340 337 336 546 373 351
537 339 338 547 374 352 341
537 338 547 374 352 341 339
537 547 374 352 341 339 338
537 374 352 341 339 338 547
537 352 341 339 338 547 374
537 341 339 338 547 374 352
538 343 342 548 375 353 344
538 342 548 375 353 344 343
538 548 375 353 344 343 342
538 375 353 344 343 342 548
538 353 344 343 342 548 375
538 344 343 342 548 375 353
539 346 345 549 376 354 349
539 345 549 376 354 349 346
539 549 376 354 349 346 345
539 376 354 349 346 345 549
539 354 349 346 345 549 376
539 349 346 345 549 376 354
540 348 347 550 377 355 350
540 347 550 377 355 350 348
540 550 377 355 350 348 347
540 377 355 350 348 347 550
540 355 350 348 347 550 377
540 350 348 347 550 377 355
541 379 378 551 456 393 380
541 378 551 456 393 380 379
541 551 456 393 380 379 378
541 456 393 380 379 378 551
541 393 380 379 378 551 456
541 380 379 378 551 456 393
542 382 381 552 457 394 385
542 381 552 457 394 385 382
542 552 457 394 385 382 381
542 457 394 385 382 381 552
542 394 385 382 381 552 457
542 385 382 381 552 457 394
543 384 383 553 458 395 386
543 383 553 458 395 386 384
543 553 458 395 386 384 383
543 458 395 386 384 383 553
543 395 386 384 383 553 458
543 386 384 383 553 458 395
544 388 387 554 459 396 391
544 387 554 459 396 391 388
544 554 459 396 391 388 387
544 459 396 391 388 387 554
544 396 391 388 387 554 459
544 391 388 387 554 459 396
545 390 389 555 460 397 392
545 389 555 460 397 392 390
545 555 460 397 392 390 389
545 460 397 392 390 389 555
545 397 392 390 389 555 460
545 392 390 389 555 460 397
546 401 400 556 461 409 402
546 400 556 461 409 402 401
546 556 461 409 402 401 400
546 461 409 402 401 400 556
546 409 402 401 400 556 461
546 402 401 400 556 461 409
547 404 403 557 462 410 407
547 403 557 462 410 407 404
547 557 462 410 407 404 403
547 462 410 407 404 403 557
547 410 407 404 403 557 462
547 407 404 403 557 462 410
548 406 405 558 463 411 408
548 405 558 463 411 408 406
548 558 463 411 408 406 405
548 463 411 408 406 405 558
548 411 408 406 405 558 463
548 408 406 405 558 463 411
549 413 412 559 464 427 416
549 412 559 464 427 416 413
549 559 464 427 416 413 412
549 464 427 416 413 412 559
549 427 416 413 412 559 464
549 416 413 412 559 464 427
550 415 414 560 465 428 417
550 414 560 465 428 417 415
550 560 465 428 417 415 414
550 465 428 417 415 414 560
550 428 417 415 414 560 465
550 417 415 414 560 465 428
551 419 418 561 466 429 420
551 418 561 466 429 420 419
551 561 466 429 420 419 418
551 466 429 420 419 418 561
551 429 420 419 418 561 466
551 420 419 418 561 466 429
552 422 421 562 467 430 425
552 421 562 467 430 425 422
552 562 467 430 425 422 421
552 467 430 425 422 421 562
552 430 425 422 421 562 467
552 425 422 421 562 467 430
553 424 423 563 468 431 426
553 423 563 468 431 426 424
553 563 468 431 426 424 423
553 468 431 426 424 423 563
553 431 426 424 423 563 468
553 426 424 423 563 468 431
554 433 432 564 469 450 436
554 432 564 469 450 436 433
554 564 469 450 436 433 432
554 469 450 436 433 432 564
554 450 436 433 432 564 469
554 436 433 432 564 469 450
555 435 434 565 470 451 437
555 434 565 470 451 437 435
555 565 470 451 437 435 434
555 470 451 437 435 434 565
555 451 437 435 434 565 470
555 437 435 434 565 470 451
556 439 438 566 471 452 442
556 438 566 471 452 442 439
556 566 471 452 442 439 438
556 471 452 442 439 438 566
556 452 442 439 438 566 471
556 442 439 438 566 471 452
557 441 440 567 472 453 443
557 440 567 472 453 443 441
557 567 472 453 443 441 440
557 472 453 443 441 440 567
557 453 443 441 440 567 472
557 443 441 440 567 472 453
558 445 444 568 473 454 448
558 444 568 473 454 448 445
558 568 473 454 448 445 444
558 473 454 448 445 444 568
558 454 448 445 444 568 473
558 448 445 444 568 473 454
559 447 446 569 474 455 449
559 446 569 474 455 449 447
559 569 474 455 449 447 446
559 474 455 449 447 446 569
559 455 449 447 446 569 474
559 449 447 446 569 474 455
