570 2662 557 5
0 476 0 119 314 236 454
0 0 119 314 236 454 476
0 119 314 236 454 476 0
0 314 236 454 476 0 119
0 236 454 476 0 119 314
0 454 476 0 119 314 236
1 366 1 121 319 257 548
1 1 121 319 257 548 366
1 121 319 257 548 366 1
1 319 257 548 366 1 121
1 257 548 366 1 121 319
1 548 366 1 121 319 257
2 477 2 125 337 428 241
2 2 125 337 428 241 477
2 125 337 428 241 477 2
2 337 428 241 477 2 125
2 428 241 477 2 125 337
2 241 477 2 125 337 428
3 157 3 127 343 465 507
3 3 127 343 465 507 157
3 127 343 465 507 157 3
3 343 465 507 157 3 127
3 465 507 157 3 127 343
3 507 157 3 127 343 465
4 367 4 131 358 523 221
4 4 131 358 523 221 367
4 131 358 523 221 367 4
4 358 523 221 367 4 131
4 523 221 367 4 131 358
4 221 367 4 131 358 523
5 158 5 133 364 559 410
5 5 133 364 559 410 158
5 133 364 559 410 158 5
5 364 559 410 158 5 133
5 559 410 158 5 133 364
5 410 158 5 133 364 559
6 368 9 153 540 310 222
6 9 153 540 310 222 368
6 153 540 310 222 368 9
6 540 310 222 368 9 153
6 310 222 368 9 153 540
6 222 368 9 153 540 310
7 161 10 155 546 333 411
7 10 155 546 333 411 161
7 155 546 333 411 161 10
7 546 333 411 161 10 155
7 333 411 161 10 155 546
7 411 161 10 155 546 333
8 -1 192 132 361 549 369
9 -1 199 154 543 323 370
10 479 15 213 331 404 140
10 15 213 331 404 140 479
10 213 331 404 140 479 15
10 331 404 140 479 15 213
10 404 140 479 15 213 331
10 140 479 15 213 331 404
11 74 16 215 341 459 490
11 16 215 341 459 490 74
11 215 341 459 490 74 16
11 341 459 490 74 16 215
11 459 490 74 16 215 341
11 490 74 16 215 341 459
12 75 17 220 362 553 386
12 17 220 362 553 386 75
12 220 362 553 386 75 17
12 362 553 386 75 17 220
12 553 386 75 17 220 362
12 386 75 17 220 362 553
13 -1 232 408 150 528 264
14 -1 239 463 500 110 265
15 -1 250 504 122 324 373
16 76 18 256 544 327 387
16 18 256 544 327 387 76
16 256 544 327 387 76 18
16 544 327 387 76 18 256
16 327 387 76 18 256 544
16 387 76 18 256 544 327
17 -1 260 557 398 111 266
18 480 19 286 104 237 457
18 19 286 104 237 457 480
18 286 104 237 457 480 19
18 104 237 457 480 19 286
18 237 457 480 19 286 104
18 457 480 19 286 104 237
19 375 20 288 109 258 551
19 20 288 109 258 551 375
19 288 109 258 551 375 20
19 109 258 551 375 20 288
19 258 551 375 20 288 109
19 551 375 20 288 109 258
20 -1 429 243 481 21 292
21 -1 466 509 163 22 294
22 376 23 298 148 524 223
22 23 298 148 524 223 376
22 298 148 524 223 376 23
22 148 524 223 376 23 298
22 524 223 376 23 298 148
22 223 376 23 298 148 524
23 -1 560 412 164 24 300
24 -1 309 200 156 552 377
25 482 25 313 231 405 141
25 25 313 231 405 141 482
25 313 231 405 141 482 25
25 231 405 141 482 25 313
25 405 141 482 25 313 231
25 141 482 25 313 231 405
26 77 26 315 238 460 491
26 26 315 238 460 491 77
26 315 238 460 491 77 26
26 238 460 491 77 26 315
26 460 491 77 26 315 238
26 491 77 26 315 238 460
27 -1 318 251 506 134 378
28 78 27 320 259 554 388
28 27 320 259 554 388 78
28 320 259 554 388 78 27
28 259 554 388 78 27 320
28 554 388 78 27 320 259
28 388 78 27 320 259 554
29 483 28 330 396 105 244
29 28 330 396 105 244 483
29 330 396 105 244 483 28
29 396 105 244 483 28 330
29 105 244 483 28 330 396
29 244 483 28 330 396 105
30 165 29 332 406 144 510
30 29 332 406 144 510 165
30 332 406 144 510 165 29
30 406 144 510 165 29 332
30 144 510 165 29 332 406
30 510 165 29 332 406 144
31 484 30 336 420 196 142
31 30 336 420 196 142 484
31 336 420 196 142 484 30
31 420 196 142 484 30 336
31 196 142 484 30 336 420
31 142 484 30 336 420 196
32 79 31 338 430 247 492
32 31 338 430 247 492 79
32 338 430 247 492 79 31
32 430 247 492 79 31 338
32 247 492 79 31 338 430
32 492 79 31 338 430 247
33 166 32 342 461 494 90
33 32 342 461 494 90 166
33 342 461 494 90 166 32
33 461 494 90 166 32 342
33 494 90 166 32 342 461
33 90 166 32 342 461 494
34 80 33 344 467 513 181
34 33 344 467 513 181 80
34 344 467 513 181 80 33
34 467 513 181 80 33 344
34 513 181 80 33 344 467
34 181 80 33 344 467 513
35 379 34 352 498 102 224
35 34 352 498 102 224 379
35 352 498 102 224 379 34
35 498 102 224 379 34 352
35 102 224 379 34 352 498
35 224 379 34 352 498 102
36 -1 357 517 193 135 380
37 81 36 359 525 227 389
37 36 359 525 227 389 81
37 359 525 227 389 81 36
37 525 227 389 81 36 359
37 227 389 81 36 359 525
37 389 81 36 359 525 227
38 168 37 363 555 392 91
38 37 363 555 392 91 168
38 363 555 392 91 168 37
38 555 392 91 168 37 363
38 392 91 168 37 363 555
38 91 168 37 363 555 392
39 82 38 365 561 416 182
39 38 365 561 416 182 82
39 365 561 416 182 82 38
39 561 416 182 82 38 365
39 416 182 82 38 365 561
39 182 82 38 365 561 416
40 -1 397 107 252 529 267
41 485 39 401 120 316 245
41 39 401 120 316 245 485
41 401 120 316 245 485 39
41 120 316 245 485 39 401
41 316 245 485 39 401 120
41 245 485 39 401 120 316
42 169 40 403 130 355 511
42 40 403 130 355 511 169
42 403 130 355 511 169 40
42 130 355 511 169 40 403
42 355 511 169 40 403 130
42 511 169 40 403 130 355
43 -1 407 146 518 201 268
44 170 41 409 152 537 301
44 41 409 152 537 301 170
44 409 152 537 301 170 41
44 152 537 301 170 41 409
44 537 301 170 41 409 152
44 301 170 41 409 152 537
45 486 42 419 191 129 348
45 42 419 191 129 348 486
45 419 191 129 348 486 42
45 191 129 348 486 42 419
45 129 348 486 42 419 191
45 348 486 42 419 191 129
46 269 43 421 198 151 530
46 43 421 198 151 530 269
46 421 198 151 530 269 43
46 198 151 530 269 43 421
46 151 530 269 43 421 198
46 530 269 43 421 198 151
47 -1 487 44 425 208 296
48 270 46 431 249 501 112
48 46 431 249 501 112 270
48 431 249 501 112 270 46
48 249 501 112 270 46 431
48 501 112 270 46 431 249
48 112 270 46 431 249 501
49 -1 47 433 253 532 279
50 488 48 440 287 106 246
50 48 440 287 106 246 488
50 440 287 106 246 488 48
50 287 106 246 488 48 440
50 106 246 488 48 440 287
50 246 488 48 440 287 106
51 171 49 442 297 145 512
51 49 442 297 145 512 171
51 442 297 145 512 171 49
51 297 145 512 171 49 442
51 145 512 171 49 442 297
51 512 171 49 442 297 145
52 489 50 446 308 197 143
52 50 446 308 197 143 489
52 446 308 197 143 489 50
52 308 197 143 489 50 446
52 197 143 489 50 446 308
52 143 489 50 446 308 197
53 83 51 448 317 248 493
53 51 448 317 248 493 83
53 448 317 248 493 83 51
53 317 248 493 83 51 448
53 248 493 83 51 448 317
53 493 83 51 448 317 248
54 172 52 451 351 495 92
54 52 451 351 495 92 172
54 451 351 495 92 172 52
54 351 495 92 172 52 451
54 495 92 172 52 451 351
54 92 172 52 451 351 495
55 84 53 453 356 514 183
55 53 453 356 514 183 84
55 453 356 514 183 84 53
55 356 514 183 84 53 453
55 514 183 84 53 453 356
55 183 84 53 453 356 514
56 -1 462 496 96 202 271
57 173 54 464 502 116 302
57 54 464 502 116 302 173
57 464 502 116 302 173 54
57 502 116 302 173 54 464
57 116 302 173 54 464 502
57 302 173 54 464 502 116
58 272 55 468 515 187 113
58 55 468 515 187 113 272
58 468 515 187 113 272 55
58 515 187 113 272 55 468
58 187 113 272 55 468 515
58 113 272 55 468 515 187
59 -1 56 470 519 204 280
60 174 57 473 533 283 93
60 57 473 533 283 93 174
60 473 533 283 93 174 57
60 533 283 93 174 57 473
60 283 93 174 57 473 533
60 93 174 57 473 533 283
61 85 58 475 538 304 184
61 58 475 538 304 184 85
61 475 538 304 184 85 58
61 538 304 184 85 58 475
61 304 184 85 58 475 538
61 184 85 58 475 538 304
62 381 59 503 118 311 225
62 59 503 118 311 225 381
62 503 118 311 225 381 59
62 118 311 225 381 59 503
62 311 225 381 59 503 118
62 225 381 59 503 118 311
63 175 60 505 124 334 414
63 60 505 124 334 414 175
63 505 124 334 414 175 60
63 124 334 414 175 60 505
63 334 414 175 60 505 124
63 414 175 60 505 124 334
64 -1 516 189 123 326 382
65 86 63 522 212 328 390
65 63 522 212 328 390 86
65 522 212 328 390 86 63
65 212 328 390 86 63 522
65 328 390 86 63 522 212
65 390 86 63 522 212 328
66 -1 526 229 399 114 274
67 384 64 534 285 103 226
67 64 534 285 103 226 384
67 534 285 103 226 384 64
67 285 103 226 384 64 534
67 103 226 384 64 534 285
67 226 384 64 534 285 103
68 -1 415 177 65 536 291
69 -1 539 306 194 136 385
70 87 66 541 312 228 391
70 66 541 312 228 391 87
70 541 312 228 391 87 66
70 312 228 391 87 66 541
70 228 391 87 66 541 312
70 391 87 66 541 312 228
71 178 67 545 329 393 94
71 67 545 329 393 94 178
71 545 329 393 94 178 67
71 329 393 94 178 67 545
71 393 94 178 67 545 329
71 94 178 67 545 329 393
72 88 68 547 335 417 185
72 68 547 335 417 185 88
72 547 335 417 185 88 68
72 335 417 185 88 68 547
72 417 185 88 68 547 335
72 185 88 68 547 335 417
73 -1 556 394 97 203 275
74 179 69 558 400 117 303
74 69 558 400 117 303 179
74 558 400 117 303 179 69
74 400 117 303 179 69 558
74 117 303 179 69 558 400
74 303 179 69 558 400 117
75 276 70 562 418 188 115
75 70 562 418 188 115 276
75 562 418 188 115 276 70
75 418 188 115 276 70 562
75 188 115 276 70 562 418
75 115 276 70 562 418 188
76 -1 71 564 424 205 282
77 180 72 567 439 284 95
77 72 567 439 284 95 180
77 567 439 284 95 180 72
77 439 284 95 180 72 567
77 284 95 180 72 567 439
77 95 180 72 567 439 284
78 89 73 569 445 305 186
78 73 569 445 305 186 89
78 569 445 305 186 89 73
78 445 305 186 89 73 569
78 305 186 89 73 569 445
78 186 89 73 569 445 305
79 -1 74 90 96 98 99
80 -1 75 91 97 100 101
81 -1 76 94 105 107 108
82 118 119 0 77 110 116
82 119 0 77 110 116 118
82 0 77 110 116 118 119
82 77 110 116 118 119 0
82 110 116 118 119 0 77
82 116 118 119 0 77 110
83 120 121 1 78 111 117
83 121 1 78 111 117 120
83 1 78 111 117 120 121
83 78 111 117 120 121 1
83 111 117 120 121 1 78
83 117 120 121 1 78 111
84 124 125 2 79 112 122
84 125 2 79 112 122 124
84 2 79 112 122 124 125
84 79 112 122 124 125 2
84 112 122 124 125 2 79
84 122 124 125 2 79 112
85 126 127 3 80 113 123
85 127 3 80 113 123 126
85 3 80 113 123 126 127
85 80 113 123 126 127 3
85 113 123 126 127 3 80
85 123 126 127 3 80 113
86 130 131 4 81 114 128
86 131 4 81 114 128 130
86 4 81 114 128 130 131
86 81 114 128 130 131 4
86 114 128 130 131 4 81
86 128 130 131 4 81 114
87 132 133 5 82 115 129
87 133 5 82 115 129 132
87 5 82 115 129 132 133
87 82 115 129 132 133 5
87 115 129 132 133 5 82
87 129 132 133 5 82 115
88 -1 86 140 144 146 147
89 152 153 9 87 141 150
89 153 9 87 141 150 152
89 9 87 141 150 152 153
89 87 141 150 152 153 9
89 141 150 152 153 9 87
89 150 152 153 9 87 141
90 154 155 10 88 142 151
90 155 10 88 142 151 154
90 10 88 142 151 154 155
90 88 142 151 154 155 10
90 142 151 154 155 10 88
90 151 154 155 10 88 142
91 -1 157 181 187 189 190
92 -1 158 182 188 191 192
93 -1 13 160 184 194 195
94 -1 161 185 196 198 199
95 -1 14 162 186 197 200
96 212 213 15 165 201 210
96 213 15 165 201 210 212
96 15 165 201 210 212 213
96 165 201 210 212 213 15
96 201 210 212 213 15 165
96 210 212 213 15 165 201
97 214 215 16 166 202 211
97 215 16 166 202 211 214
97 16 166 202 211 214 215
97 166 202 211 214 215 16
97 202 211 214 215 16 166
97 211 214 215 16 166 202
98 219 220 17 168 203 216
98 220 17 168 203 216 219
98 17 168 203 216 219 220
98 168 203 216 219 220 17
98 203 216 219 220 17 168
98 216 219 220 17 168 203
99 -1 169 221 227 229 230
100 -1 170 222 228 231 232
101 -1 173 225 236 238 239
102 -1 175 241 247 249 250
103 255 256 18 178 244 252
103 256 18 178 244 252 255
103 18 178 244 252 255 256
103 178 244 252 255 256 18
103 244 252 255 256 18 178
103 252 255 256 18 178 244
104 -1 179 245 257 259 260
105 285 286 19 262 277 283
105 286 19 262 277 283 285
105 19 262 277 283 285 286
105 262 277 283 285 286 19
105 277 283 285 286 19 262
105 283 285 286 19 262 277
106 287 288 20 263 278 284
106 288 20 263 278 284 287
106 20 263 278 284 287 288
106 263 278 284 287 288 20
106 278 284 287 288 20 263
106 284 287 288 20 263 278
107 -1 279 289 291 292 21
108 -1 280 290 293 294 22
109 -1 281 295 297 298 23
110 -1 282 296 299 300 24
111 312 313 25 264 301 310
111 313 25 264 301 310 312
111 25 264 301 310 312 313
111 264 301 310 312 313 25
111 301 310 312 313 25 264
111 310 312 313 25 264 301
112 314 315 26 265 302 311
112 315 26 265 302 311 314
112 26 265 302 311 314 315
112 265 302 311 314 315 26
112 302 311 314 315 26 265
112 311 314 315 26 265 302
113 319 320 27 266 303 316
113 320 27 266 303 316 319
113 27 266 303 316 319 320
113 266 303 316 319 320 27
113 303 316 319 320 27 266
113 316 319 320 27 266 303
114 329 330 28 267 321 327
114 330 28 267 321 327 329
114 28 267 321 327 329 330
114 267 321 327 329 330 28
114 321 327 329 330 28 267
114 327 329 330 28 267 321
115 331 332 29 268 322 328
115 332 29 268 322 328 331
115 29 268 322 328 331 332
115 268 322 328 331 332 29
115 322 328 331 332 29 268
115 328 331 332 29 268 322
116 335 336 30 269 323 333
116 336 30 269 323 333 335
116 30 269 323 333 335 336
116 269 323 333 335 336 30
116 323 333 335 336 30 269
116 333 335 336 30 269 323
117 337 338 31 270 324 334
117 338 31 270 324 334 337
117 31 270 324 334 337 338
117 270 324 334 337 338 31
117 324 334 337 338 31 270
117 334 337 338 31 270 324
118 341 342 32 271 325 339
118 342 32 271 325 339 341
118 32 271 325 339 341 342
118 271 325 339 341 342 32
118 325 339 341 342 32 271
118 339 341 342 32 271 325
119 343 344 33 272 326 340
119 344 33 272 326 340 343
119 33 272 326 340 343 344
119 272 326 340 343 344 33
119 326 340 343 344 33 272
119 340 343 344 33 272 326
120 358 359 36 274 346 355
120 359 36 274 346 355 358
120 36 274 346 355 358 359
120 274 346 355 358 359 36
120 346 355 358 359 36 274
120 355 358 359 36 274 346
121 362 363 37 275 347 360
121 363 37 275 347 360 362
121 37 275 347 360 362 363
121 275 347 360 362 363 37
121 347 360 362 363 37 275
121 360 362 363 37 275 347
122 364 365 38 276 348 361
122 365 38 276 348 361 364
122 38 276 348 361 364 365
122 276 348 361 364 365 38
122 348 361 364 365 38 276
122 361 364 365 38 276 348
123 400 401 39 366 388 398
123 401 39 366 388 398 400
123 39 366 388 398 400 401
123 366 388 398 400 401 39
123 388 398 400 401 39 366
123 398 400 401 39 366 388
124 402 403 40 367 389 399
124 403 40 367 389 399 402
124 40 367 389 399 402 403
124 367 389 399 402 403 40
124 389 399 402 403 40 367
124 399 402 403 40 367 389
125 408 409 41 368 391 405
125 409 41 368 391 405 408
125 41 368 391 405 408 409
125 368 391 405 408 409 41
125 391 405 408 409 41 368
125 405 408 409 41 368 391
126 418 419 42 369 410 416
126 419 42 369 410 416 418
126 42 369 410 416 418 419
126 369 410 416 418 419 42
126 410 416 418 419 42 369
126 416 418 419 42 369 410
127 420 421 43 370 411 417
127 421 43 370 411 417 420
127 43 370 411 417 420 421
127 370 411 417 420 421 43
127 411 417 420 421 43 370
127 417 420 421 43 370 411
128 424 425 44 371 412 422
128 425 44 371 412 422 424
128 44 371 412 422 424 425
128 371 412 422 424 425 44
128 412 422 424 425 44 371
128 422 424 425 44 371 412
129 426 427 45 372 413 423
129 427 45 372 413 423 426
129 45 372 413 423 426 427
129 372 413 423 426 427 45
129 413 423 426 427 45 372
129 423 426 427 45 372 413
130 430 431 46 373 414 428
130 431 46 373 414 428 430
130 46 373 414 428 430 431
130 373 414 428 430 431 46
130 414 428 430 431 46 373
130 428 430 431 46 373 414
131 432 433 47 374 415 429
131 433 47 374 415 429 432
131 47 374 415 429 432 433
131 374 415 429 432 433 47
131 415 429 432 433 47 374
131 429 432 433 47 374 415
132 -1 437 439 440 48 375
133 -1 438 441 442 49 376
134 445 446 50 377 434 443
134 446 50 377 434 443 445
134 50 377 434 443 445 446
134 377 434 443 445 446 50
134 434 443 445 446 50 377
134 443 445 446 50 377 434
135 447 448 51 378 435 444
135 448 51 378 435 444 447
135 51 378 435 444 447 448
135 378 435 444 447 448 51
135 435 444 447 448 51 378
135 444 447 448 51 378 435
136 452 453 53 380 436 449
136 453 53 380 436 449 452
136 53 380 436 449 452 453
136 380 436 449 452 453 53
136 436 449 452 453 53 380
136 449 452 453 53 380 436
137 463 464 54 381 454 460
137 464 54 381 454 460 463
137 54 381 454 460 463 464
137 381 454 460 463 464 54
137 454 460 463 464 54 381
137 460 463 464 54 381 454
138 467 468 55 382 455 465
138 468 55 382 455 465 467
138 55 382 455 465 467 468
138 382 455 465 467 468 55
138 455 465 467 468 55 382
138 465 467 468 55 382 455
139 469 470 56 383 456 466
139 470 56 383 456 466 469
139 56 383 456 466 469 470
139 383 456 466 469 470 56
139 456 466 469 470 56 383
139 466 469 470 56 383 456
140 -1 472 473 57 384 457
141 474 475 58 385 458 471
141 475 58 385 458 471 474
141 58 385 458 471 474 475
141 385 458 471 474 475 58
141 458 471 474 475 58 385
141 471 474 475 58 385 458
142 502 503 59 476 491 500
142 503 59 476 491 500 502
142 59 476 491 500 502 503
142 476 491 500 502 503 59
142 491 500 502 503 59 476
142 500 502 503 59 476 491
143 504 505 60 477 492 501
143 505 60 477 492 501 504
143 60 477 492 501 504 505
143 477 492 501 504 505 60
143 492 501 504 505 60 477
143 501 504 505 60 477 492
144 521 522 63 479 510 518
144 522 63 479 510 518 521
144 63 479 510 518 521 522
144 479 510 518 521 522 63
144 510 518 521 522 63 479
144 518 521 522 63 479 510
145 -1 531 533 534 64 480
146 -1 532 535 536 65 481
147 540 541 66 482 528 537
147 541 66 482 528 537 540
147 66 482 528 537 540 541
147 482 528 537 540 541 66
147 528 537 540 541 66 482
147 537 540 541 66 482 528
148 544 545 67 483 529 542
148 545 67 483 529 542 544
148 67 483 529 542 544 545
148 483 529 542 544 545 67
148 529 542 544 545 67 483
148 542 544 545 67 483 529
149 546 547 68 484 530 543
149 547 68 484 530 543 546
149 68 484 530 543 546 547
149 484 530 543 546 547 68
149 530 543 546 547 68 484
149 543 546 547 68 484 530
150 557 558 69 485 548 554
150 558 69 485 548 554 557
150 69 485 548 554 557 558
150 485 548 554 557 558 69
150 548 554 557 558 69 485
150 554 557 558 69 485 548
151 561 562 70 486 549 559
151 562 70 486 549 559 561
151 70 486 549 559 561 562
151 486 549 559 561 562 70
151 549 559 561 562 70 486
151 559 561 562 70 486 549
152 563 564 71 487 550 560
152 564 71 487 550 560 563
152 71 487 550 560 563 564
152 487 550 560 563 564 71
152 550 560 563 564 71 487
152 560 563 564 71 487 550
153 -1 566 567 72 488 551
154 568 569 73 489 552 565
154 569 73 489 552 565 568
154 73 489 552 565 568 569
154 489 552 565 568 569 73
154 552 565 568 569 73 489
154 565 568 569 73 489 552
155 -1 25 26 77 0 19
156 30 31 79 2 21 28
156 31 79 2 21 28 30
156 79 2 21 28 30 31
156 2 21 28 30 31 79
156 21 28 30 31 79 2
156 28 30 31 79 2 21
157 32 33 80 3 22 29
157 33 80 3 22 29 32
157 80 3 22 29 32 33
157 3 22 29 32 33 80
157 22 29 32 33 80 3
157 29 32 33 80 3 22
158 -1 36 81 4 23 34
159 37 38 82 5 24 35
159 38 82 5 24 35 37
159 82 5 24 35 37 38
159 5 24 35 37 38 82
159 24 35 37 38 82 5
159 35 37 38 82 5 24
160 50 51 83 6 39 48
160 51 83 6 39 48 50
160 83 6 39 48 50 51
160 6 39 48 50 51 83
160 39 48 50 51 83 6
160 48 50 51 83 6 39
161 52 53 84 7 40 49
161 53 84 7 40 49 52
161 84 7 40 49 52 53
161 7 40 49 52 53 84
161 40 49 52 53 84 7
161 49 52 53 84 7 40
162 57 58 85 8 41 54
162 58 85 8 41 54 57
162 85 8 41 54 57 58
162 8 41 54 57 58 85
162 41 54 57 58 85 8
162 54 57 58 85 8 41
163 -1 66 87 9 59 64
164 67 68 88 10 60 65
164 68 88 10 60 65 67
164 88 10 60 65 67 68
164 10 60 65 67 68 88
164 60 65 67 68 88 10
164 65 67 68 88 10 60
165 72 73 89 12 62 69
165 73 89 12 62 69 72
165 89 12 62 69 72 73
165 12 62 69 72 73 89
165 62 69 72 73 89 12
165 69 72 73 89 12 62
166 165 166 90 181 157 163
166 166 90 181 157 163 165
166 90 181 157 163 165 166
166 181 157 163 165 166 90
166 157 163 165 166 90 181
166 163 165 166 90 181 157
167 167 168 91 182 158 164
167 168 91 182 158 164 167
167 91 182 158 164 167 168
167 182 158 164 167 168 91
167 158 164 167 168 91 182
167 164 167 168 91 182 158
168 171 172 92 183 159 169
168 172 92 183 159 169 171
168 92 183 159 169 171 172
168 183 159 169 171 172 92
168 159 169 171 172 92 183
168 169 171 172 92 183 159
169 173 174 93 184 160 170
169 174 93 184 160 170 173
169 93 184 160 170 173 174
169 184 160 170 173 174 93
169 160 170 173 174 93 184
169 170 173 174 93 184 160
170 177 178 94 185 161 175
170 178 94 185 161 175 177
170 94 185 161 175 177 178
170 185 161 175 177 178 94
170 161 175 177 178 94 185
170 175 177 178 94 185 161
171 179 180 95 186 162 176
171 180 95 186 162 176 179
171 95 186 162 176 179 180
171 186 162 176 179 180 95
171 162 176 179 180 95 186
171 176 179 180 95 186 162
172 -1 201 202 96 187 204
173 210 211 98 189 206 212
173 211 98 189 206 212 210
173 98 189 206 212 210 211
173 189 206 212 210 211 98
173 206 212 210 211 98 189
173 212 210 211 98 189 206
174 215 214 99 190 207 213
174 214 99 190 207 213 215
174 99 190 207 213 215 214
174 190 207 213 215 214 99
174 207 213 215 214 99 190
174 213 215 214 99 190 207
175 -1 216 100 191 208 217
176 220 219 101 192 209 218
176 219 101 192 209 218 220
176 101 192 209 218 220 219
176 192 209 218 220 219 101
176 209 218 220 219 101 192
176 218 220 219 101 192 209
177 223 224 102 193 227 221
177 224 102 193 227 221 223
177 102 193 227 221 223 224
177 193 227 221 223 224 102
177 227 221 223 224 102 193
177 221 223 224 102 193 227
178 225 226 103 194 228 222
178 226 103 194 228 222 225
178 103 194 228 222 225 226
178 194 228 222 225 226 103
178 228 222 225 226 103 194
178 222 225 226 103 194 228
179 236 237 104 195 231 238
179 237 104 195 231 238 236
179 104 195 231 238 236 237
179 195 231 238 236 237 104
179 231 238 236 237 104 195
179 238 236 237 104 195 231
180 243 244 105 196 247 241
180 244 105 196 247 241 243
180 105 196 247 241 243 244
180 196 247 241 243 244 105
180 247 241 243 244 105 196
180 241 243 244 105 196 247
181 245 246 106 197 248 242
181 246 106 197 248 242 245
181 106 197 248 242 245 246
181 197 248 242 245 246 106
181 248 242 245 246 106 197
181 242 245 246 106 197 248
182 -1 252 107 198 249 253
183 256 255 108 199 250 254
183 255 108 199 250 254 256
183 108 199 250 254 256 255
183 199 250 254 256 255 108
183 250 254 256 255 108 199
183 254 256 255 108 199 250
184 257 258 109 200 251 259
184 258 109 200 251 259 257
184 109 200 251 259 257 258
184 200 251 259 257 258 109
184 251 259 257 258 109 200
184 259 257 258 109 200 251
185 -1 264 265 110 277 262
186 -1 267 269 270 112 279
187 -1 268 271 272 113 280
188 -1 301 302 116 283 304
189 310 311 118 285 306 312
189 311 118 285 306 312 310
189 118 285 306 312 310 311
189 285 306 312 310 311 118
189 306 312 310 311 118 285
189 312 310 311 118 285 306
190 315 314 119 286 307 313
190 314 119 286 307 313 315
190 119 286 307 313 315 314
190 286 307 313 315 314 119
190 307 313 315 314 119 286
190 313 315 314 119 286 307
191 -1 316 120 287 308 317
192 320 319 121 288 309 318
192 319 121 288 309 318 320
192 121 288 309 318 320 319
192 288 309 318 320 319 121
192 309 318 320 319 121 288
192 318 320 319 121 288 309
193 323 324 122 289 327 321
193 324 122 289 327 321 323
193 122 289 327 321 323 324
193 289 327 321 323 324 122
193 327 321 323 324 122 289
193 321 323 324 122 289 327
194 325 326 123 290 328 322
194 326 123 290 328 322 325
194 123 290 328 322 325 326
194 290 328 322 325 326 123
194 328 322 325 326 123 290
194 322 325 326 123 290 328
195 333 334 124 291 329 335
195 334 124 291 329 335 333
195 124 291 329 335 333 334
195 291 329 335 333 334 124
195 329 335 333 334 124 291
195 335 333 334 124 291 329
196 338 337 125 292 330 336
196 337 125 292 330 336 338
196 125 292 330 336 338 337
196 292 330 336 338 337 125
196 330 336 338 337 125 292
196 336 338 337 125 292 330
197 339 340 126 293 331 341
197 340 126 293 331 341 339
197 126 293 331 341 339 340
197 293 331 341 339 340 126
197 331 341 339 340 126 293
197 341 339 340 126 293 331
198 344 343 127 294 332 342
198 343 127 294 332 342 344
198 127 294 332 342 344 343
198 294 332 342 344 343 127
198 332 342 344 343 127 294
198 342 344 343 127 294 332
199 -1 345 346 128 295 349
200 -1 347 348 129 296 350
201 -1 355 130 297 351 356
202 359 358 131 298 352 357
202 358 131 298 352 357 359
202 131 298 352 357 359 358
202 298 352 357 359 358 131
202 352 357 359 358 131 298
202 357 359 358 131 298 352
203 360 361 132 299 353 362
203 361 132 299 353 362 360
203 132 299 353 362 360 361
203 299 353 362 360 361 132
203 353 362 360 361 132 299
203 362 360 361 132 299 353
204 365 364 133 300 354 363
204 364 133 300 354 363 365
204 133 300 354 363 365 364
204 300 354 363 365 364 133
204 354 363 365 364 133 300
204 363 365 364 133 300 354
205 377 378 134 388 366 375
205 378 134 388 366 375 377
205 134 388 366 375 377 378
205 388 366 375 377 378 134
205 366 375 377 378 134 388
205 375 377 378 134 388 366
206 379 380 135 389 367 376
206 380 135 389 367 376 379
206 135 389 367 376 379 380
206 389 367 376 379 380 135
206 367 376 379 380 135 389
206 376 379 380 135 389 367
207 384 385 136 391 368 381
207 385 136 391 368 381 384
207 136 391 368 381 384 385
207 391 368 381 384 385 136
207 368 381 384 385 136 391
207 381 384 385 136 391 368
208 -1 392 416 410 412 413
209 -1 393 417 411 414 415
210 -1 394 418 424 422 423
211 427 426 137 395 419 425
211 426 137 395 419 425 427
211 137 395 419 425 427 426
211 395 419 425 427 426 137
211 419 425 427 426 137 395
211 425 427 426 137 395 419
212 -1 396 420 430 428 429
213 433 432 138 397 421 431
213 432 138 397 421 431 433
213 138 397 421 431 433 432
213 397 421 431 433 432 138
213 421 431 433 432 138 397
213 431 433 432 138 397 421
214 -1 400 439 445 443 444
215 -1 401 440 446 448 447
216 -1 403 442 451 453 452
217 457 458 139 405 460 454
217 458 139 405 460 454 457
217 139 405 460 454 457 458
217 405 460 454 457 458 139
217 460 454 457 458 139 405
217 454 457 458 139 405 460
218 -1 406 461 467 465 466
219 -1 407 462 468 470 469
220 -1 409 464 473 475 474
221 -1 482 141 491 476 480
222 483 484 142 492 477 481
222 484 142 492 477 481 483
222 142 492 477 481 483 484
222 492 477 481 483 484 142
222 477 481 483 484 142 492
222 481 483 484 142 492 477
223 488 489 143 493 478 485
223 489 143 493 478 485 488
223 143 493 478 485 488 489
223 493 478 485 488 489 143
223 478 485 488 489 143 493
223 485 488 489 143 493 478
224 509 510 144 494 513 507
224 510 144 494 513 507 509
224 144 494 513 507 509 510
224 494 513 507 509 510 144
224 513 507 509 510 144 494
224 507 509 510 144 494 513
225 511 512 145 495 514 508
225 512 145 495 514 508 511
225 145 495 514 508 511 512
225 495 514 508 511 512 145
225 514 508 511 512 145 495
225 508 511 512 145 495 514
226 -1 518 146 496 515 519
227 522 521 147 497 516 520
227 521 147 497 516 520 522
227 147 497 516 520 522 521
227 497 516 520 522 521 147
227 516 520 522 521 147 497
227 520 522 521 147 497 516
228 523 524 148 498 517 525
228 524 148 498 517 525 523
228 148 498 517 525 523 524
228 498 517 525 523 524 148
228 517 525 523 524 148 498
228 525 523 524 148 498 517
229 -1 529 530 151 501 532
230 -1 537 152 502 533 538
231 541 540 153 503 534 539
231 540 153 503 534 539 541
231 153 503 534 539 541 540
231 503 534 539 541 540 153
231 534 539 541 540 153 503
231 539 541 540 153 503 534
232 542 543 154 504 535 544
232 543 154 504 535 544 542
232 154 504 535 544 542 543
232 504 535 544 542 543 154
232 535 544 542 543 154 504
232 544 542 543 154 504 535
233 547 546 155 505 536 545
233 546 155 505 536 545 547
233 155 505 536 545 547 546
233 505 536 545 547 546 155
233 536 545 547 546 155 505
233 545 547 546 155 505 536
234 551 552 156 506 554 548
234 552 156 506 554 548 551
234 156 506 554 548 551 552
234 506 554 548 551 552 156
234 554 548 551 552 156 506
234 548 551 552 156 506 554
235 28 29 165 15 25 30
235 29 165 15 25 30 28
235 165 15 25 30 28 29
235 15 25 30 28 29 165
235 25 30 28 29 165 15
235 30 28 29 165 15 25
236 33 32 166 16 26 31
236 32 166 16 26 31 33
236 166 16 26 31 33 32
236 16 26 31 33 32 166
236 26 31 33 32 166 16
236 31 33 32 166 16 26
237 38 37 168 17 27 36
237 37 168 17 27 36 38
237 168 17 27 36 38 37
237 17 27 36 38 37 168
237 27 36 38 37 168 17
237 36 38 37 168 17 27
238 -1 44 50 48 49 171
239 -1 45 51 53 52 172
240 -1 47 56 58 57 174
241 68 67 178 18 63 66
241 67 178 18 63 66 68
241 178 18 63 66 68 67
241 18 63 66 68 67 178
241 63 66 68 67 178 18
241 66 68 67 178 18 63
242 79 80 181 90 74 77
242 80 181 90 74 77 79
242 181 90 74 77 79 80
242 90 74 77 79 80 181
242 74 77 79 80 181 90
242 77 79 80 181 90 74
243 81 82 182 91 75 78
243 82 182 91 75 78 81
243 182 91 75 78 81 82
243 91 75 78 81 82 182
243 75 78 81 82 182 91
243 78 81 82 182 91 75
244 87 88 185 94 76 86
244 88 185 94 76 86 87
244 185 94 76 86 87 88
244 94 76 86 87 88 185
244 76 86 87 88 185 94
244 86 87 88 185 94 76
245 112 113 187 96 116 110
245 113 187 96 116 110 112
245 187 96 116 110 112 113
245 96 116 110 112 113 187
245 116 110 112 113 187 96
245 110 112 113 187 96 116
246 114 115 188 97 117 111
246 115 188 97 117 111 114
246 188 97 117 111 114 115
246 97 117 111 114 115 188
246 117 111 114 115 188 97
246 111 114 115 188 97 117
247 122 123 189 98 118 124
247 123 189 98 118 124 122
247 189 98 118 124 122 123
247 98 118 124 122 123 189
247 118 124 122 123 189 98
247 124 122 123 189 98 118
248 127 126 190 99 119 125
248 126 190 99 119 125 127
248 190 99 119 125 127 126
248 99 119 125 127 126 190
248 119 125 127 126 190 99
248 125 127 126 190 99 119
249 128 129 191 100 120 130
249 129 191 100 120 130 128
249 191 100 120 130 128 129
249 100 120 130 128 129 191
249 120 130 128 129 191 100
249 130 128 129 191 100 120
250 133 132 192 101 121 131
250 132 192 101 121 131 133
250 192 101 121 131 133 132
250 101 121 131 133 132 192
250 121 131 133 132 192 101
250 131 133 132 192 101 121
251 141 142 196 105 144 140
251 142 196 105 144 140 141
251 196 105 144 140 141 142
251 105 144 140 141 142 196
251 144 140 141 142 196 105
251 140 141 142 196 105 144
252 150 151 198 107 146 152
252 151 198 107 146 152 150
252 198 107 146 152 150 151
252 107 146 152 150 151 198
252 146 152 150 151 198 107
252 152 150 151 198 107 146
253 155 154 199 108 147 153
253 154 199 108 147 153 155
253 199 108 147 153 155 154
253 108 147 153 155 154 199
253 147 153 155 154 199 108
253 153 155 154 199 108 147
254 267 268 201 301 264 269
254 268 201 301 264 269 267
254 201 301 264 269 267 268
254 301 264 269 267 268 201
254 264 269 267 268 201 301
254 269 267 268 201 301 264
255 272 271 202 302 265 270
255 271 202 302 265 270 272
255 202 302 265 270 272 271
255 302 265 270 272 271 202
255 265 270 272 271 202 302
255 270 272 271 202 302 265
256 276 275 203 303 266 274
256 275 203 303 266 274 276
256 203 303 266 274 276 275
256 303 266 274 276 275 203
256 266 274 276 275 203 303
256 274 276 275 203 303 266
257 279 280 204 304 283 277
257 280 204 304 283 277 279
257 204 304 283 277 279 280
257 304 283 277 279 280 204
257 283 277 279 280 204 304
257 277 279 280 204 304 283
258 281 282 205 305 284 278
258 282 205 305 284 278 281
258 205 305 284 278 281 282
258 305 284 278 281 282 205
258 284 278 281 282 205 305
258 278 281 282 205 305 284
259 289 290 206 306 285 291
259 290 206 306 285 291 289
259 206 306 285 291 289 290
259 306 285 291 289 290 206
259 285 291 289 290 206 306
259 291 289 290 206 306 285
260 294 293 207 307 286 292
260 293 207 307 286 292 294
260 207 307 286 292 294 293
260 307 286 292 294 293 207
260 286 292 294 293 207 307
260 292 294 293 207 307 286
261 295 296 208 308 287 297
261 296 208 308 287 297 295
261 208 308 287 297 295 296
261 308 287 297 295 296 208
261 287 297 295 296 208 308
261 297 295 296 208 308 287
262 300 299 209 309 288 298
262 299 209 309 288 298 300
262 209 309 288 298 300 299
262 309 288 298 300 299 209
262 288 298 300 299 209 309
262 298 300 299 209 309 288
263 321 322 210 310 333 323
263 322 210 310 333 323 321
263 210 310 333 323 321 322
263 310 333 323 321 322 210
263 333 323 321 322 210 310
263 323 321 322 210 310 333
264 326 325 211 311 334 324
264 325 211 311 334 324 326
264 211 311 334 324 326 325
264 311 334 324 326 325 211
264 334 324 326 325 211 311
264 324 326 325 211 311 334
265 327 328 212 312 335 329
265 328 212 312 335 329 327
265 212 312 335 329 327 328
265 312 335 329 327 328 212
265 335 329 327 328 212 312
265 329 327 328 212 312 335
266 332 331 213 313 336 330
266 331 213 313 336 330 332
266 213 313 336 330 332 331
266 313 336 330 332 331 213
266 336 330 332 331 213 313
266 330 332 331 213 313 336
267 340 339 214 314 337 343
267 339 214 314 337 343 340
267 214 314 337 343 340 339
267 314 337 343 340 339 214
267 337 343 340 339 214 314
267 343 340 339 214 314 337
268 342 341 215 315 338 344
268 341 215 315 338 344 342
268 215 315 338 344 342 341
268 315 338 344 342 341 215
268 338 344 342 341 215 315
268 344 342 341 215 315 338
269 348 347 216 316 355 346
269 347 216 316 355 346 348
269 216 316 355 346 348 347
269 316 355 346 348 347 216
269 355 346 348 347 216 316
269 346 348 347 216 316 355
270 349 350 217 317 356 351
270 350 217 317 356 351 349
270 217 317 356 351 349 350
270 317 356 351 349 350 217
270 356 351 349 350 217 317
270 351 349 350 217 317 356
271 354 353 218 318 357 352
271 353 218 318 357 352 354
271 218 318 357 352 354 353
271 318 357 352 354 353 218
271 357 352 354 353 218 318
271 352 354 353 218 318 357
272 361 360 219 319 358 364
272 360 219 319 358 364 361
272 219 319 358 364 361 360
272 319 358 364 361 360 219
272 358 364 361 360 219 319
272 364 361 360 219 319 358
273 363 362 220 320 359 365
273 362 220 320 359 365 363
273 220 320 359 365 363 362
273 320 359 365 363 362 220
273 359 365 363 362 220 320
273 365 363 362 220 320 359
274 -1 366 367 221 410 369
275 375 376 223 412 371 377
275 376 223 412 371 377 375
275 223 412 371 377 375 376
275 412 371 377 375 376 223
275 371 377 375 376 223 412
275 377 375 376 223 412 371
276 380 379 224 413 372 378
276 379 224 413 372 378 380
276 224 413 372 378 380 379
276 413 372 378 380 379 224
276 372 378 380 379 224 413
276 378 380 379 224 413 372
277 -1 381 225 414 373 382
278 385 384 226 415 374 383
278 384 226 415 374 383 385
278 226 415 374 383 385 384
278 415 374 383 385 384 226
278 374 383 385 384 226 415
278 383 385 384 226 415 374
279 388 389 227 416 392 386
279 389 227 416 392 386 388
279 227 416 392 386 388 389
279 416 392 386 388 389 227
279 392 386 388 389 227 416
279 386 388 389 227 416 392
280 390 391 228 417 393 387
280 391 228 417 393 387 390
280 228 417 393 387 390 391
280 417 393 387 390 391 228
280 393 387 390 391 228 417
280 387 390 391 228 417 393
281 398 399 229 418 394 400
281 399 229 418 394 400 398
281 229 418 394 400 398 399
281 418 394 400 398 399 229
281 394 400 398 399 229 418
281 400 398 399 229 418 394
282 403 402 230 419 395 401
282 402 230 419 395 401 403
282 230 419 395 401 403 402
282 419 395 401 403 402 230
282 395 401 403 402 230 419
282 401 403 402 230 419 395
283 404 405 231 420 396 406
283 405 231 420 396 406 404
283 231 420 396 406 404 405
283 420 396 406 404 405 231
283 396 406 404 405 231 420
283 406 404 405 231 420 396
284 409 408 232 421 397 407
284 408 232 421 397 407 409
284 232 421 397 407 409 408
284 421 397 407 409 408 232
284 397 407 409 408 232 421
284 407 409 408 232 421 397
285 437 438 233 424 445 439
285 438 233 424 445 439 437
285 233 424 445 439 437 438
285 424 445 439 437 438 233
285 445 439 437 438 233 424
285 439 437 438 233 424 445
286 442 441 234 425 446 440
286 441 234 425 446 440 442
286 234 425 446 440 442 441
286 425 446 440 442 441 234
286 446 440 442 441 234 425
286 440 442 441 234 425 446
287 451 450 235 427 448 453
287 450 235 427 448 453 451
287 235 427 448 453 451 450
287 427 448 453 451 450 235
287 448 453 451 450 235 427
287 453 451 450 235 427 448
288 -1 454 236 428 465 455
289 458 457 237 429 466 456
289 457 237 429 466 456 458
289 237 429 466 456 458 457
289 429 466 456 458 457 237
289 466 456 458 457 237 429
289 456 458 457 237 429 466
290 459 460 238 430 467 461
290 460 238 430 467 461 459
290 238 430 467 461 459 460
290 430 467 461 459 460 238
290 467 461 459 460 238 430
290 461 459 460 238 430 467
291 464 463 239 431 468 462
291 463 239 431 468 462 464
291 239 431 468 462 464 463
291 431 468 462 464 463 239
291 468 462 464 463 239 431
291 462 464 463 239 431 468
292 473 472 240 433 470 475
292 472 240 433 470 475 473
292 240 433 470 475 473 472
292 433 470 475 473 472 240
292 470 475 473 472 240 433
292 475 473 472 240 433 470
293 484 483 244 510 479 482
293 483 244 510 479 482 484
293 244 510 479 482 484 483
293 510 479 482 484 483 244
293 479 482 484 483 244 510
293 482 484 483 244 510 479
294 -1 487 489 488 246 512
295 491 492 247 513 494 490
295 492 247 513 494 490 491
295 247 513 494 490 491 492
295 513 494 490 491 492 247
295 494 490 491 492 247 513
295 490 491 492 247 513 494
296 500 501 249 515 496 502
296 501 249 515 496 502 500
296 249 515 496 502 500 501
296 515 496 502 500 501 249
296 496 502 500 501 249 515
296 502 500 501 249 515 496
297 505 504 250 516 497 503
297 504 250 516 497 503 505
297 250 516 497 503 505 504
297 516 497 503 505 504 250
297 497 503 505 504 250 516
297 503 505 504 250 516 497
298 530 529 252 518 537 528
298 529 252 518 537 528 530
298 252 518 537 528 530 529
298 518 537 528 530 529 252
298 537 528 530 529 252 518
298 528 530 529 252 518 537
299 531 532 253 519 538 533
299 532 253 519 538 533 531
299 253 519 538 533 531 532
299 519 538 533 531 532 253
299 538 533 531 532 253 519
299 533 531 532 253 519 538
300 536 535 254 520 539 534
300 535 254 520 539 534 536
300 254 520 539 534 536 535
300 520 539 534 536 535 254
300 539 534 536 535 254 520
300 534 536 535 254 520 539
301 543 542 255 521 540 546
301 542 255 521 540 546 543
301 255 521 540 546 543 542
301 521 540 546 543 542 255
301 540 546 543 542 255 521
301 546 543 542 255 521 540
302 545 544 256 522 541 547
302 544 256 522 541 547 545
302 256 522 541 547 545 544
302 522 541 547 545 544 256
302 541 547 545 544 256 522
302 547 545 544 256 522 541
303 -1 548 257 523 559 549
304 552 551 258 524 560 550
304 551 258 524 560 550 552
304 258 524 560 550 552 551
304 524 560 550 552 551 258
304 560 550 552 551 258 524
304 550 552 551 258 524 560
305 553 554 259 525 561 555
305 554 259 525 561 555 553
305 259 525 561 555 553 554
305 525 561 555 553 554 259
305 561 555 553 554 259 525
305 555 553 554 259 525 561
306 558 557 260 526 562 556
306 557 260 526 562 556 558
306 260 526 562 556 558 557
306 526 562 556 558 557 260
306 562 556 558 557 260 526
306 556 558 557 260 526 562
307 567 566 261 527 564 569
307 566 261 527 564 569 567
307 261 527 564 569 567 566
307 527 564 569 567 566 261
307 564 569 567 566 261 527
307 569 567 566 261 527 564
308 -1 24 5 10 12 11
309 -1 268 29 49 40 41
310 42 43 269 30 50 44
310 43 269 30 50 44 42
310 269 30 50 44 42 43
310 30 50 44 42 43 269
310 50 44 42 43 269 30
310 44 42 43 269 30 50
311 47 46 270 31 51 45
311 46 270 31 51 45 47
311 270 31 51 45 47 46
311 31 51 45 47 46 270
311 51 45 47 46 270 31
311 45 47 46 270 31 51
312 -1 271 32 52 57 54
313 56 55 272 33 53 58
313 55 272 33 53 58 56
313 272 33 53 58 56 55
313 33 53 58 56 55 272
313 53 58 56 55 272 33
313 58 56 55 272 33 53
314 -1 35 65 60 62 61
315 -1 275 37 67 72 69
316 71 70 276 38 68 73
316 70 276 38 68 73 71
316 276 38 68 73 71 70
316 38 68 73 71 70 276
316 68 73 71 70 276 38
316 73 71 70 276 38 68
317 -1 278 111 78 75 76
318 -1 280 113 80 84 85
319 -1 281 114 81 87 86
320 -1 282 115 82 88 89
321 92 93 283 116 96 90
321 93 283 116 96 90 92
321 283 116 96 90 92 93
321 116 96 90 92 93 283
321 96 90 92 93 283 116
321 90 92 93 283 116 96
322 94 95 284 117 97 91
322 95 284 117 97 91 94
322 284 117 97 91 94 95
322 117 97 91 94 95 284
322 97 91 94 95 284 117
322 91 94 95 284 117 97
323 -1 102 103 285 118 98
324 105 106 287 120 100 107
324 106 287 120 100 107 105
324 287 120 100 107 105 106
324 120 100 107 105 106 287
324 100 107 105 106 287 120
324 107 105 106 287 120 100
325 -1 109 288 121 101 108
326 -1 295 128 150 141 140
327 -1 296 129 151 142 143
328 144 145 297 130 152 146
328 145 297 130 152 146 144
328 297 130 152 146 144 145
328 130 152 146 144 145 297
328 152 146 144 145 297 130
328 146 144 145 297 130 152
329 149 148 298 131 153 147
329 148 298 131 153 147 149
329 298 131 153 147 149 148
329 131 153 147 149 148 298
329 153 147 149 148 298 131
329 147 149 148 298 131 153
330 169 170 301 201 165 171
330 170 301 201 165 171 169
330 301 201 165 171 169 170
330 201 165 171 169 170 301
330 165 171 169 170 301 201
330 171 169 170 301 201 165
331 174 173 302 202 166 172
331 173 302 202 166 172 174
331 302 202 166 172 174 173
331 202 166 172 174 173 302
331 166 172 174 173 302 202
331 172 174 173 302 202 166
332 180 179 303 203 168 178
332 179 303 203 168 178 180
332 303 203 168 178 180 179
332 203 168 178 180 179 303
332 168 178 180 179 303 203
332 178 180 179 303 203 168
333 183 184 304 204 187 181
333 184 304 204 187 181 183
333 304 204 187 181 183 184
333 204 187 181 183 184 304
333 187 181 183 184 304 204
333 181 183 184 304 204 187
334 185 186 305 205 188 182
334 186 305 205 188 182 185
334 305 205 188 182 185 186
334 205 188 182 185 186 305
334 188 182 185 186 305 205
334 182 185 186 305 205 188
335 -1 193 194 306 206 189
336 196 197 308 208 191 198
336 197 308 208 191 198 196
336 308 208 191 198 196 197
336 208 191 198 196 197 308
336 191 198 196 197 308 208
336 198 196 197 308 208 191
337 -1 200 309 209 192 199
338 -1 223 221 222 310 210
339 -1 224 226 225 311 211
340 227 228 312 212 233 229
340 228 312 212 233 229 227
340 312 212 233 229 227 228
340 212 233 229 227 228 312
340 233 229 227 228 312 212
340 229 227 228 312 212 233
341 232 231 313 213 234 230
341 231 313 213 234 230 232
341 313 213 234 230 232 231
341 213 234 230 232 231 313
341 234 230 232 231 313 213
341 230 232 231 313 213 234
342 239 238 315 215 235 240
342 238 315 215 235 240 239
342 315 215 235 240 239 238
342 215 235 240 239 238 315
342 235 240 239 238 315 215
342 240 239 238 315 215 235
343 246 245 316 216 252 244
343 245 316 216 252 244 246
343 316 216 252 244 246 245
343 216 252 244 246 245 316
343 252 244 246 245 316 216
343 244 246 245 316 216 252
344 247 248 317 217 253 249
344 248 317 217 253 249 247
344 317 217 253 249 247 248
344 217 253 249 247 248 317
344 253 249 247 248 317 217
344 249 247 248 317 217 253
345 -1 251 318 218 254 250
346 -1 258 257 319 219 255
347 260 259 320 220 256 261
347 259 320 220 256 261 260
347 320 220 256 261 260 259
347 220 256 261 260 259 320
347 256 261 260 259 320 220
347 261 260 259 320 220 256
348 369 370 323 434 377 371
348 370 323 434 377 371 369
348 323 434 377 371 369 370
348 434 377 371 369 370 323
348 377 371 369 370 323 434
348 371 369 370 323 434 377
349 374 373 324 435 378 372
349 373 324 435 378 372 374
349 324 435 378 372 374 373
349 435 378 372 374 373 324
349 378 372 374 373 324 435
349 372 374 373 324 435 378
350 383 382 326 436 380 385
350 382 326 436 380 385 383
350 326 436 380 385 383 382
350 436 380 385 383 382 326
350 380 385 383 382 326 436
350 385 383 382 326 436 380
351 386 387 327 437 398 388
351 387 327 437 398 388 386
351 327 437 398 388 386 387
351 437 398 388 386 387 327
351 398 388 386 387 327 437
351 388 386 387 327 437 398
352 391 390 328 438 399 389
352 390 328 438 399 389 391
352 328 438 399 389 391 390
352 438 399 389 391 390 328
352 399 389 391 390 328 438
352 389 391 390 328 438 399
353 392 393 329 439 400 394
353 393 329 439 400 394 392
353 329 439 400 394 392 393
353 439 400 394 392 393 329
353 400 394 392 393 329 439
353 394 392 393 329 439 400
354 397 396 330 440 401 395
354 396 330 440 401 395 397
354 330 440 401 395 397 396
354 440 401 395 397 396 330
354 401 395 397 396 330 440
354 395 397 396 330 440 401
355 405 404 331 441 402 408
355 404 331 441 402 408 405
355 331 441 402 408 405 404
355 441 402 408 405 404 331
355 402 408 405 404 331 441
355 408 405 404 331 441 402
356 407 406 332 442 403 409
356 406 332 442 403 409 407
356 332 442 403 409 407 406
356 442 403 409 407 406 332
356 403 409 407 406 332 442
356 409 407 406 332 442 403
357 410 411 333 443 422 412
357 411 333 443 422 412 410
357 333 443 422 412 410 411
357 443 422 412 410 411 333
357 422 412 410 411 333 443
357 412 410 411 333 443 422
358 415 414 334 444 423 413
358 414 334 444 423 413 415
358 334 444 423 413 415 414
358 444 423 413 415 414 334
358 423 413 415 414 334 444
358 413 415 414 334 444 423
359 416 417 335 445 424 418
359 417 335 445 424 418 416
359 335 445 424 418 416 417
359 445 424 418 416 417 335
359 424 418 416 417 335 445
359 418 416 417 335 445 424
360 421 420 336 446 425 419
360 420 336 446 425 419 421
360 336 446 425 419 421 420
360 446 425 419 421 420 336
360 425 419 421 420 336 446
360 419 421 420 336 446 425
361 429 428 337 447 426 432
361 428 337 447 426 432 429
361 337 447 426 432 429 428
361 447 426 432 429 428 337
361 426 432 429 428 337 447
361 432 429 428 337 447 426
362 431 430 338 448 427 433
362 430 338 448 427 433 431
362 338 448 427 433 431 430
362 448 427 433 431 430 338
362 427 433 431 430 338 448
362 433 431 430 338 448 427
363 456 455 340 449 471 458
363 455 340 449 471 458 456
363 340 449 471 458 456 455
363 449 471 458 456 455 340
363 471 458 456 455 340 449
363 458 456 455 340 449 471
364 460 459 341 450 472 463
364 459 341 450 472 463 460
364 341 450 472 463 460 459
364 450 472 463 460 459 341
364 472 463 460 459 341 450
364 463 460 459 341 450 472
365 462 461 342 451 473 464
365 461 342 451 473 464 462
365 342 451 473 464 462 461
365 451 473 464 462 461 342
365 473 464 462 461 342 451
365 464 462 461 342 451 473
366 466 465 343 452 474 469
366 465 343 452 474 469 466
366 343 452 474 469 466 465
366 452 474 469 466 465 343
366 474 469 466 465 343 452
366 469 466 465 343 452 474
367 468 467 344 453 475 470
367 467 344 453 475 470 468
367 344 453 475 470 468 467
367 453 475 470 468 467 344
367 475 470 468 467 344 453
367 470 468 467 344 453 475
368 -1 347 529 483 488 485
369 487 486 348 530 484 489
369 486 348 530 484 489 487
369 348 530 484 489 487 486
369 530 484 489 487 486 348
369 484 489 487 486 348 530
369 489 487 486 348 530 484
370 -1 349 531 500 491 490
371 -1 350 532 501 492 493
372 494 495 351 533 502 496
372 495 351 533 502 496 494
372 351 533 502 496 494 495
372 533 502 496 494 495 351
372 502 496 494 495 351 533
372 496 494 495 351 533 502
373 499 498 352 534 503 497
373 498 352 534 503 497 499
373 352 534 503 497 499 498
373 534 503 497 499 498 352
373 503 497 499 498 352 534
373 497 499 498 352 534 503
374 512 511 355 537 518 510
374 511 355 537 518 510 512
374 355 537 518 510 512 511
374 537 518 510 512 511 355
374 518 510 512 511 355 537
374 510 512 511 355 537 518
375 513 514 356 538 519 515
375 514 356 538 519 515 513
375 356 538 519 515 513 514
375 538 519 515 513 514 356
375 519 515 513 514 356 538
375 515 513 514 356 538 519
376 -1 517 357 539 520 516
377 -1 524 523 358 540 521
378 526 525 359 541 522 527
378 525 359 541 522 527 526
378 359 541 522 527 526 525
378 541 522 527 526 525 359
378 522 527 526 525 359 541
378 527 526 525 359 541 522
379 550 549 361 543 565 552
379 549 361 543 565 552 550
379 361 543 565 552 550 549
379 543 565 552 550 549 361
379 565 552 550 549 361 543
379 552 550 549 361 543 565
380 554 553 362 544 566 557
380 553 362 544 566 557 554
380 362 544 566 557 554 553
380 544 566 557 554 553 362
380 566 557 554 553 362 544
380 557 554 553 362 544 566
381 556 555 363 545 567 558
381 555 363 545 567 558 556
381 363 545 567 558 556 555
381 545 567 558 556 555 363
381 567 558 556 555 363 545
381 558 556 555 363 545 567
382 560 559 364 546 568 563
382 559 364 546 568 563 560
382 364 546 568 563 560 559
382 546 568 563 560 559 364
382 568 563 560 559 364 546
382 563 560 559 364 546 568
383 562 561 365 547 569 564
383 561 365 547 569 564 562
383 365 547 569 564 562 561
383 547 569 564 562 561 365
383 569 564 562 561 365 547
383 564 562 561 365 547 569
384 0 1 366 39 6 2
384 1 366 39 6 2 0
384 366 39 6 2 0 1
384 39 6 2 0 1 366
384 6 2 0 1 366 39
384 2 0 1 366 39 6
385 5 4 367 40 7 3
385 4 367 40 7 3 5
385 367 40 7 3 5 4
385 40 7 3 5 4 367
385 7 3 5 4 367 40
385 3 5 4 367 40 7
386 10 9 368 41 8 12
386 9 368 41 8 12 10
386 368 41 8 12 10 9
386 41 8 12 10 9 368
386 8 12 10 9 368 41
386 12 10 9 368 41 8
387 19 20 375 48 28 21
387 20 375 48 28 21 19
387 375 48 28 21 19 20
387 48 28 21 19 20 375
387 28 21 19 20 375 48
387 21 19 20 375 48 28
388 24 23 376 49 29 22
388 23 376 49 29 22 24
388 376 49 29 22 24 23
388 49 29 22 24 23 376
388 29 22 24 23 376 49
388 22 24 23 376 49 29
389 -1 378 51 31 26 27
390 35 34 379 52 32 37
390 34 379 52 32 37 35
390 379 52 32 37 35 34
390 52 32 37 35 34 379
390 32 37 35 34 379 52
390 37 35 34 379 52 32
391 -1 380 53 33 38 36
392 60 59 381 54 69 62
392 59 381 54 69 62 60
392 381 54 69 62 60 59
392 54 69 62 60 59 381
392 69 62 60 59 381 54
392 62 60 59 381 54 69
393 65 64 384 57 72 67
393 64 384 57 72 67 65
393 384 57 72 67 65 64
393 57 72 67 65 64 384
393 72 67 65 64 384 57
393 67 65 64 384 57 72
394 -1 385 58 73 68 66
395 77 78 388 134 83 79
395 78 388 134 83 79 77
395 388 134 83 79 77 78
395 134 83 79 77 78 388
395 83 79 77 78 388 134
395 79 77 78 388 134 83
396 82 81 389 135 84 80
396 81 389 135 84 80 82
396 389 135 84 80 82 81
396 135 84 80 82 81 389
396 84 80 82 81 389 135
396 80 82 81 389 135 84
397 88 87 391 136 85 89
397 87 391 136 85 89 88
397 391 136 85 89 88 87
397 136 85 89 88 87 391
397 85 89 88 87 391 136
397 89 88 87 391 136 85
398 -1 102 92 90 91 392
399 -1 103 93 95 94 393
400 -1 99 101 100 395 137
401 -1 104 109 106 105 396
402 -1 122 112 110 111 398
403 -1 123 113 115 114 399
404 -1 124 118 116 117 400
405 -1 125 119 121 120 401
406 -1 126 132 129 128 402
407 -1 127 133 131 130 403
408 142 141 405 139 156 143
408 141 405 139 156 143 142
408 405 139 156 143 142 141
408 139 156 143 142 141 405
408 156 143 142 141 405 139
408 143 142 141 405 139 156
409 157 158 410 221 169 159
409 158 410 221 169 159 157
409 410 221 169 159 157 158
409 221 169 159 157 158 410
409 169 159 157 158 410 221
409 159 157 158 410 221 169
410 162 161 411 222 170 160
410 161 411 222 170 160 162
410 411 222 170 160 162 161
410 222 170 160 162 161 411
410 170 160 162 161 411 222
410 160 162 161 411 222 170
411 163 164 412 223 171 165
411 164 412 223 171 165 163
411 412 223 171 165 163 164
411 223 171 165 163 164 412
411 171 165 163 164 412 223
411 165 163 164 412 223 171
412 168 167 413 224 172 166
412 167 413 224 172 166 168
412 413 224 172 166 168 167
412 224 172 166 168 167 413
412 172 166 168 167 413 224
412 166 168 167 413 224 172
413 176 175 414 225 173 179
413 175 414 225 173 179 176
413 414 225 173 179 176 175
413 225 173 179 176 175 414
413 173 179 176 175 414 225
413 179 176 175 414 225 173
414 178 177 415 226 174 180
414 177 415 226 174 180 178
414 415 226 174 180 178 177
414 226 174 180 178 177 415
414 174 180 178 177 415 226
414 180 178 177 415 226 174
415 181 182 416 227 193 183
415 182 416 227 193 183 181
415 416 227 193 183 181 182
415 227 193 183 181 182 416
415 193 183 181 182 416 227
415 183 181 182 416 227 193
416 186 185 417 228 194 184
416 185 417 228 194 184 186
416 417 228 194 184 186 185
416 228 194 184 186 185 417
416 194 184 186 185 417 228
416 184 186 185 417 228 194
417 -1 189 187 188 418 229
418 -1 190 192 191 419 230
419 197 196 420 231 195 200
419 196 420 231 195 200 197
419 420 231 195 200 197 196
419 231 195 200 197 196 420
419 195 200 197 196 420 231
419 200 197 196 420 231 195
420 204 205 424 233 212 206
420 205 424 233 212 206 204
420 424 233 212 206 204 205
420 233 212 206 204 205 424
420 212 206 204 205 424 233
420 206 204 205 424 233 212
421 209 208 425 234 213 207
421 208 425 234 213 207 209
421 425 234 213 207 209 208
421 234 213 207 209 208 425
421 213 207 209 208 425 234
421 207 209 208 425 234 213
422 218 217 427 235 215 220
422 217 427 235 215 220 218
422 427 235 215 220 218 217
422 235 215 220 218 217 427
422 215 220 218 217 427 235
422 220 218 217 427 235 215
423 242 241 428 236 257 245
423 241 428 236 257 245 242
423 428 236 257 245 242 241
423 236 257 245 242 241 428
423 257 245 242 241 428 236
423 245 242 241 428 236 257
424 244 243 429 237 258 246
424 243 429 237 258 246 244
424 429 237 258 246 244 243
424 237 258 246 244 243 429
424 258 246 244 243 429 237
424 246 244 243 429 237 258
425 248 247 430 238 259 251
425 247 430 238 259 251 248
425 430 238 259 251 248 247
425 238 259 251 248 247 430
425 259 251 248 247 430 238
425 251 248 247 430 238 259
426 -1 250 249 431 239 260
427 254 253 433 240 261 256
427 253 433 240 261 256 254
427 433 240 261 256 254 253
427 240 261 256 254 253 433
427 261 256 254 253 433 240
427 256 254 253 433 240 261
428 -1 435 324 270 265 266
429 274 273 436 326 272 276
429 273 436 326 272 276 274
429 436 326 272 276 274 273
429 326 272 276 274 273 436
429 272 276 274 273 436 326
429 276 274 273 436 326 272
430 277 278 437 327 289 279
430 278 437 327 289 279 277
430 437 327 289 279 277 278
430 327 289 279 277 278 437
430 289 279 277 278 437 327
430 279 277 278 437 327 289
431 282 281 438 328 290 280
431 281 438 328 290 280 282
431 438 328 290 280 282 281
431 328 290 280 282 281 438
431 290 280 282 281 438 328
431 280 282 281 438 328 290
432 283 284 439 329 291 285
432 284 439 329 291 285 283
432 439 329 291 285 283 284
432 329 291 285 283 284 439
432 291 285 283 284 439 329
432 285 283 284 439 329 291
433 288 287 440 330 292 286
433 287 440 330 292 286 288
433 440 330 292 286 288 287
433 330 292 286 288 287 440
433 292 286 288 287 440 330
433 286 288 287 440 330 292
434 296 295 441 331 293 299
434 295 441 331 293 299 296
434 441 331 293 299 296 295
434 331 293 299 296 295 441
434 293 299 296 295 441 331
434 299 296 295 441 331 293
435 298 297 442 332 294 300
435 297 442 332 294 300 298
435 442 332 294 300 298 297
435 332 294 300 298 297 442
435 294 300 298 297 442 332
435 300 298 297 442 332 294
436 -1 444 334 311 302 303
437 304 305 445 335 312 306
437 305 445 335 312 306 304
437 445 335 312 306 304 305
437 335 312 306 304 305 445
437 312 306 304 305 445 335
437 306 304 305 445 335 312
438 309 308 446 336 313 307
438 308 446 336 313 307 309
438 446 336 313 307 309 308
438 336 313 307 309 308 446
438 313 307 309 308 446 336
438 307 309 308 446 336 313
439 -1 447 337 314 319 316
440 318 317 448 338 315 320
440 317 448 338 315 320 318
440 448 338 315 320 318 317
440 338 315 320 318 317 448
440 315 320 318 317 448 338
440 320 318 317 448 338 315
441 346 345 449 340 361 348
441 345 449 340 361 348 346
441 449 340 361 348 346 345
441 340 361 348 346 345 449
441 361 348 346 345 449 340
441 348 346 345 449 340 361
442 350 349 450 341 362 353
442 349 450 341 362 353 350
442 450 341 362 353 350 349
442 341 362 353 350 349 450
442 362 353 350 349 450 341
442 353 350 349 450 341 362
443 352 351 451 342 363 354
443 351 451 342 363 354 352
443 451 342 363 354 352 351
443 342 363 354 352 351 451
443 363 354 352 351 451 342
443 354 352 351 451 342 363
444 -1 452 343 364 358 355
445 357 356 453 344 365 359
445 356 453 344 365 359 357
445 453 344 365 359 357 356
445 344 365 359 357 356 453
445 365 359 357 356 453 344
445 359 357 356 453 344 365
446 477 476 454 548 485 478
446 476 454 548 485 478 477
446 454 548 485 478 477 476
446 548 485 478 477 476 454
446 485 478 477 476 454 548
446 478 477 476 454 548 485
447 481 480 457 551 488 483
447 480 457 551 488 483 481
447 457 551 488 483 481 480
447 551 488 483 481 480 457
447 488 483 481 480 457 551
447 483 481 480 457 551 488
448 -1 458 552 489 484 482
449 492 491 460 554 506 493
449 491 460 554 506 493 492
449 460 554 506 493 492 491
449 554 506 493 492 491 460
449 506 493 492 491 460 554
449 493 492 491 460 554 506
450 -1 498 495 494 461 555
451 -1 499 497 496 462 556
452 -1 504 501 500 463 557
453 -1 505 503 502 464 558
454 508 507 465 559 523 511
454 507 465 559 523 511 508
454 465 559 523 511 508 507
454 559 523 511 508 507 465
454 523 511 508 507 465 559
454 511 508 507 465 559 523
455 510 509 466 560 524 512
455 509 466 560 524 512 510
455 466 560 524 512 510 509
455 560 524 512 510 509 466
455 524 512 510 509 466 560
455 512 510 509 466 560 524
456 514 513 467 561 525 517
456 513 467 561 525 517 514
456 467 561 525 517 514 513
456 561 525 517 514 513 467
456 525 517 514 513 467 561
456 517 514 513 467 561 525
457 -1 516 515 468 562 526
458 520 519 470 564 527 522
458 519 470 564 527 522 520
458 470 564 527 522 520 519
458 564 527 522 520 519 470
458 527 522 520 519 470 564
458 522 520 519 470 564 527
459 -1 471 565 543 530 528
460 532 531 472 566 544 535
460 531 472 566 544 535 532
460 472 566 544 535 532 531
460 566 544 535 532 531 472
460 544 535 532 531 472 566
460 535 532 531 472 566 544
461 534 533 473 567 545 536
461 533 473 567 545 536 534
461 473 567 545 536 534 533
461 567 545 536 534 533 473
461 545 536 534 533 473 567
461 536 534 533 473 567 545
462 -1 474 568 546 540 537
463 539 538 475 569 547 541
463 538 475 569 547 541 539
463 475 569 547 541 539 538
463 569 547 541 539 538 475
463 547 541 539 538 475 569
463 541 539 538 475 569 547
464 1 0 476 59 9 4
464 0 476 59 9 4 1
464 476 59 9 4 1 0
464 59 9 4 1 0 476
464 9 4 1 0 476 59
464 4 1 0 476 59 9
465 3 2 477 60 10 5
465 2 477 60 10 5 3
465 477 60 10 5 3 2
465 60 10 5 3 2 477
465 10 5 3 2 477 60
465 5 3 2 477 60 10
466 7 6 478 62 12 8
466 6 478 62 12 8 7
466 478 62 12 8 7 6
466 62 12 8 7 6 478
466 12 8 7 6 478 62
466 8 7 6 478 62 12
467 16 15 479 63 18 17
467 15 479 63 18 17 16
467 479 63 18 17 16 15
467 63 18 17 16 15 479
467 18 17 16 15 479 63
467 17 16 15 479 63 18
468 20 19 480 64 34 23
468 19 480 64 34 23 20
468 480 64 34 23 20 19
468 64 34 23 20 19 480
468 34 23 20 19 480 64
468 23 20 19 480 64 34
469 22 21 481 65 35 24
469 21 481 65 35 24 22
469 481 65 35 24 22 21
469 65 35 24 22 21 481
469 35 24 22 21 481 65
469 24 22 21 481 65 35
470 26 25 482 66 36 27
470 25 482 66 36 27 26
470 482 66 36 27 26 25
470 66 36 27 26 25 482
470 36 27 26 25 482 66
470 27 26 25 482 66 36
471 29 28 483 67 37 32
471 28 483 67 37 32 29
471 483 67 37 32 29 28
471 67 37 32 29 28 483
471 37 32 29 28 483 67
471 32 29 28 483 67 37
472 31 30 484 68 38 33
472 30 484 68 38 33 31
472 484 68 38 33 31 30
472 68 38 33 31 30 484
472 38 33 31 30 484 68
472 33 31 30 484 68 38
473 40 39 485 69 54 41
473 39 485 69 54 41 40
473 485 69 54 41 40 39
473 69 54 41 40 39 485
473 54 41 40 39 485 69
473 41 40 39 485 69 54
474 43 42 486 70 55 46
474 42 486 70 55 46 43
474 486 70 55 46 43 42
474 70 55 46 43 42 486
474 55 46 43 42 486 70
474 46 43 42 486 70 55
475 45 44 487 71 56 47
475 44 487 71 56 47 45
475 487 71 56 47 45 44
475 71 56 47 45 44 487
475 56 47 45 44 487 71
475 47 45 44 487 71 56
476 49 48 488 72 57 52
476 48 488 72 57 52 49
476 488 72 57 52 49 48
476 72 57 52 49 48 488
476 57 52 49 48 488 72
476 52 49 48 488 72 57
477 51 50 489 73 58 53
477 50 489 73 58 53 51
477 489 73 58 53 51 50
477 73 58 53 51 50 489
477 58 53 51 50 489 73
477 53 51 50 489 73 58
478 75 74 490 140 86 76
478 74 490 140 86 76 75
478 490 140 86 76 75 74
478 140 86 76 75 74 490
478 86 76 75 74 490 140
478 76 75 74 490 140 86
479 78 77 491 141 87 81
479 77 491 141 87 81 78
479 491 141 87 81 78 77
479 141 87 81 78 77 491
479 87 81 78 77 491 141
479 81 78 77 491 141 87
480 80 79 492 142 88 82
480 79 492 142 88 82 80
480 492 142 88 82 80 79
480 142 88 82 80 79 492
480 88 82 80 79 492 142
480 82 80 79 492 142 88
481 84 83 493 143 89 85
481 83 493 143 89 85 84
481 493 143 89 85 84 83
481 143 89 85 84 83 493
481 89 85 84 83 493 143
481 85 84 83 493 143 89
482 91 90 494 144 105 94
482 90 494 144 105 94 91
482 494 144 105 94 91 90
482 144 105 94 91 90 494
482 105 94 91 90 494 144
482 94 91 90 494 144 105
483 93 92 495 145 106 95
483 92 495 145 106 95 93
483 495 145 106 95 93 92
483 145 106 95 93 92 495
483 106 95 93 92 495 145
483 95 93 92 495 145 106
484 97 96 496 146 107 100
484 96 496 146 107 100 97
484 496 146 107 100 97 96
484 146 107 100 97 96 496
484 107 100 97 96 496 146
484 100 97 96 496 146 107
485 99 98 497 147 108 101
485 98 497 147 108 101 99
485 497 147 108 101 99 98
485 147 108 101 99 98 497
485 108 101 99 98 497 147
485 101 99 98 497 147 108
486 103 102 498 148 109 104
486 102 498 148 109 104 103
486 498 148 109 104 103 102
486 148 109 104 103 102 498
486 109 104 103 102 498 148
486 104 103 102 498 148 109
487 111 110 500 150 128 114
487 110 500 150 128 114 111
487 500 150 128 114 111 110
487 150 128 114 111 110 500
487 128 114 111 110 500 150
487 114 111 110 500 150 128
488 113 112 501 151 129 115
488 112 501 151 129 115 113
488 501 151 129 115 113 112
488 151 129 115 113 112 501
488 129 115 113 112 501 151
488 115 113 112 501 151 129
489 117 116 502 152 130 120
489 116 502 152 130 120 117
489 502 152 130 120 117 116
489 152 130 120 117 116 502
489 130 120 117 116 502 152
489 120 117 116 502 152 130
490 119 118 503 153 131 121
490 118 503 153 131 121 119
490 503 153 131 121 119 118
490 153 131 121 119 118 503
490 131 121 119 118 503 153
490 121 119 118 503 153 131
491 123 122 504 154 132 126
491 122 504 154 132 126 123
491 504 154 132 126 123 122
491 154 132 126 123 122 504
491 132 126 123 122 504 154
491 126 123 122 504 154 132
492 125 124 505 155 133 127
492 124 505 155 133 127 125
492 505 155 133 127 125 124
492 155 133 127 125 124 505
492 133 127 125 124 505 155
492 127 125 124 505 155 133
493 135 134 506 156 139 136
493 134 506 156 139 136 135
493 506 156 139 136 135 134
493 156 139 136 135 134 506
493 139 136 135 134 506 156
493 136 135 134 506 156 139
494 158 157 507 241 175 161
494 157 507 241 175 161 158
494 507 241 175 161 158 157
494 241 175 161 158 157 507
494 175 161 158 157 507 241
494 161 158 157 507 241 175
495 160 159 508 242 176 162
495 159 508 242 176 162 160
495 508 242 176 162 160 159
495 242 176 162 160 159 508
495 176 162 160 159 508 242
495 162 160 159 508 242 176
496 164 163 509 243 177 167
496 163 509 243 177 167 164
496 509 243 177 167 164 163
496 243 177 167 164 163 509
496 177 167 164 163 509 243
496 167 164 163 509 243 177
497 166 165 510 244 178 168
497 165 510 244 178 168 166
497 510 244 178 168 166 165
497 244 178 168 166 165 510
497 178 168 166 165 510 244
497 168 166 165 510 244 178
498 170 169 511 245 179 173
498 169 511 245 179 173 170
498 511 245 179 173 170 169
498 245 179 173 170 169 511
498 179 173 170 169 511 245
498 173 170 169 511 245 179
499 172 171 512 246 180 174
499 171 512 246 180 174 172
499 512 246 180 174 172 171
499 246 180 174 172 171 512
499 180 174 172 171 512 246
499 174 172 171 512 246 180
500 182 181 513 247 196 185
500 181 513 247 196 185 182
500 513 247 196 185 182 181
500 247 196 185 182 181 513
500 196 185 182 181 513 247
500 185 182 181 513 247 196
501 184 183 514 248 197 186
501 183 514 248 197 186 184
501 514 248 197 186 184 183
501 248 197 186 184 183 514
501 197 186 184 183 514 248
501 186 184 183 514 248 197
502 188 187 515 249 198 191
502 187 515 249 198 191 188
502 515 249 198 191 188 187
502 249 198 191 188 187 515
502 198 191 188 187 515 249
502 191 188 187 515 249 198
503 190 189 516 250 199 192
503 189 516 250 199 192 190
503 516 250 199 192 190 189
503 250 199 192 190 189 516
503 199 192 190 189 516 250
503 192 190 189 516 250 199
504 194 193 517 251 200 195
504 193 517 251 200 195 194
504 517 251 200 195 194 193
504 251 200 195 194 193 517
504 200 195 194 193 517 251
504 195 194 193 517 251 200
505 202 201 518 252 216 203
505 201 518 252 216 203 202
505 518 252 216 203 202 201
505 252 216 203 202 201 518
505 216 203 202 201 518 252
505 203 202 201 518 252 216
506 205 204 519 253 217 208
506 204 519 253 217 208 205
506 519 253 217 208 205 204
506 253 217 208 205 204 519
506 217 208 205 204 519 253
506 208 205 204 519 253 217
507 207 206 520 254 218 209
507 206 520 254 218 209 207
507 520 254 218 209 207 206
507 254 218 209 207 206 520
507 218 209 207 206 520 254
507 209 207 206 520 254 218
508 211 210 521 255 219 214
508 210 521 255 219 214 211
508 521 255 219 214 211 210
508 255 219 214 211 210 521
508 219 214 211 210 521 255
508 214 211 210 521 255 219
509 213 212 522 256 220 215
509 212 522 256 220 215 213
509 522 256 220 215 213 212
509 256 220 215 213 212 522
509 220 215 213 212 522 256
509 215 213 212 522 256 220
510 222 221 523 257 236 225
510 221 523 257 236 225 222
510 523 257 236 225 222 221
510 257 236 225 222 221 523
510 236 225 222 221 523 257
510 225 222 221 523 257 236
511 224 223 524 258 237 226
511 223 524 258 237 226 224
511 524 258 237 226 224 223
511 258 237 226 224 223 524
511 237 226 224 223 524 258
511 226 224 223 524 258 237
512 228 227 525 259 238 231
512 227 525 259 238 231 228
512 525 259 238 231 228 227
512 259 238 231 228 227 525
512 238 231 228 227 525 259
512 231 228 227 525 259 238
513 230 229 526 260 239 232
513 229 526 260 239 232 230
513 526 260 239 232 230 229
513 260 239 232 230 229 526
513 239 232 230 229 526 260
513 232 230 229 526 260 239
514 234 233 527 261 240 235
514 233 527 261 240 235 234
514 527 261 240 235 234 233
514 261 240 235 234 233 527
514 240 235 234 233 527 261
514 235 234 233 527 261 240
515 265 264 528 346 274 266
515 264 528 346 274 266 265
515 528 346 274 266 265 264
515 346 274 266 265 264 528
515 274 266 265 264 528 346
515 266 265 264 528 346 274
516 268 267 529 347 275 271
516 267 529 347 275 271 268
516 529 347 275 271 268 267
516 347 275 271 268 267 529
516 275 271 268 267 529 347
516 271 268 267 529 347 275
517 270 269 530 348 276 272
517 269 530 348 276 272 270
517 530 348 276 272 270 269
517 348 276 272 270 269 530
517 276 272 270 269 530 348
517 272 270 269 530 348 276
518 278 277 531 349 295 281
518 277 531 349 295 281 278
518 531 349 295 281 278 277
518 349 295 281 278 277 531
518 295 281 278 277 531 349
518 281 278 277 531 349 295
519 280 279 532 350 296 282
519 279 532 350 296 282 280
519 532 350 296 282 280 279
519 350 296 282 280 279 532
519 296 282 280 279 532 350
519 282 280 279 532 350 296
520 284 283 533 351 297 287
520 283 533 351 297 287 284
520 533 351 297 287 284 283
520 351 297 287 284 283 533
520 297 287 284 283 533 351
520 287 284 283 533 351 297
521 286 285 534 352 298 288
521 285 534 352 298 288 286
521 534 352 298 288 286 285
521 352 298 288 286 285 534
521 298 288 286 285 534 352
521 288 286 285 534 352 298
522 290 289 535 353 299 293
522 289 535 353 299 293 290
522 535 353 299 293 290 289
522 353 299 293 290 289 535
522 299 293 290 289 535 353
522 293 290 289 535 353 299
523 292 291 536 354 300 294
523 291 536 354 300 294 292
523 536 354 300 294 292 291
523 354 300 294 292 291 536
523 300 294 292 291 536 354
523 294 292 291 536 354 300
524 302 301 537 355 316 303
524 301 537 355 316 303 302
524 537 355 316 303 302 301
524 355 316 303 302 301 537
524 316 303 302 301 537 355
524 303 302 301 537 355 316
525 305 304 538 356 317 308
525 304 538 356 317 308 305
525 538 356 317 308 305 304
525 356 317 308 305 304 538
525 317 308 305 304 538 356
525 308 305 304 538 356 317
526 307 306 539 357 318 309
526 306 539 357 318 309 307
526 539 357 318 309 307 306
526 357 318 309 307 306 539
526 318 309 307 306 539 357
526 309 307 306 539 357 318
527 311 310 540 358 319 314
527 310 540 358 319 314 311
527 540 358 319 314 311 310
527 358 319 314 311 310 540
527 319 314 311 310 540 358
527 314 311 310 540 358 319
528 313 312 541 359 320 315
528 312 541 359 320 315 313
528 541 359 320 315 313 312
528 359 320 315 313 312 541
528 320 315 313 312 541 359
528 315 313 312 541 359 320
529 322 321 542 360 339 325
529 321 542 360 339 325 322
529 542 360 339 325 322 321
529 360 339 325 322 321 542
529 339 325 322 321 542 360
529 325 322 321 542 360 339
530 324 323 543 361 340 326
530 323 543 361 340 326 324
530 543 361 340 326 324 323
530 361 340 326 324 323 543
530 340 326 324 323 543 361
530 326 324 323 543 361 340
531 328 327 544 362 341 331
531 327 544 362 341 331 328
531 544 362 341 331 328 327
531 362 341 331 328 327 544
531 341 331 328 327 544 362
531 331 328 327 544 362 341
532 330 329 545 363 342 332
532 329 545 363 342 332 330
532 545 363 342 332 330 329
532 363 342 332 330 329 545
532 342 332 330 329 545 363
532 332 330 329 545 363 342
533 334 333 546 364 343 337
533 333 546 364 343 337 334
533 546 364 343 337 334 333
533 364 343 337 334 333 546
533 343 337 334 333 546 364
533 337 334 333 546 364 343
534 336 335 547 365 344 338
534 335 547 365 344 338 336
534 547 365 344 338 336 335
534 365 344 338 336 335 547
534 344 338 336 335 547 365
534 338 336 335 547 365 344
535 367 366 548 454 381 368
535 366 548 454 381 368 367
535 548 454 381 368 367 366
535 454 381 368 367 366 548
535 381 368 367 366 548 454
535 368 367 366 548 454 381
536 370 369 549 455 382 373
536 369 549 455 382 373 370
536 549 455 382 373 370 369
536 455 382 373 370 369 549
536 382 373 370 369 549 455
536 373 370 369 549 455 382
537 372 371 550 456 383 374
537 371 550 456 383 374 372
537 550 456 383 374 372 371
537 456 383 374 372 371 550
537 383 374 372 371 550 456
537 374 372 371 550 456 383
538 376 375 551 457 384 379
538 375 551 457 384 379 376
538 551 457 384 379 376 375
538 457 384 379 376 375 551
538 384 379 376 375 551 457
538 379 376 375 551 457 384
539 378 377 552 458 385 380
539 377 552 458 385 380 378
539 552 458 385 380 378 377
539 458 385 380 378 377 552
539 385 380 378 377 552 458
539 380 378 377 552 458 385
540 387 386 553 459 404 390
540 386 553 459 404 390 387
540 553 459 404 390 387 386
540 459 404 390 387 386 553
540 404 390 387 386 553 459
540 390 387 386 553 459 404
541 389 388 554 460 405 391
541 388 554 460 405 391 389
541 554 460 405 391 389 388
541 460 405 391 389 388 554
541 405 391 389 388 554 460
541 391 389 388 554 460 405
542 393 392 555 461 406 396
542 392 555 461 406 396 393
542 555 461 406 396 393 392
542 461 406 396 393 392 555
542 406 396 393 392 555 461
542 396 393 392 555 461 406
543 395 394 556 462 407 397
543 394 556 462 407 397 395
543 556 462 407 397 395 394
543 462 407 397 395 394 556
543 407 397 395 394 556 462
543 397 395 394 556 462 407
544 399 398 557 463 408 402
544 398 557 463 408 402 399
544 557 463 408 402 399 398
544 463 408 402 399 398 557
544 408 402 399 398 557 463
544 402 399 398 557 463 408
545 401 400 558 464 409 403
545 400 558 464 409 403 401
545 558 464 409 403 401 400
545 464 409 403 401 400 558
545 409 403 401 400 558 464
545 403 401 400 558 464 409
546 411 410 559 465 428 414
546 410 559 465 428 414 411
546 559 465 428 414 411 410
546 465 428 414 411 410 559
546 428 414 411 410 559 465
546 414 411 410 559 465 428
547 413 412 560 466 429 415
547 412 560 466 429 415 413
547 560 466 429 415 413 412
547 466 429 415 413 412 560
547 429 415 413 412 560 466
547 415 413 412 560 466 429
548 417 416 561 467 430 420
548 416 561 467 430 420 417
548 561 467 430 420 417 416
548 467 430 420 417 416 561
548 430 420 417 416 561 467
548 420 417 416 561 467 430
549 419 418 562 468 431 421
549 418 562 468 431 421 419
549 562 468 431 421 419 418
549 468 431 421 419 418 562
549 431 421 419 418 562 468
549 421 419 418 562 468 431
550 423 422 563 469 432 426
550 422 563 469 432 426 423
550 563 469 432 426 423 422
550 469 432 426 423 422 563
550 432 426 423 422 563 469
550 426 423 422 563 469 432
551 425 424 564 470 433 427
551 424 564 470 433 427 425
551 564 470 433 427 425 424
551 470 433 427 425 424 564
551 433 427 425 424 564 470
551 427 425 424 564 470 433
552 435 434 565 471 449 436
552 434 565 471 449 436 435
552 565 471 449 436 435 434
552 471 449 436 435 434 565
552 449 436 435 434 565 471
552 436 435 434 565 471 449
553 438 437 566 472 450 441
553 437 566 472 450 441 438
553 566 472 450 441 438 437
553 472 450 441 438 437 566
553 450 441 438 437 566 472
553 441 438 437 566 472 450
554 440 439 567 473 451 442
554 439 567 473 451 442 440
554 567 473 451 442 440 439
554 473 451 442 440 439 567
554 451 442 440 439 567 473
554 442 440 439 567 473 451
555 444 443 568 474 452 447
555 443 568 474 452 447 444
555 568 474 452 447 444 443
555 474 452 447 444 443 568
555 452 447 444 443 568 474
555 447 444 443 568 474 452
556 446 445 569 475 453 448
556 445 569 475 453 448 446
556 569 475 453 448 446 445
556 475 453 448 446 445 569
556 453 448 446 445 569 475
556 448 446 445 569 475 453
