570 2662 557 5
0 -1 258 564 429 261 0
1 -1 122 427 249 528 262
2 475 3 126 445 315 238
2 3 126 445 315 238 475
2 126 445 315 238 475 3
2 445 315 238 475 3 126
2 315 238 475 3 126 445
2 238 475 3 126 445 315
3 150 4 128 451 354 505
3 4 128 451 354 505 150
3 128 451 354 505 150 4
3 451 354 505 150 4 128
3 354 505 150 4 128 451
3 505 150 4 128 451 354
4 -1 132 467 516 194 263
5 151 5 134 473 537 300
5 5 134 473 537 300 151
5 134 473 537 300 151 5
5 473 537 300 151 5 134
5 537 300 151 5 134 473
5 300 151 5 134 473 537
6 -1 525 227 430 264 6
7 -1 147 562 417 195 265
8 152 7 149 568 441 301
8 7 149 568 441 301 152
8 149 568 441 301 152 7
8 568 441 301 152 7 149
8 441 301 152 7 149 568
8 301 152 7 149 568 441
9 -1 181 109 360 548 365
10 -1 187 133 470 529 266
11 -1 191 142 543 322 366
12 -1 193 148 565 431 267
13 476 8 203 294 129 454
13 8 203 294 129 454 476
13 203 294 129 454 476 8
13 294 129 454 476 8 203
13 129 454 476 8 203 294
13 454 476 8 203 294 129
14 367 9 205 298 144 549
14 9 205 298 144 549 367
14 205 298 144 549 367 9
14 298 144 549 367 9 205
14 144 549 367 9 205 298
14 549 367 9 205 298 144
15 -1 477 10 209 330 399
16 368 12 215 352 499 111
16 12 215 352 499 111 368
16 215 352 499 111 368 12
16 352 499 111 368 12 215
16 499 111 368 12 215 352
16 111 368 12 215 352 499
17 -1 13 217 361 552 381
18 -1 246 497 101 323 369
19 -1 248 503 123 432 270
20 370 14 252 535 290 112
20 14 252 535 290 112 370
20 252 535 290 112 370 14
20 535 290 112 370 14 252
20 290 112 370 14 252 535
20 112 370 14 252 535 290
21 75 15 254 544 326 382
21 15 254 544 326 382 75
21 254 544 326 382 75 15
21 544 326 382 75 15 254
21 326 382 75 15 254 544
21 382 75 15 254 544 326
22 479 18 293 121 424 239
22 18 293 121 424 239 479
22 293 121 424 239 479 18
22 121 424 239 479 18 293
22 424 239 479 18 293 121
22 239 479 18 293 121 424
23 153 19 295 131 464 506
23 19 295 131 464 506 153
23 295 131 464 506 153 19
23 131 464 506 153 19 295
23 464 506 153 19 295 131
23 506 153 19 295 131 464
24 154 21 299 146 559 407
24 21 299 146 559 407 154
24 299 146 559 407 154 21
24 146 559 407 154 21 299
24 559 407 154 21 299 146
24 407 154 21 299 146 559
25 480 22 309 186 130 456
25 22 309 186 130 456 480
25 309 186 130 456 480 22
25 186 130 456 480 22 309
25 130 456 480 22 309 186
25 456 480 22 309 186 130
26 373 23 311 192 145 551
26 23 311 192 145 551 373
26 311 192 145 551 373 23
26 192 145 551 373 23 311
26 145 551 373 23 311 192
26 551 373 23 311 192 145
27 -1 481 24 313 225 400
28 374 26 318 247 500 113
28 26 318 247 500 113 374
28 318 247 500 113 374 26
28 247 500 113 374 26 318
28 500 113 374 26 318 247
28 113 374 26 318 247 500
29 -1 27 319 256 553 383
30 -1 240 482 28 329 391
31 -1 507 155 29 331 401
32 483 30 335 415 188 135
32 30 335 415 188 135 483
32 335 415 188 135 483 30
32 415 188 135 483 30 335
32 188 135 483 30 335 415
32 135 483 30 335 415 188
33 76 31 337 425 243 490
33 31 337 425 243 490 76
33 337 425 243 490 76 31
33 425 243 490 76 31 337
33 243 490 76 31 337 425
33 490 76 31 337 425 243
34 77 33 343 465 510 170
34 33 343 465 510 170 77
34 343 465 510 170 77 33
34 465 510 170 77 33 343
34 510 170 77 33 343 465
34 170 77 33 343 465 510
35 157 35 353 501 117 408
35 35 353 501 117 408 157
35 353 501 117 408 157 35
35 501 117 408 157 35 353
35 117 408 157 35 353 501
35 408 157 35 353 501 117
36 376 36 357 514 182 114
36 36 357 514 182 114 376
36 357 514 182 114 376 36
36 514 182 114 376 36 357
36 182 114 376 36 357 514
36 114 376 36 357 514 182
37 -1 37 358 523 221 384
38 -1 158 38 362 554 387
39 78 39 364 560 411 171
39 39 364 560 411 171 78
39 364 560 411 171 78 39
39 560 411 171 78 39 364
39 411 171 78 39 364 560
39 171 78 39 364 560 411
40 484 40 396 100 316 241
40 40 396 100 316 241 484
40 396 100 316 241 484 40
40 100 316 241 484 40 396
40 316 241 484 40 396 100
40 241 484 40 396 100 316
41 159 41 398 108 355 508
41 41 398 108 355 508 159
41 398 108 355 508 159 41
41 108 355 508 159 41 398
41 355 508 159 41 398 108
41 508 159 41 398 108 355
42 160 42 404 140 538 302
42 42 404 140 538 302 160
42 404 140 538 302 160 42
42 140 538 302 160 42 404
42 538 302 160 42 404 140
42 302 160 42 404 140 538
43 485 43 414 180 107 349
43 43 414 180 107 349 485
43 414 180 107 349 485 43
43 180 107 349 485 43 414
43 107 349 485 43 414 180
43 349 485 43 414 180 107
44 274 44 416 190 139 532
44 44 416 190 139 532 274
44 416 190 139 532 274 44
44 190 139 532 274 44 416
44 139 532 274 44 416 190
44 532 274 44 416 190 139
45 486 45 420 204 296 136
45 45 420 204 296 136 486
45 420 204 296 136 486 45
45 204 296 136 486 45 420
45 296 136 486 45 420 204
45 136 486 45 420 204 296
46 79 46 422 214 350 491
46 46 422 214 350 491 79
46 422 214 350 491 79 46
46 214 350 491 79 46 422
46 350 491 79 46 422 214
46 491 79 46 422 214 350
47 275 47 426 245 494 95
47 47 426 245 494 95 275
47 426 245 494 95 275 47
47 245 494 95 275 47 426
47 494 95 275 47 426 245
47 95 275 47 426 245 494
48 80 48 428 251 533 284
48 48 428 251 533 284 80
48 428 251 533 284 80 48
48 251 533 284 80 48 428
48 533 284 80 48 428 251
48 284 80 48 428 251 533
49 487 49 438 289 94 242
49 49 438 289 94 242 487
49 438 289 94 242 487 49
49 289 94 242 487 49 438
49 94 242 487 49 438 289
49 242 487 49 438 289 94
50 161 50 440 297 138 509
50 50 440 297 138 509 161
50 440 297 138 509 161 50
50 297 138 509 161 50 440
50 138 509 161 50 440 297
50 509 161 50 440 297 138
51 488 51 444 310 189 137
51 51 444 310 189 137 488
51 444 310 189 137 488 51
51 310 189 137 488 51 444
51 189 137 488 51 444 310
51 137 488 51 444 310 189
52 81 52 446 317 244 492
52 52 446 317 244 492 81
52 446 317 244 492 81 52
52 317 244 492 81 52 446
52 244 492 81 52 446 317
52 492 81 52 446 317 244
53 162 53 450 351 493 89
53 53 450 351 493 89 162
53 450 351 493 89 162 53
53 351 493 89 162 53 450
53 493 89 162 53 450 351
53 89 162 53 450 351 493
54 82 54 452 356 511 172
54 54 452 356 511 172 82
54 452 356 511 172 82 54
54 356 511 172 82 54 452
54 511 172 82 54 452 356
54 172 82 54 452 356 511
55 163 55 462 495 98 303
55 55 462 495 98 303 163
55 462 495 98 303 163 55
55 495 98 303 163 55 462
55 98 303 163 55 462 495
55 303 163 55 462 495 98
56 277 56 466 512 176 96
56 56 466 512 176 96 277
56 466 512 176 96 277 56
56 512 176 96 277 56 466
56 176 96 277 56 466 512
56 96 277 56 466 512 176
57 83 57 468 518 200 285
57 57 468 518 200 285 83
57 468 518 200 285 83 57
57 518 200 285 83 57 468
57 200 285 83 57 468 518
57 285 83 57 468 518 200
58 164 58 472 534 287 90
58 58 472 534 287 90 164
58 472 534 287 90 164 58
58 534 287 90 164 58 472
58 287 90 164 58 472 534
58 90 164 58 472 534 287
59 84 59 474 539 306 173
59 59 474 539 306 173 84
59 474 539 306 173 84 59
59 539 306 173 84 59 474
59 306 173 84 59 474 539
59 173 84 59 474 539 306
60 -1 502 119 418 198 279
61 165 60 504 125 442 304
61 60 504 125 442 304 165
61 504 125 442 304 165 60
61 125 442 304 165 60 504
61 442 304 165 60 504 125
61 304 165 60 504 125 442
62 -1 513 178 102 325 377
63 -1 515 184 124 434 280
64 378 61 519 202 291 115
64 61 519 202 291 115 378
64 519 202 291 115 378 61
64 202 291 115 378 61 519
64 291 115 378 61 519 202
64 115 378 61 519 202 291
65 85 62 521 208 327 385
65 62 521 208 327 385 85
65 521 208 327 385 85 62
65 208 327 385 85 62 521
65 327 385 85 62 521 208
65 385 85 62 521 208 327
66 166 64 536 292 118 410
66 64 536 292 118 410 166
66 536 292 118 410 166 64
66 292 118 410 166 64 536
66 118 410 166 64 536 292
66 410 166 64 536 292 118
67 380 65 540 308 183 116
67 65 540 308 183 116 380
67 540 308 183 116 380 65
67 308 183 116 380 65 540
67 183 116 380 65 540 308
67 116 380 65 540 308 183
68 -1 66 541 312 222 386
69 -1 167 67 545 328 388
70 86 68 547 334 412 174
70 68 547 334 412 174 86
70 547 334 412 174 86 68
70 334 412 174 86 68 547
70 412 174 86 68 547 334
70 174 86 68 547 334 412
71 168 69 557 395 99 305
71 69 557 395 99 305 168
71 557 395 99 305 168 69
71 395 99 305 168 69 557
71 99 305 168 69 557 395
71 305 168 69 557 395 99
72 283 70 561 413 177 97
72 70 561 413 177 97 283
72 561 413 177 97 283 70
72 413 177 97 283 70 561
72 177 97 283 70 561 413
72 97 283 70 561 413 177
73 87 71 563 419 201 286
73 71 563 419 201 286 87
73 563 419 201 286 87 71
73 419 201 286 87 71 563
73 201 286 87 71 563 419
73 286 87 71 563 419 201
74 169 72 567 437 288 91
74 72 567 437 288 91 169
74 567 437 288 91 169 72
74 437 288 91 169 72 567
74 288 91 169 72 567 437
74 91 169 72 567 437 288
75 88 73 569 443 307 175
75 73 569 443 307 175 88
75 569 443 307 175 88 73
75 443 307 175 88 73 569
75 307 175 88 73 569 443
75 175 88 73 569 443 307
76 -1 76 95 101 103 104
77 -1 77 96 102 105 106
78 -1 78 97 107 109 110
79 -1 79 111 117 119 120
80 -1 80 112 118 121 122
81 125 126 3 81 113 123
81 126 3 81 113 123 125
81 3 81 113 123 125 126
81 81 113 123 125 126 3
81 113 123 125 126 3 81
81 123 125 126 3 81 113
82 127 128 4 82 114 124
82 128 4 82 114 124 127
82 4 82 114 124 127 128
82 82 114 124 127 128 4
82 114 124 127 128 4 82
82 124 127 128 4 82 114
83 -1 83 115 129 131 132
84 133 134 5 84 116 130
84 134 5 84 116 130 133
84 5 84 116 130 133 134
84 84 116 130 133 134 5
84 116 130 133 134 5 84
84 130 133 134 5 84 116
85 -1 86 135 139 142 143
86 -1 87 136 144 146 147
87 148 149 7 88 137 145
87 149 7 88 137 145 148
87 7 88 137 145 148 149
87 88 137 145 148 149 7
87 137 145 148 149 7 88
87 145 148 149 7 88 137
88 -1 150 172 182 184 185
89 -1 151 173 183 186 187
90 -1 152 175 189 192 193
91 202 203 8 153 194 200
91 203 8 153 194 200 202
91 8 153 194 200 202 203
91 153 194 200 202 203 8
91 194 200 202 203 8 153
91 200 202 203 8 153 194
92 204 205 9 154 195 201
92 205 9 154 195 201 204
92 9 154 195 201 204 205
92 154 195 201 204 205 9
92 195 201 204 205 9 154
92 201 204 205 9 154 195
93 208 209 10 155 196 206
93 209 10 155 196 206 208
93 10 155 196 206 208 209
93 155 196 206 208 209 10
93 196 206 208 209 10 155
93 206 208 209 10 155 196
94 210 211 11 156 197 207
94 211 11 156 197 207 210
94 11 156 197 207 210 211
94 156 197 207 210 211 11
94 197 207 210 211 11 156
94 207 210 211 11 156 197
95 214 215 12 157 198 212
95 215 12 157 198 212 214
95 12 157 198 212 214 215
95 157 198 212 214 215 12
95 198 212 214 215 12 157
95 212 214 215 12 157 198
96 216 217 13 158 199 213
96 217 13 158 199 213 216
96 13 158 199 213 216 217
96 158 199 213 216 217 13
96 199 213 216 217 13 158
96 213 216 217 13 158 199
97 -1 161 218 227 229 230
98 -1 162 219 228 231 232
99 -1 164 220 233 236 237
100 -1 165 238 244 247 248
101 251 252 14 166 239 249
101 252 14 166 239 249 251
101 14 166 239 249 251 252
101 166 239 249 251 252 14
101 239 249 251 252 14 166
101 249 251 252 14 166 239
102 253 254 15 167 240 250
102 254 15 167 240 250 253
102 15 167 240 250 253 254
102 167 240 250 253 254 15
102 240 250 253 254 15 167
102 250 253 254 15 167 240
103 -1 169 242 255 258 259
104 292 293 18 262 284 290
104 293 18 262 284 290 292
104 18 262 284 290 292 293
104 262 284 290 292 293 18
104 284 290 292 293 18 262
104 290 292 293 18 262 284
105 294 295 19 263 285 291
105 295 19 263 285 291 294
105 19 263 285 291 294 295
105 263 285 291 294 295 19
105 285 291 294 295 19 263
105 291 294 295 19 263 285
106 298 299 21 265 286 296
106 299 21 265 286 296 298
106 21 265 286 296 298 299
106 265 286 296 298 299 21
106 286 296 298 299 21 265
106 296 298 299 21 265 286
107 308 309 22 266 300 306
107 309 22 266 300 306 308
107 22 266 300 306 308 309
107 266 300 306 308 309 22
107 300 306 308 309 22 266
107 306 308 309 22 266 300
108 310 311 23 267 301 307
108 311 23 267 301 307 310
108 23 267 301 307 310 311
108 267 301 307 310 311 23
108 301 307 310 311 23 267
108 307 310 311 23 267 301
109 -1 312 313 24 268 302
110 317 318 26 270 304 315
110 318 26 270 304 315 317
110 26 270 304 315 317 318
110 270 304 315 317 318 26
110 304 315 317 318 26 270
110 315 317 318 26 270 304
111 -1 319 27 271 305 316
112 328 329 28 272 320 326
112 329 28 272 320 326 328
112 28 272 320 326 328 329
112 272 320 326 328 329 28
112 320 326 328 329 28 272
112 326 328 329 28 272 320
113 330 331 29 273 321 327
113 331 29 273 321 327 330
113 29 273 321 327 330 331
113 273 321 327 330 331 29
113 321 327 330 331 29 273
113 327 330 331 29 273 321
114 334 335 30 274 322 332
114 335 30 274 322 332 334
114 30 274 322 332 334 335
114 274 322 332 334 335 30
114 322 332 334 335 30 274
114 332 334 335 30 274 322
115 336 337 31 275 323 333
115 337 31 275 323 333 336
115 31 275 323 333 336 337
115 275 323 333 336 337 31
115 323 333 336 337 31 275
115 333 336 337 31 275 323
116 340 341 32 276 324 338
116 341 32 276 324 338 340
116 32 276 324 338 340 341
116 276 324 338 340 341 32
116 324 338 340 341 32 276
116 338 340 341 32 276 324
117 342 343 33 277 325 339
117 343 33 277 325 339 342
117 33 277 325 339 342 343
117 277 325 339 342 343 33
117 325 339 342 343 33 277
117 339 342 343 33 277 325
118 352 353 35 279 345 350
118 353 35 279 345 350 352
118 35 279 345 350 352 353
118 279 345 350 352 353 35
118 345 350 352 353 35 279
118 350 352 353 35 279 345
119 356 357 36 280 346 354
119 357 36 280 346 354 356
119 36 280 346 354 356 357
119 280 346 354 356 357 36
119 346 354 356 357 36 280
119 354 356 357 36 280 346
120 -1 358 37 281 347 355
121 361 362 38 282 348 359
121 362 38 282 348 359 361
121 38 282 348 359 361 362
121 282 348 359 361 362 38
121 348 359 361 362 38 282
121 359 361 362 38 282 348
122 363 364 39 283 349 360
122 364 39 283 349 360 363
122 39 283 349 360 363 364
122 283 349 360 363 364 39
122 349 360 363 364 39 283
122 360 363 364 39 283 349
123 -1 383 393 395 396 40
124 -1 384 394 397 398 41
125 -1 386 400 403 404 42
126 413 414 43 365 405 411
126 414 43 365 405 411 413
126 43 365 405 411 413 414
126 365 405 411 413 414 43
126 405 411 413 414 43 365
126 411 413 414 43 365 405
127 415 416 44 366 406 412
127 416 44 366 406 412 415
127 44 366 406 412 415 416
127 366 406 412 415 416 44
127 406 412 415 416 44 366
127 412 415 416 44 366 406
128 419 420 45 367 407 417
128 420 45 367 407 417 419
128 45 367 407 417 419 420
128 367 407 417 419 420 45
128 407 417 419 420 45 367
128 417 419 420 45 367 407
129 421 422 46 368 408 418
129 422 46 368 408 418 421
129 46 368 408 418 421 422
129 368 408 418 421 422 46
129 408 418 421 422 46 368
129 418 421 422 46 368 408
130 425 426 47 369 409 423
130 426 47 369 409 423 425
130 47 369 409 423 425 426
130 369 409 423 425 426 47
130 409 423 425 426 47 369
130 423 425 426 47 369 409
131 427 428 48 370 410 424
131 428 48 370 410 424 427
131 48 370 410 424 427 428
131 370 410 424 427 428 48
131 410 424 427 428 48 370
131 424 427 428 48 370 410
132 437 438 49 371 429 435
132 438 49 371 429 435 437
132 49 371 429 435 437 438
132 371 429 435 437 438 49
132 429 435 437 438 49 371
132 435 437 438 49 371 429
133 439 440 50 372 430 436
133 440 50 372 430 436 439
133 50 372 430 436 439 440
133 372 430 436 439 440 50
133 430 436 439 440 50 372
133 436 439 440 50 372 430
134 443 444 51 373 431 441
134 444 51 373 431 441 443
134 51 373 431 441 443 444
134 373 431 441 443 444 51
134 431 441 443 444 51 373
134 441 443 444 51 373 431
135 445 446 52 374 432 442
135 446 52 374 432 442 445
135 52 374 432 442 445 446
135 374 432 442 445 446 52
135 432 442 445 446 52 374
135 442 445 446 52 374 432
136 449 450 53 375 433 447
136 450 53 375 433 447 449
136 53 375 433 447 449 450
136 375 433 447 449 450 53
136 433 447 449 450 53 375
136 447 449 450 53 375 433
137 451 452 54 376 434 448
137 452 54 376 434 448 451
137 54 376 434 448 451 452
137 376 434 448 451 452 54
137 434 448 451 452 54 376
137 448 451 452 54 376 434
138 465 466 56 377 453 463
138 466 56 377 453 463 465
138 56 377 453 463 465 466
138 377 453 463 465 466 56
138 453 463 465 466 56 377
138 463 465 466 56 377 453
139 467 468 57 378 454 464
139 468 57 378 454 464 467
139 57 378 454 464 467 468
139 378 454 464 467 468 57
139 454 464 467 468 57 378
139 464 467 468 57 378 454
140 471 472 58 379 455 469
140 472 58 379 455 469 471
140 58 379 455 469 471 472
140 379 455 469 471 472 58
140 455 469 471 472 58 379
140 469 471 472 58 379 455
141 473 474 59 380 456 470
141 474 59 380 456 470 473
141 59 380 456 470 473 474
141 380 456 470 473 474 59
141 456 470 473 474 59 380
141 470 473 474 59 380 456
142 503 504 60 475 492 500
142 504 60 475 492 500 503
142 60 475 492 500 503 504
142 475 492 500 503 504 60
142 492 500 503 504 60 475
142 500 503 504 60 475 492
143 518 519 61 476 506 516
143 519 61 476 506 516 518
143 61 476 506 516 518 519
143 476 506 516 518 519 61
143 506 516 518 519 61 476
143 516 518 519 61 476 506
144 520 521 62 477 507 517
144 521 62 477 507 517 520
144 62 477 507 517 520 521
144 477 507 517 520 521 62
144 507 517 520 521 62 477
144 517 520 521 62 477 507
145 535 536 64 479 528 533
145 536 64 479 528 533 535
145 64 479 528 533 535 536
145 479 528 533 535 536 64
145 528 533 535 536 64 479
145 533 535 536 64 479 528
146 539 540 65 480 529 537
146 540 65 480 529 537 539
146 65 480 529 537 539 540
146 480 529 537 539 540 65
146 529 537 539 540 65 480
146 537 539 540 65 480 529
147 -1 541 66 481 530 538
148 544 545 67 482 531 542
148 545 67 482 531 542 544
148 67 482 531 542 544 545
148 482 531 542 544 545 67
148 531 542 544 545 67 482
148 542 544 545 67 482 531
149 546 547 68 483 532 543
149 547 68 483 532 543 546
149 68 483 532 543 546 547
149 483 532 543 546 547 68
149 532 543 546 547 68 483
149 543 546 547 68 483 532
150 -1 553 556 557 69 484
151 560 561 70 485 548 558
151 561 70 485 548 558 560
151 70 485 548 558 560 561
151 485 548 558 560 561 70
151 548 558 560 561 70 485
151 558 560 561 70 485 548
152 562 563 71 486 549 559
152 563 71 486 549 559 562
152 71 486 549 559 562 563
152 486 549 559 562 563 71
152 549 559 562 563 71 486
152 559 562 563 71 486 549
153 566 567 72 487 550 564
153 567 72 487 550 564 566
153 72 487 550 564 566 567
153 487 550 564 566 567 72
153 550 564 566 567 72 487
153 564 566 567 72 487 550
154 568 569 73 488 551 565
154 569 73 488 551 565 568
154 73 488 551 565 568 569
154 488 551 565 568 569 73
154 551 565 568 569 73 488
154 565 568 569 73 488 551
155 -1 1 16 22 24 25
156 -1 2 17 23 26 27
157 -1 18 28 30 31 76
158 -1 19 29 32 33 77
159 -1 21 35 38 39 78
160 51 52 81 3 40 49
160 52 81 3 40 49 51
160 81 3 40 49 51 52
160 3 40 49 51 52 81
160 40 49 51 52 81 3
160 49 51 52 81 3 40
161 53 54 82 4 41 50
161 54 82 4 41 50 53
161 82 4 41 50 53 54
161 4 41 50 53 54 82
161 41 50 53 54 82 4
161 50 53 54 82 4 41
162 58 59 84 5 42 55
162 59 84 5 42 55 58
162 84 5 42 55 58 59
162 5 42 55 58 59 84
162 42 55 58 59 84 5
162 55 58 59 84 5 42
163 72 73 88 7 60 69
163 73 88 7 60 69 72
163 88 7 60 69 72 73
163 7 60 69 72 73 88
163 60 69 72 73 88 7
163 69 72 73 88 7 60
164 161 162 89 172 150 159
164 162 89 172 150 159 161
164 89 172 150 159 161 162
164 172 150 159 161 162 89
164 150 159 161 162 89 172
164 159 161 162 89 172 150
165 163 164 90 173 151 160
165 164 90 173 151 160 163
165 90 173 151 160 163 164
165 173 151 160 163 164 90
165 151 160 163 164 90 173
165 160 163 164 90 173 151
166 168 169 91 175 152 165
166 169 91 175 152 165 168
166 91 175 152 165 168 169
166 175 152 165 168 169 91
166 152 165 168 169 91 175
166 165 168 169 91 175 152
167 -1 176 200 194 196 197
168 -1 177 201 195 198 199
169 -1 178 202 208 206 207
170 211 210 92 179 203 209
170 210 92 179 203 209 211
170 92 179 203 209 211 210
170 179 203 209 211 210 92
170 203 209 211 210 92 179
170 209 211 210 92 179 203
171 -1 180 204 214 212 213
172 217 216 93 181 205 215
172 216 93 181 205 215 217
172 93 181 205 215 217 216
172 181 205 215 217 216 93
172 205 215 217 216 93 181
172 215 217 216 93 181 205
173 -1 184 223 229 227 228
174 -1 185 224 230 232 231
175 -1 187 226 235 237 236
176 241 242 94 189 244 238
176 242 94 189 244 238 241
176 94 189 244 238 241 242
176 189 244 238 241 242 94
176 244 238 241 242 94 189
176 238 241 242 94 189 244
177 -1 190 245 251 249 250
178 -1 191 246 252 254 253
179 -1 193 248 257 259 258
180 274 275 95 284 262 272
180 275 95 284 262 272 274
180 95 284 262 272 274 275
180 284 262 272 274 275 95
180 262 272 274 275 95 284
180 272 274 275 95 284 262
181 276 277 96 285 263 273
181 277 96 285 263 273 276
181 96 285 263 273 276 277
181 285 263 273 276 277 96
181 263 273 276 277 96 285
181 273 276 277 96 285 263
182 282 283 97 286 265 279
182 283 97 286 265 279 282
182 97 286 265 279 282 283
182 286 265 279 282 283 97
182 265 279 282 283 97 286
182 279 282 283 97 286 265
183 302 303 98 287 306 300
183 303 98 287 306 300 302
183 98 287 306 300 302 303
183 287 306 300 302 303 98
183 306 300 302 303 98 287
183 300 302 303 98 287 306
184 304 305 99 288 307 301
184 305 99 288 307 301 304
184 99 288 307 301 304 305
184 288 307 301 304 305 99
184 307 301 304 305 99 288
184 301 304 305 99 288 307
185 315 316 100 289 310 317
185 316 100 289 310 317 315
185 100 289 310 317 315 316
185 289 310 317 315 316 100
185 310 317 315 316 100 289
185 317 315 316 100 289 310
186 322 323 101 290 326 320
186 323 101 290 326 320 322
186 101 290 326 320 322 323
186 290 326 320 322 323 101
186 326 320 322 323 101 290
186 320 322 323 101 290 326
187 324 325 102 291 327 321
187 325 102 291 327 321 324
187 102 291 327 321 324 325
187 291 327 321 324 325 102
187 327 321 324 325 102 291
187 321 324 325 102 291 327
188 332 333 103 292 328 334
188 333 103 292 328 334 332
188 103 292 328 334 332 333
188 292 328 334 332 333 103
188 328 334 332 333 103 292
188 334 332 333 103 292 328
189 337 336 104 293 329 335
189 336 104 293 329 335 337
189 104 293 329 335 337 336
189 293 329 335 337 336 104
189 329 335 337 336 104 293
189 335 337 336 104 293 329
190 338 339 105 294 330 340
190 339 105 294 330 340 338
190 105 294 330 340 338 339
190 294 330 340 338 339 105
190 330 340 338 339 105 294
190 340 338 339 105 294 330
191 343 342 106 295 331 341
191 342 106 295 331 341 343
191 106 295 331 341 343 342
191 295 331 341 343 342 106
191 331 341 343 342 106 295
191 341 343 342 106 295 331
192 348 349 107 296 350 345
192 349 107 296 350 345 348
192 107 296 350 345 348 349
192 296 350 345 348 349 107
192 350 345 348 349 107 296
192 345 348 349 107 296 350
193 354 355 108 297 351 356
193 355 108 297 351 356 354
193 108 297 351 356 354 355
193 297 351 356 354 355 108
193 351 356 354 355 108 297
193 356 354 355 108 297 351
194 359 360 109 298 352 361
194 360 109 298 352 361 359
194 109 298 352 361 359 360
194 298 352 361 359 360 109
194 352 361 359 360 109 298
194 361 359 360 109 298 352
195 364 363 110 299 353 362
195 363 110 299 353 362 364
195 110 299 353 362 364 363
195 299 353 362 364 363 110
195 353 362 364 363 110 299
195 362 364 363 110 299 353
196 -1 365 367 368 111 381
197 -1 366 369 370 112 382
198 -1 371 373 374 113 383
199 -1 372 375 376 114 384
200 407 408 117 387 411 405
200 408 117 387 411 405 407
200 117 387 411 405 407 408
200 387 411 405 407 408 117
200 411 405 407 408 117 387
200 405 407 408 117 387 411
201 409 410 118 388 412 406
201 410 118 388 412 406 409
201 118 388 412 406 409 410
201 388 412 406 409 410 118
201 412 406 409 410 118 388
201 406 409 410 118 388 412
202 417 418 119 389 413 419
202 418 119 389 413 419 417
202 119 389 413 419 417 418
202 389 413 419 417 418 119
202 413 419 417 418 119 389
202 419 417 418 119 389 413
203 422 421 120 390 414 420
203 421 120 390 414 420 422
203 120 390 414 420 422 421
203 390 414 420 422 421 120
203 414 420 422 421 120 390
203 420 422 421 120 390 414
204 423 424 121 391 415 425
204 424 121 391 415 425 423
204 121 391 415 425 423 424
204 391 415 425 423 424 121
204 415 425 423 424 121 391
204 425 423 424 121 391 415
205 428 427 122 392 416 426
205 427 122 392 416 426 428
205 122 392 416 426 428 427
205 392 416 426 428 427 122
205 416 426 428 427 122 392
205 426 428 427 122 392 416
206 431 432 123 393 435 429
206 432 123 393 435 429 431
206 123 393 435 429 431 432
206 393 435 429 431 432 123
206 435 429 431 432 123 393
206 429 431 432 123 393 435
207 433 434 124 394 436 430
207 434 124 394 436 430 433
207 124 394 436 430 433 434
207 394 436 430 433 434 124
207 436 430 433 434 124 394
207 430 433 434 124 394 436
208 441 442 125 395 437 443
208 442 125 395 437 443 441
208 125 395 437 443 441 442
208 395 437 443 441 442 125
208 437 443 441 442 125 395
208 443 441 442 125 395 437
209 446 445 126 396 438 444
209 445 126 396 438 444 446
209 126 396 438 444 446 445
209 396 438 444 446 445 126
209 438 444 446 445 126 396
209 444 446 445 126 396 438
210 447 448 127 397 439 449
210 448 127 397 439 449 447
210 127 397 439 449 447 448
210 397 439 449 447 448 127
210 439 449 447 448 127 397
210 449 447 448 127 397 439
211 452 451 128 398 440 450
211 451 128 398 440 450 452
211 128 398 440 450 452 451
211 398 440 450 452 451 128
211 440 450 452 451 128 398
211 450 452 451 128 398 440
212 -1 453 454 129 399 457
213 -1 455 456 130 400 458
214 463 464 131 401 459 465
214 464 131 401 459 465 463
214 131 401 459 465 463 464
214 401 459 465 463 464 131
214 459 465 463 464 131 401
214 465 463 464 131 401 459
215 468 467 132 402 460 466
215 467 132 402 460 466 468
215 132 402 460 466 468 467
215 402 460 466 468 467 132
215 460 466 468 467 132 402
215 466 468 467 132 402 460
216 469 470 133 403 461 471
216 470 133 403 461 471 469
216 133 403 461 471 469 470
216 403 461 471 469 470 133
216 461 471 469 470 133 403
216 471 469 470 133 403 461
217 474 473 134 404 462 472
217 473 134 404 462 472 474
217 134 404 462 472 474 473
217 404 462 472 474 473 134
217 462 472 474 473 134 404
217 472 474 473 134 404 462
218 -1 479 482 483 135 490
219 487 488 137 492 475 484
219 488 137 492 475 484 487
219 137 492 475 484 487 488
219 492 475 484 487 488 137
219 475 484 487 488 137 492
219 484 487 488 137 492 475
220 508 509 138 493 511 505
220 509 138 493 511 505 508
220 138 493 511 505 508 509
220 493 511 505 508 509 138
220 511 505 508 509 138 493
220 505 508 509 138 493 511
221 531 532 139 494 533 528
221 532 139 494 533 528 531
221 139 494 533 528 531 532
221 494 533 528 531 532 139
221 533 528 531 532 139 494
221 528 531 532 139 494 533
222 537 538 140 495 534 539
222 538 140 495 534 539 537
222 140 495 534 539 537 538
222 495 534 539 537 538 140
222 534 539 537 538 140 495
222 539 537 538 140 495 534
223 542 543 142 497 535 544
223 543 142 497 535 544 542
223 142 497 535 544 542 543
223 497 535 544 542 543 142
223 535 544 542 543 142 497
223 544 542 543 142 497 535
224 547 546 143 498 536 545
224 546 143 498 536 545 547
224 143 498 536 545 547 546
224 498 536 545 547 546 143
224 536 545 547 546 143 498
224 545 547 546 143 498 536
225 -1 548 549 144 499 552
226 -1 550 551 145 500 553
227 558 559 146 501 554 560
227 559 146 501 554 560 558
227 146 501 554 560 558 559
227 501 554 560 558 559 146
227 554 560 558 559 146 501
227 560 558 559 146 501 554
228 563 562 147 502 555 561
228 562 147 502 555 561 563
228 147 502 555 561 563 562
228 502 555 561 563 562 147
228 555 561 563 562 147 502
228 561 563 562 147 502 555
229 564 565 148 503 556 566
229 565 148 503 556 566 564
229 148 503 556 566 564 565
229 503 556 566 564 565 148
229 556 566 564 565 148 503
229 566 564 565 148 503 556
230 569 568 149 504 557 567
230 568 149 504 557 567 569
230 149 504 557 567 569 568
230 504 557 567 569 568 149
230 557 567 569 568 149 504
230 567 569 568 149 504 557
231 18 19 153 8 22 16
231 19 153 8 22 16 18
231 153 8 22 16 18 19
231 8 22 16 18 19 153
231 22 16 18 19 153 8
231 16 18 19 153 8 22
232 20 21 154 9 23 17
232 21 154 9 23 17 20
232 154 9 23 17 20 21
232 9 23 17 20 21 154
232 23 17 20 21 154 9
232 17 20 21 154 9 23
233 28 29 155 10 24 30
233 29 155 10 24 30 28
233 155 10 24 30 28 29
233 10 24 30 28 29 155
233 24 30 28 29 155 10
233 30 28 29 155 10 24
234 33 32 156 11 25 31
234 32 156 11 25 31 33
234 156 11 25 31 33 32
234 11 25 31 33 32 156
234 25 31 33 32 156 11
234 31 33 32 156 11 25
235 34 35 157 12 26 36
235 35 157 12 26 36 34
235 157 12 26 36 34 35
235 12 26 36 34 35 157
235 26 36 34 35 157 12
235 36 34 35 157 12 26
236 39 38 158 13 27 37
236 38 158 13 27 37 39
236 158 13 27 37 39 38
236 13 27 37 39 38 158
236 27 37 39 38 158 13
236 37 39 38 158 13 27
237 -1 45 51 49 50 161
238 -1 46 52 54 53 162
239 -1 48 57 59 58 164
240 63 64 166 14 61 65
240 64 166 14 61 65 63
240 166 14 61 65 63 64
240 14 61 65 63 64 166
240 61 65 63 64 166 14
240 65 63 64 166 14 61
241 68 67 167 15 62 66
241 67 167 15 62 66 68
241 167 15 62 66 68 67
241 15 62 66 68 67 167
241 62 66 68 67 167 15
241 66 68 67 167 15 62
242 81 82 172 89 74 79
242 82 172 89 74 79 81
242 172 89 74 79 81 82
242 89 74 79 81 82 172
242 74 79 81 82 172 89
242 79 81 82 172 89 74
243 -1 80 83 84 173 90
244 -1 104 106 105 179 92
245 -1 117 111 113 114 182
246 -1 118 112 115 116 183
247 -1 119 125 123 124 184
248 -1 120 126 128 127 185
249 -1 121 131 129 130 186
250 -1 122 132 134 133 187
251 -1 136 137 189 94 138
252 262 263 194 300 266 260
252 263 194 300 266 260 262
252 194 300 266 260 262 263
252 300 266 260 262 263 194
252 266 260 262 263 194 300
252 260 262 263 194 300 266
253 264 265 195 301 267 261
253 265 195 301 267 261 264
253 195 301 267 261 264 265
253 301 267 261 264 265 195
253 267 261 264 265 195 301
253 261 264 265 195 301 267
254 272 273 196 302 268 274
254 273 196 302 268 274 272
254 196 302 268 274 272 273
254 302 268 274 272 273 196
254 268 274 272 273 196 302
254 274 272 273 196 302 268
255 277 276 197 303 269 275
255 276 197 303 269 275 277
255 197 303 269 275 277 276
255 303 269 275 277 276 197
255 269 275 277 276 197 303
255 275 277 276 197 303 269
256 278 279 198 304 270 280
256 279 198 304 270 280 278
256 198 304 270 280 278 279
256 304 270 280 278 279 198
256 270 280 278 279 198 304
256 280 278 279 198 304 270
257 283 282 199 305 271 281
257 282 199 305 271 281 283
257 199 305 271 281 283 282
257 305 271 281 283 282 199
257 271 281 283 282 199 305
257 281 283 282 199 305 271
258 -1 284 285 200 306 287
259 -1 292 290 291 202 308
260 -1 293 295 294 203 309
261 -1 296 204 310 289 297
262 -1 332 322 320 321 206
263 -1 333 323 325 324 207
264 326 327 208 312 334 328
264 327 208 312 334 328 326
264 208 312 334 328 326 327
264 312 334 328 326 327 208
264 334 328 326 327 208 312
264 328 326 327 208 312 334
265 331 330 209 313 335 329
265 330 209 313 335 329 331
265 209 313 335 329 331 330
265 313 335 329 331 330 209
265 335 329 331 330 209 313
265 329 331 330 209 313 335
266 -1 336 342 339 338 210
267 341 340 211 314 337 343
267 340 211 314 337 343 341
267 211 314 337 343 341 340
267 314 337 343 341 340 211
267 337 343 341 340 211 314
267 343 341 340 211 314 337
268 344 345 212 315 354 346
268 345 212 315 354 346 344
268 212 315 354 346 344 345
268 315 354 346 344 345 212
268 354 346 344 345 212 315
268 346 344 345 212 315 354
269 349 348 213 316 355 347
269 348 213 316 355 347 349
269 213 316 355 347 349 348
269 316 355 347 349 348 213
269 355 347 349 348 213 316
269 347 349 348 213 316 355
270 -1 350 214 317 356 351
271 -1 353 352 215 318 357
272 362 361 217 319 358 364
272 361 217 319 358 364 362
272 217 319 358 364 362 361
272 319 358 364 362 361 217
272 358 364 362 361 217 319
272 364 362 361 217 319 358
273 371 372 218 407 367 373
273 372 218 407 367 373 371
273 218 407 367 373 371 372
273 407 367 373 371 372 218
273 367 373 371 372 218 407
273 373 371 372 218 407 367
274 376 375 219 408 368 374
274 375 219 408 368 374 376
274 219 408 368 374 376 375
274 408 368 374 376 375 219
274 368 374 376 375 219 408
274 374 376 375 219 408 368
275 380 379 220 410 370 378
275 379 220 410 370 378 380
275 220 410 370 378 380 379
275 410 370 378 380 379 220
275 370 378 380 379 220 410
275 378 380 379 220 410 370
276 383 384 221 411 387 381
276 384 221 411 387 381 383
276 221 411 387 381 383 384
276 411 387 381 383 384 221
276 387 381 383 384 221 411
276 381 383 384 221 411 387
277 385 386 222 412 388 382
277 386 222 412 388 382 385
277 222 412 388 382 385 386
277 412 388 382 385 386 222
277 388 382 385 386 222 412
277 382 385 386 222 412 388
278 393 394 223 413 389 395
278 394 223 413 389 395 393
278 223 413 389 395 393 394
278 413 389 395 393 394 223
278 389 395 393 394 223 413
278 395 393 394 223 413 389
279 398 397 224 414 390 396
279 397 224 414 390 396 398
279 224 414 390 396 398 397
279 414 390 396 398 397 224
279 390 396 398 397 224 414
279 396 398 397 224 414 390
280 399 400 225 415 391 401
280 400 225 415 391 401 399
280 225 415 391 401 399 400
280 415 391 401 399 400 225
280 391 401 399 400 225 415
280 401 399 400 225 415 391
281 404 403 226 416 392 402
281 403 226 416 392 402 404
281 226 416 392 402 404 403
281 416 392 402 404 403 226
281 392 402 404 403 226 416
281 402 404 403 226 416 392
282 429 430 227 417 441 431
282 430 227 417 441 431 429
282 227 417 441 431 429 430
282 417 441 431 429 430 227
282 441 431 429 430 227 417
282 431 429 430 227 417 441
283 434 433 228 418 442 432
283 433 228 418 442 432 434
283 228 418 442 432 434 433
283 418 442 432 434 433 228
283 442 432 434 433 228 418
283 432 434 433 228 418 442
284 435 436 229 419 443 437
284 436 229 419 443 437 435
284 229 419 443 437 435 436
284 419 443 437 435 436 229
284 443 437 435 436 229 419
284 437 435 436 229 419 443
285 440 439 230 420 444 438
285 439 230 420 444 438 440
285 230 420 444 438 440 439
285 420 444 438 440 439 230
285 444 438 440 439 230 420
285 438 440 439 230 420 444
286 448 447 231 421 445 451
286 447 231 421 445 451 448
286 231 421 445 451 448 447
286 421 445 451 448 447 231
286 445 451 448 447 231 421
286 451 448 447 231 421 445
287 450 449 232 422 446 452
287 449 232 422 446 452 450
287 232 422 446 452 450 449
287 422 446 452 450 449 232
287 446 452 450 449 232 422
287 452 450 449 232 422 446
288 456 455 233 424 464 454
288 455 233 424 464 454 456
288 233 424 464 454 456 455
288 424 464 454 456 455 233
288 464 454 456 455 233 424
288 454 456 455 233 424 464
289 457 458 234 425 465 459
289 458 234 425 465 459 457
289 234 425 465 459 457 458
289 425 465 459 457 458 234
289 465 459 457 458 234 425
289 459 457 458 234 425 465
290 462 461 235 426 466 460
290 461 235 426 466 460 462
290 235 426 466 460 462 461
290 426 466 460 462 461 235
290 466 460 462 461 235 426
290 460 462 461 235 426 466
291 470 469 236 427 467 473
291 469 236 427 467 473 470
291 236 427 467 473 470 469
291 427 467 473 470 469 236
291 467 473 470 469 236 427
291 473 470 469 236 427 467
292 472 471 237 428 468 474
292 471 237 428 468 474 472
292 237 428 468 474 472 471
292 428 468 474 472 471 237
292 468 474 472 471 237 428
292 474 472 471 237 428 468
293 478 479 239 506 476 480
293 479 239 506 476 480 478
293 239 506 476 480 478 479
293 506 476 480 478 479 239
293 476 480 478 479 239 506
293 480 478 479 239 506 476
294 483 482 240 507 477 481
294 482 240 507 477 481 483
294 240 507 477 481 483 482
294 507 477 481 483 482 240
294 477 481 483 482 240 507
294 481 483 482 240 507 477
295 -1 486 488 487 242 509
296 491 492 244 511 493 489
296 492 244 511 493 489 491
296 244 511 493 489 491 492
296 511 493 489 491 492 244
296 493 489 491 492 244 511
296 489 491 492 244 511 493
297 -1 496 498 497 246 513
298 -1 501 499 500 247 514
299 -1 502 504 503 248 515
300 527 528 249 516 537 529
300 528 249 516 537 529 527
300 249 516 537 529 527 528
300 516 537 529 527 528 249
300 537 529 527 528 249 516
300 529 527 528 249 516 537
301 532 531 250 517 538 530
301 531 250 517 538 530 532
301 250 517 538 530 532 531
301 517 538 530 532 531 250
301 538 530 532 531 250 517
301 530 532 531 250 517 538
302 -1 533 251 518 539 534
303 -1 536 535 252 519 540
304 -1 546 543 542 253 520
305 545 544 254 521 541 547
305 544 254 521 541 547 545
305 254 521 541 547 545 544
305 521 541 547 545 544 254
305 541 547 545 544 254 521
305 547 545 544 254 521 541
306 551 550 255 522 559 549
306 550 255 522 559 549 551
306 255 522 559 549 551 550
306 522 559 549 551 550 255
306 559 549 551 550 255 522
306 549 551 550 255 522 559
307 552 553 256 523 560 554
307 553 256 523 560 554 552
307 256 523 560 554 552 553
307 523 560 554 552 553 256
307 560 554 552 553 256 523
307 554 552 553 256 523 560
308 557 556 257 524 561 555
308 556 257 524 561 555 557
308 257 524 561 555 557 556
308 524 561 555 557 556 257
308 561 555 557 556 257 524
308 555 557 556 257 524 561
309 565 564 258 525 562 568
309 564 258 525 562 568 565
309 258 525 562 568 565 564
309 525 562 568 565 564 258
309 562 568 565 564 258 525
309 568 565 564 258 525 562
310 567 566 259 526 563 569
310 566 259 526 563 569 567
310 259 526 563 569 567 566
310 526 563 569 567 566 259
310 563 569 567 566 259 526
310 569 567 566 259 526 563
311 -1 273 29 50 41 42
312 43 44 274 30 51 45
312 44 274 30 51 45 43
312 274 30 51 45 43 44
312 30 51 45 43 44 274
312 51 45 43 44 274 30
312 45 43 44 274 30 51
313 48 47 275 31 52 46
313 47 275 31 52 46 48
313 275 31 52 46 48 47
313 31 52 46 48 47 275
313 52 46 48 47 275 31
313 46 48 47 275 31 52
314 -1 276 32 53 58 55
315 57 56 277 33 54 59
315 56 277 33 54 59 57
315 277 33 54 59 57 56
315 33 54 59 57 56 277
315 54 59 57 56 277 33
315 59 57 56 277 33 54
316 -1 282 38 67 72 69
317 71 70 283 39 68 73
317 70 283 39 68 73 71
317 283 39 68 73 71 70
317 39 68 73 71 70 283
317 68 73 71 70 283 39
317 73 71 70 283 39 68
318 79 80 284 95 76 81
318 80 284 95 76 81 79
318 284 95 76 81 79 80
318 95 76 81 79 80 284
318 76 81 79 80 284 95
318 81 79 80 284 95 76
319 84 83 285 96 77 82
319 83 285 96 77 82 84
319 285 96 77 82 84 83
319 96 77 82 84 83 285
319 77 82 84 83 285 96
319 82 84 83 285 96 77
320 88 87 286 97 78 86
320 87 286 97 78 86 88
320 286 97 78 86 88 87
320 97 78 86 88 87 286
320 78 86 88 87 286 97
320 86 88 87 286 97 78
321 111 112 290 101 123 113
321 112 290 101 123 113 111
321 290 101 123 113 111 112
321 101 123 113 111 112 290
321 123 113 111 112 290 101
321 113 111 112 290 101 123
322 116 115 291 102 124 114
322 115 291 102 124 114 116
322 291 102 124 114 116 115
322 102 124 114 116 115 291
322 124 114 116 115 291 102
322 114 116 115 291 102 124
323 117 118 292 103 125 119
323 118 292 103 125 119 117
323 292 103 125 119 117 118
323 103 125 119 117 118 292
323 125 119 117 118 292 103
323 119 117 118 292 103 125
324 122 121 293 104 126 120
324 121 293 104 126 120 122
324 293 104 126 120 122 121
324 104 126 120 122 121 293
324 126 120 122 121 293 104
324 120 122 121 293 104 126
325 130 129 294 105 127 133
325 129 294 105 127 133 130
325 294 105 127 133 130 129
325 105 127 133 130 129 294
325 127 133 130 129 294 105
325 133 130 129 294 105 127
326 132 131 295 106 128 134
326 131 295 106 128 134 132
326 295 106 128 134 132 131
326 106 128 134 132 131 295
326 128 134 132 131 295 106
326 134 132 131 295 106 128
327 137 136 296 107 139 135
327 136 296 107 139 135 137
327 296 107 139 135 137 136
327 107 139 135 137 136 296
327 139 135 137 136 296 107
327 135 137 136 296 107 139
328 145 144 298 109 142 148
328 144 298 109 142 148 145
328 298 109 142 148 145 144
328 109 142 148 145 144 298
328 142 148 145 144 298 109
328 148 145 144 298 109 142
329 147 146 299 110 143 149
329 146 299 110 143 149 147
329 299 110 143 149 147 146
329 110 143 149 147 146 299
329 143 149 147 146 299 110
329 149 147 146 299 110 143
330 -1 150 151 300 194 153
331 159 160 302 196 155 161
331 160 302 196 155 161 159
331 302 196 155 161 159 160
331 196 155 161 159 160 302
331 155 161 159 160 302 196
331 161 159 160 302 196 155
332 164 163 303 197 156 162
332 163 303 197 156 162 164
332 303 197 156 162 164 163
332 197 156 162 164 163 303
332 156 162 164 163 303 197
332 162 164 163 303 197 156
333 -1 165 304 198 157 166
334 169 168 305 199 158 167
334 168 305 199 158 167 169
334 305 199 158 167 169 168
334 199 158 167 169 168 305
334 158 167 169 168 305 199
334 167 169 168 305 199 158
335 172 173 306 200 176 170
335 173 306 200 176 170 172
335 306 200 176 170 172 173
335 200 176 170 172 173 306
335 176 170 172 173 306 200
335 170 172 173 306 200 176
336 174 175 307 201 177 171
336 175 307 201 177 171 174
336 307 201 177 171 174 175
336 201 177 171 174 175 307
336 177 171 174 175 307 201
336 171 174 175 307 201 177
337 182 183 308 202 178 184
337 183 308 202 178 184 182
337 308 202 178 184 182 183
337 202 178 184 182 183 308
337 178 184 182 183 308 202
337 184 182 183 308 202 178
338 187 186 309 203 179 185
338 186 309 203 179 185 187
338 309 203 179 185 187 186
338 203 179 185 187 186 309
338 179 185 187 186 309 203
338 185 187 186 309 203 179
339 188 189 310 204 180 190
339 189 310 204 180 190 188
339 310 204 180 190 188 189
339 204 180 190 188 189 310
339 180 190 188 189 310 204
339 190 188 189 310 204 180
340 193 192 311 205 181 191
340 192 311 205 181 191 193
340 311 205 181 191 193 192
340 205 181 191 193 192 311
340 181 191 193 192 311 205
340 191 193 192 311 205 181
341 221 222 312 208 229 223
341 222 312 208 229 223 221
341 312 208 229 223 221 222
341 208 229 223 221 222 312
341 229 223 221 222 312 208
341 223 221 222 312 208 229
342 226 225 313 209 230 224
342 225 313 209 230 224 226
342 313 209 230 224 226 225
342 209 230 224 226 225 313
342 230 224 226 225 313 209
342 224 226 225 313 209 230
343 235 234 314 211 232 237
343 234 314 211 232 237 235
343 314 211 232 237 235 234
343 211 232 237 235 234 314
343 232 237 235 234 314 211
343 237 235 234 314 211 232
344 -1 238 315 212 249 239
345 242 241 316 213 250 240
345 241 316 213 250 240 242
345 316 213 250 240 242 241
345 213 250 240 242 241 316
345 250 240 242 241 316 213
345 240 242 241 316 213 250
346 243 244 317 214 251 245
346 244 317 214 251 245 243
346 317 214 251 245 243 244
346 214 251 245 243 244 317
346 251 245 243 244 317 214
346 245 243 244 317 214 251
347 248 247 318 215 252 246
347 247 318 215 252 246 248
347 318 215 252 246 248 247
347 215 252 246 248 247 318
347 252 246 248 247 318 215
347 246 248 247 318 215 252
348 257 256 319 217 254 259
348 256 319 217 254 259 257
348 319 217 254 259 257 256
348 217 254 259 257 256 319
348 254 259 257 256 319 217
348 259 257 256 319 217 254
349 365 366 322 431 373 367
349 366 322 431 373 367 365
349 322 431 373 367 365 366
349 431 373 367 365 366 322
349 373 367 365 366 322 431
349 367 365 366 322 431 373
350 370 369 323 432 374 368
350 369 323 432 374 368 370
350 323 432 374 368 370 369
350 432 374 368 370 369 323
350 374 368 370 369 323 432
350 368 370 369 323 432 374
351 378 377 325 434 376 380
351 377 325 434 376 380 378
351 325 434 376 380 378 377
351 434 376 380 378 377 325
351 376 380 378 377 325 434
351 380 378 377 325 434 376
352 381 382 326 435 393 383
352 382 326 435 393 383 381
352 326 435 393 383 381 382
352 435 393 383 381 382 326
352 393 383 381 382 326 435
352 383 381 382 326 435 393
353 386 385 327 436 394 384
353 385 327 436 394 384 386
353 327 436 394 384 386 385
353 436 394 384 386 385 327
353 394 384 386 385 327 436
353 384 386 385 327 436 394
354 387 388 328 437 395 389
354 388 328 437 395 389 387
354 328 437 395 389 387 388
354 437 395 389 387 388 328
354 395 389 387 388 328 437
354 389 387 388 328 437 395
355 392 391 329 438 396 390
355 391 329 438 396 390 392
355 329 438 396 390 392 391
355 438 396 390 392 391 329
355 396 390 392 391 329 438
355 390 392 391 329 438 396
356 400 399 330 439 397 403
356 399 330 439 397 403 400
356 330 439 397 403 400 399
356 439 397 403 400 399 330
356 397 403 400 399 330 439
356 403 400 399 330 439 397
357 402 401 331 440 398 404
357 401 331 440 398 404 402
357 331 440 398 404 402 401
357 440 398 404 402 401 331
357 398 404 402 401 331 440
357 404 402 401 331 440 398
358 405 406 332 441 417 407
358 406 332 441 417 407 405
358 332 441 417 407 405 406
358 441 417 407 405 406 332
358 417 407 405 406 332 441
358 407 405 406 332 441 417
359 410 409 333 442 418 408
359 409 333 442 418 408 410
359 333 442 418 408 410 409
359 442 418 408 410 409 333
359 418 408 410 409 333 442
359 408 410 409 333 442 418
360 411 412 334 443 419 413
360 412 334 443 419 413 411
360 334 443 419 413 411 412
360 443 419 413 411 412 334
360 419 413 411 412 334 443
360 413 411 412 334 443 419
361 416 415 335 444 420 414
361 415 335 444 420 414 416
361 335 444 420 414 416 415
361 444 420 414 416 415 335
361 420 414 416 415 335 444
361 414 416 415 335 444 420
362 424 423 336 445 421 427
362 423 336 445 421 427 424
362 336 445 421 427 424 423
362 445 421 427 424 423 336
362 421 427 424 423 336 445
362 427 424 423 336 445 421
363 426 425 337 446 422 428
363 425 337 446 422 428 426
363 337 446 422 428 426 425
363 446 422 428 426 425 337
363 422 428 426 425 337 446
363 428 426 425 337 446 422
364 454 453 339 448 470 456
364 453 339 448 470 456 454
364 339 448 470 456 454 453
364 448 470 456 454 453 339
364 470 456 454 453 339 448
364 456 454 453 339 448 470
365 458 457 340 449 471 461
365 457 340 449 471 461 458
365 340 449 471 461 458 457
365 449 471 461 458 457 340
365 471 461 458 457 340 449
365 461 458 457 340 449 471
366 460 459 341 450 472 462
366 459 341 450 472 462 460
366 341 450 472 462 460 459
366 450 472 462 460 459 341
366 472 462 460 459 341 450
366 462 460 459 341 450 472
367 464 463 342 451 473 467
367 463 342 451 473 467 464
367 342 451 473 467 464 463
367 451 473 467 464 463 342
367 473 467 464 463 342 451
367 467 464 463 342 451 473
368 466 465 343 452 474 468
368 465 343 452 474 468 466
368 343 452 474 468 466 465
368 452 474 468 466 465 343
368 474 468 466 465 343 452
368 468 466 465 343 452 474
369 -1 348 531 482 487 484
370 486 485 349 532 483 488
370 485 349 532 483 488 486
370 349 532 483 488 486 485
370 532 483 488 486 485 349
370 483 488 486 485 349 532
370 488 486 485 349 532 483
371 492 491 350 533 494 490
371 491 350 533 494 490 492
371 350 533 494 490 492 491
371 533 494 490 492 491 350
371 494 490 492 491 350 533
371 490 492 491 350 533 494
372 500 499 352 535 497 503
372 499 352 535 497 503 500
372 352 535 497 503 500 499
372 535 497 503 500 499 352
372 497 503 500 499 352 535
372 503 500 499 352 535 497
373 502 501 353 536 498 504
373 501 353 536 498 504 502
373 353 536 498 504 502 501
373 536 498 504 502 501 353
373 498 504 502 501 353 536
373 504 502 501 353 536 498
374 -1 505 354 537 516 506
375 509 508 355 538 517 507
375 508 355 538 517 507 509
375 355 538 517 507 509 508
375 538 517 507 509 508 355
375 517 507 509 508 355 538
375 507 509 508 355 538 517
376 510 511 356 539 518 512
376 511 356 539 518 512 510
376 356 539 518 512 510 511
376 539 518 512 510 511 356
376 518 512 510 511 356 539
376 512 510 511 356 539 518
377 515 514 357 540 519 513
377 514 357 540 519 513 515
377 357 540 519 513 515 514
377 540 519 513 515 514 357
377 519 513 515 514 357 540
377 513 515 514 357 540 519
378 524 523 358 541 521 526
378 523 358 541 521 526 524
378 358 541 521 526 524 523
378 541 521 526 524 523 358
378 521 526 524 523 358 541
378 526 524 523 358 541 521
379 549 548 360 543 565 551
379 548 360 543 565 551 549
379 360 543 565 551 549 548
379 543 565 551 549 548 360
379 565 551 549 548 360 543
379 551 549 548 360 543 565
380 553 552 361 544 566 556
380 552 361 544 566 556 553
380 361 544 566 556 553 552
380 544 566 556 553 552 361
380 566 556 553 552 361 544
380 556 553 552 361 544 566
381 555 554 362 545 567 557
381 554 362 545 567 557 555
381 362 545 567 557 555 554
381 545 567 557 555 554 362
381 567 557 555 554 362 545
381 557 555 554 362 545 567
382 559 558 363 546 568 562
382 558 363 546 568 562 559
382 363 546 568 562 559 558
382 546 568 562 559 558 363
382 568 562 559 558 363 546
382 562 559 558 363 546 568
383 561 560 364 547 569 563
383 560 364 547 569 563 561
383 364 547 569 563 561 560
383 547 569 563 561 560 364
383 569 563 561 560 364 547
383 563 561 560 364 547 569
384 -1 10 8 9 367 45
385 -1 11 13 12 368 46
386 16 17 371 49 28 18
386 17 371 49 28 18 16
386 371 49 28 18 16 17
386 49 28 18 16 17 371
386 28 18 16 17 371 49
386 18 16 17 371 49 28
387 21 20 372 50 29 19
387 20 372 50 29 19 21
387 372 50 29 19 21 20
387 50 29 19 21 20 372
387 29 19 21 20 372 50
387 19 21 20 372 50 29
388 22 23 373 51 30 24
388 23 373 51 30 24 22
388 373 51 30 24 22 23
388 51 30 24 22 23 373
388 30 24 22 23 373 51
388 24 22 23 373 51 30
389 27 26 374 52 31 25
389 26 374 52 31 25 27
389 374 52 31 25 27 26
389 52 31 25 27 26 374
389 31 25 27 26 374 52
389 25 27 26 374 52 31
390 35 34 375 53 32 38
390 34 375 53 32 38 35
390 375 53 32 38 35 34
390 53 32 38 35 34 375
390 32 38 35 34 375 53
390 38 35 34 375 53 32
391 37 36 376 54 33 39
391 36 376 54 33 39 37
391 376 54 33 39 37 36
391 54 33 39 37 36 376
391 33 39 37 36 376 54
391 39 37 36 376 54 33
392 -1 62 61 378 57 71
393 64 63 379 58 72 67
393 63 379 58 72 67 64
393 379 58 72 67 64 63
393 58 72 67 64 63 379
393 72 67 64 63 379 58
393 67 64 63 379 58 72
394 66 65 380 59 73 68
394 65 380 59 73 68 66
394 380 59 73 68 66 65
394 59 73 68 66 65 380
394 73 68 66 65 380 59
394 68 66 65 380 59 73
395 -1 384 114 82 77 78
396 -1 85 385 115 83 87
397 -1 386 116 84 88 86
398 -1 394 124 102 96 97
399 -1 98 99 395 125 103
400 -1 397 127 105 109 107
401 -1 108 398 128 106 110
402 -1 400 130 145 137 135
403 -1 403 133 148 142 139
404 141 140 404 134 149 143
404 140 404 134 149 143 141
404 404 134 149 143 141 140
404 134 149 143 141 140 404
404 149 143 141 140 404 134
404 143 141 140 404 134 149
405 153 154 407 218 161 155
405 154 407 218 161 155 153
405 407 218 161 155 153 154
405 218 161 155 153 154 407
405 161 155 153 154 407 218
405 155 153 154 407 218 161
406 158 157 408 219 162 156
406 157 408 219 162 156 158
406 408 219 162 156 158 157
406 219 162 156 158 157 408
406 162 156 158 157 408 219
406 156 158 157 408 219 162
407 167 166 410 220 164 169
407 166 410 220 164 169 167
407 410 220 164 169 167 166
407 220 164 169 167 166 410
407 164 169 167 166 410 220
407 169 167 166 410 220 164
408 170 171 411 221 182 172
408 171 411 221 182 172 170
408 411 221 182 172 170 171
408 221 182 172 170 171 411
408 182 172 170 171 411 221
408 172 170 171 411 221 182
409 175 174 412 222 183 173
409 174 412 222 183 173 175
409 412 222 183 173 175 174
409 222 183 173 175 174 412
409 183 173 175 174 412 222
409 173 175 174 412 222 183
410 176 177 413 223 184 178
410 177 413 223 184 178 176
410 413 223 184 178 176 177
410 223 184 178 176 177 413
410 184 178 176 177 413 223
410 178 176 177 413 223 184
411 181 180 414 224 185 179
411 180 414 224 185 179 181
411 414 224 185 179 181 180
411 224 185 179 181 180 414
411 185 179 181 180 414 224
411 179 181 180 414 224 185
412 189 188 415 225 186 192
412 188 415 225 186 192 189
412 415 225 186 192 189 188
412 225 186 192 189 188 415
412 186 192 189 188 415 225
412 192 189 188 415 225 186
413 191 190 416 226 187 193
413 190 416 226 187 193 191
413 416 226 187 193 191 190
413 226 187 193 191 190 416
413 187 193 191 190 416 226
413 193 191 190 416 226 187
414 194 195 417 227 206 196
414 195 417 227 206 196 194
414 417 227 206 196 194 195
414 227 206 196 194 195 417
414 206 196 194 195 417 227
414 196 194 195 417 227 206
415 199 198 418 228 207 197
415 198 418 228 207 197 199
415 418 228 207 197 199 198
415 228 207 197 199 198 418
415 207 197 199 198 418 228
415 197 199 198 418 228 207
416 200 201 419 229 208 202
416 201 419 229 208 202 200
416 419 229 208 202 200 201
416 229 208 202 200 201 419
416 208 202 200 201 419 229
416 202 200 201 419 229 208
417 205 204 420 230 209 203
417 204 420 230 209 203 205
417 420 230 209 203 205 204
417 230 209 203 205 204 420
417 209 203 205 204 420 230
417 203 205 204 420 230 209
418 213 212 421 231 210 216
418 212 421 231 210 216 213
418 421 231 210 216 213 212
418 231 210 216 213 212 421
418 210 216 213 212 421 231
418 216 213 212 421 231 210
419 215 214 422 232 211 217
419 214 422 232 211 217 215
419 422 232 211 217 215 214
419 232 211 217 215 214 422
419 211 217 215 214 422 232
419 217 215 214 422 232 211
420 240 239 424 233 255 242
420 239 424 233 255 242 240
420 424 233 255 242 240 239
420 233 255 242 240 239 424
420 255 242 240 239 424 233
420 242 240 239 424 233 255
421 244 243 425 234 256 247
421 243 425 234 256 247 244
421 425 234 256 247 244 243
421 234 256 247 244 243 425
421 256 247 244 243 425 234
421 247 244 243 425 234 256
422 246 245 426 235 257 248
422 245 426 235 257 248 246
422 426 235 257 248 246 245
422 235 257 248 246 245 426
422 257 248 246 245 426 235
422 248 246 245 426 235 257
423 250 249 427 236 258 253
423 249 427 236 258 253 250
423 427 236 258 253 250 249
423 236 258 253 250 249 427
423 258 253 250 249 427 236
423 253 250 249 427 236 258
424 252 251 428 237 259 254
424 251 428 237 259 254 252
424 428 237 259 254 252 251
424 237 259 254 252 251 428
424 259 254 252 251 428 237
424 254 252 251 428 237 259
425 260 261 429 320 272 262
425 261 429 320 272 262 260
425 429 320 272 262 260 261
425 320 272 262 260 261 429
425 272 262 260 261 429 320
425 262 260 261 429 320 272
426 265 264 430 321 273 263
426 264 430 321 273 263 265
426 430 321 273 263 265 264
426 321 273 263 265 264 430
426 273 263 265 264 430 321
426 263 265 264 430 321 273
427 266 267 431 322 274 268
427 267 431 322 274 268 266
427 431 322 274 268 266 267
427 322 274 268 266 267 431
427 274 268 266 267 431 322
427 268 266 267 431 322 274
428 271 270 432 323 275 269
428 270 432 323 275 269 271
428 432 323 275 269 271 270
428 323 275 269 271 270 432
428 275 269 271 270 432 323
428 269 271 270 432 323 275
429 279 278 433 324 276 282
429 278 433 324 276 282 279
429 433 324 276 282 279 278
429 324 276 282 279 278 433
429 276 282 279 278 433 324
429 282 279 278 433 324 276
430 281 280 434 325 277 283
430 280 434 325 277 283 281
430 434 325 277 283 281 280
430 325 277 283 281 280 434
430 277 283 281 280 434 325
430 283 281 280 434 325 277
431 -1 436 327 291 285 286
432 -1 287 288 437 328 292
433 -1 439 330 294 298 296
434 -1 297 440 331 295 299
435 -1 302 300 301 441 332
436 -1 303 305 304 442 333
437 306 307 443 334 312 308
437 307 443 334 312 308 306
437 443 334 312 308 306 307
437 334 312 308 306 307 443
437 312 308 306 307 443 334
437 308 306 307 443 334 312
438 311 310 444 335 313 309
438 310 444 335 313 309 311
438 444 335 313 309 311 310
438 335 313 309 311 310 444
438 313 309 311 310 444 335
438 309 311 310 444 335 313
439 318 317 446 337 314 319
439 317 446 337 314 319 318
439 446 337 314 319 318 317
439 337 314 319 318 317 446
439 314 319 318 317 446 337
439 319 318 317 446 337 314
440 345 344 447 338 359 348
440 344 447 338 359 348 345
440 447 338 359 348 345 344
440 338 359 348 345 344 447
440 359 348 345 344 447 338
440 348 345 344 447 338 359
441 347 346 448 339 360 349
441 346 448 339 360 349 347
441 448 339 360 349 347 346
441 339 360 349 347 346 448
441 360 349 347 346 448 339
441 349 347 346 448 339 360
442 -1 449 340 361 352 350
443 -1 351 450 341 362 353
444 -1 355 354 451 342 363
445 357 356 452 343 364 358
445 356 452 343 364 358 357
445 452 343 364 358 357 356
445 343 364 358 357 356 452
445 364 358 357 356 452 343
445 358 357 356 452 343 364
446 -1 477 476 454 549 486
447 479 478 455 550 487 482
447 478 455 550 487 482 479
447 455 550 487 482 479 478
447 550 487 482 479 478 455
447 487 482 479 478 455 550
447 482 479 478 455 550 487
448 481 480 456 551 488 483
448 480 456 551 488 483 481
448 456 551 488 483 481 480
448 551 488 483 481 480 456
448 488 483 481 480 456 551
448 483 481 480 456 551 488
449 -1 457 552 499 491 489
450 -1 458 553 500 492 490
451 -1 461 556 503 497 494
452 496 495 462 557 504 498
452 495 462 557 504 498 496
452 462 557 504 498 496 495
452 557 504 498 496 495 462
452 504 498 496 495 462 557
452 498 496 495 462 557 504
453 507 506 464 559 522 509
453 506 464 559 522 509 507
453 464 559 522 509 507 506
453 559 522 509 507 506 464
453 522 509 507 506 464 559
453 509 507 506 464 559 522
454 511 510 465 560 523 514
454 510 465 560 523 514 511
454 465 560 523 514 511 510
454 560 523 514 511 510 465
454 523 514 511 510 465 560
454 514 511 510 465 560 523
455 513 512 466 561 524 515
455 512 466 561 524 515 513
455 466 561 524 515 513 512
455 561 524 515 513 512 466
455 524 515 513 512 466 561
455 515 513 512 466 561 524
456 517 516 467 562 525 520
456 516 467 562 525 520 517
456 467 562 525 520 517 516
456 562 525 520 517 516 467
456 525 520 517 516 467 562
456 520 517 516 467 562 525
457 519 518 468 563 526 521
457 518 468 563 526 521 519
457 468 563 526 521 519 518
457 563 526 521 519 518 468
457 526 521 519 518 468 563
457 521 519 518 468 563 526
458 528 527 469 564 542 531
458 527 469 564 542 531 528
458 469 564 542 531 528 527
458 564 542 531 528 527 469
458 542 531 528 527 469 564
458 531 528 527 469 564 542
459 530 529 470 565 543 532
459 529 470 565 543 532 530
459 470 565 543 532 530 529
459 565 543 532 530 529 470
459 543 532 530 529 470 565
459 532 530 529 470 565 543
460 -1 471 566 544 535 533
461 -1 534 472 567 545 536
462 -1 538 537 473 568 546
463 540 539 474 569 547 541
463 539 474 569 547 541 540
463 474 569 547 541 540 539
463 569 547 541 540 539 474
463 547 541 540 539 474 569
463 541 540 539 474 569 547
464 4 3 475 60 7 5
464 3 475 60 7 5 4
464 475 60 7 5 4 3
464 60 7 5 4 3 475
464 7 5 4 3 475 60
464 5 4 3 475 60 7
465 9 8 476 61 14 12
465 8 476 61 14 12 9
465 476 61 14 12 9 8
465 61 14 12 9 8 476
465 14 12 9 8 476 61
465 12 9 8 476 61 14
466 11 10 477 62 15 13
466 10 477 62 15 13 11
466 477 62 15 13 11 10
466 62 15 13 11 10 477
466 15 13 11 10 477 62
466 13 11 10 477 62 15
467 17 16 478 63 34 20
467 16 478 63 34 20 17
467 478 63 34 20 17 16
467 63 34 20 17 16 478
467 34 20 17 16 478 63
467 20 17 16 478 63 34
468 19 18 479 64 35 21
468 18 479 64 35 21 19
468 479 64 35 21 19 18
468 64 35 21 19 18 479
468 35 21 19 18 479 64
468 21 19 18 479 64 35
469 23 22 480 65 36 26
469 22 480 65 36 26 23
469 480 65 36 26 23 22
469 65 36 26 23 22 480
469 36 26 23 22 480 65
469 26 23 22 480 65 36
470 25 24 481 66 37 27
470 24 481 66 37 27 25
470 481 66 37 27 25 24
470 66 37 27 25 24 481
470 37 27 25 24 481 66
470 27 25 24 481 66 37
471 29 28 482 67 38 32
471 28 482 67 38 32 29
471 482 67 38 32 29 28
471 67 38 32 29 28 482
471 38 32 29 28 482 67
471 32 29 28 482 67 38
472 31 30 483 68 39 33
472 30 483 68 39 33 31
472 483 68 39 33 31 30
472 68 39 33 31 30 483
472 39 33 31 30 483 68
472 33 31 30 483 68 39
473 41 40 484 69 55 42
473 40 484 69 55 42 41
473 484 69 55 42 41 40
473 69 55 42 41 40 484
473 55 42 41 40 484 69
473 42 41 40 484 69 55
474 44 43 485 70 56 47
474 43 485 70 56 47 44
474 485 70 56 47 44 43
474 70 56 47 44 43 485
474 56 47 44 43 485 70
474 47 44 43 485 70 56
475 46 45 486 71 57 48
475 45 486 71 57 48 46
475 486 71 57 48 46 45
475 71 57 48 46 45 486
475 57 48 46 45 486 71
475 48 46 45 486 71 57
476 50 49 487 72 58 53
476 49 487 72 58 53 50
476 487 72 58 53 50 49
476 72 58 53 50 49 487
476 58 53 50 49 487 72
476 53 50 49 487 72 58
477 52 51 488 73 59 54
477 51 488 73 59 54 52
477 488 73 59 54 52 51
477 73 59 54 52 51 488
477 59 54 52 51 488 73
477 54 52 51 488 73 59
478 77 76 490 135 86 78
478 76 490 135 86 78 77
478 490 135 86 78 77 76
478 135 86 78 77 76 490
478 86 78 77 76 490 135
478 78 77 76 490 135 86
479 80 79 491 136 87 83
479 79 491 136 87 83 80
479 491 136 87 83 80 79
479 136 87 83 80 79 491
479 87 83 80 79 491 136
479 83 80 79 491 136 87
480 82 81 492 137 88 84
480 81 492 137 88 84 82
480 492 137 88 84 82 81
480 137 88 84 82 81 492
480 88 84 82 81 492 137
480 84 82 81 492 137 88
481 90 89 493 138 94 91
481 89 493 138 94 91 90
481 493 138 94 91 90 89
481 138 94 91 90 89 493
481 94 91 90 89 493 138
481 91 90 89 493 138 94
482 96 95 494 139 107 97
482 95 494 139 107 97 96
482 494 139 107 97 96 95
482 139 107 97 96 95 494
482 107 97 96 95 494 139
482 97 96 95 494 139 107
483 99 98 495 140 108 100
483 98 495 140 108 100 99
483 495 140 108 100 99 98
483 140 108 100 99 98 495
483 108 100 99 98 495 140
483 100 99 98 495 140 108
484 102 101 497 142 109 105
484 101 497 142 109 105 102
484 497 142 109 105 102 101
484 142 109 105 102 101 497
484 109 105 102 101 497 142
484 105 102 101 497 142 109
485 104 103 498 143 110 106
485 103 498 143 110 106 104
485 498 143 110 106 104 103
485 143 110 106 104 103 498
485 110 106 104 103 498 143
485 106 104 103 498 143 110
486 112 111 499 144 129 115
486 111 499 144 129 115 112
486 499 144 129 115 112 111
486 144 129 115 112 111 499
486 129 115 112 111 499 144
486 115 112 111 499 144 129
487 114 113 500 145 130 116
487 113 500 145 130 116 114
487 500 145 130 116 114 113
487 145 130 116 114 113 500
487 130 116 114 113 500 145
487 116 114 113 500 145 130
488 118 117 501 146 131 121
488 117 501 146 131 121 118
488 501 146 131 121 118 117
488 146 131 121 118 117 501
488 131 121 118 117 501 146
488 121 118 117 501 146 131
489 120 119 502 147 132 122
489 119 502 147 132 122 120
489 502 147 132 122 120 119
489 147 132 122 120 119 502
489 132 122 120 119 502 147
489 122 120 119 502 147 132
490 124 123 503 148 133 127
490 123 503 148 133 127 124
490 503 148 133 127 124 123
490 148 133 127 124 123 503
490 133 127 124 123 503 148
490 127 124 123 503 148 133
491 126 125 504 149 134 128
491 125 504 149 134 128 126
491 504 149 134 128 126 125
491 149 134 128 126 125 504
491 134 128 126 125 504 149
491 128 126 125 504 149 134
492 151 150 505 238 165 152
492 150 505 238 165 152 151
492 505 238 165 152 151 150
492 238 165 152 151 150 505
492 165 152 151 150 505 238
492 152 151 150 505 238 165
493 154 153 506 239 166 157
493 153 506 239 166 157 154
493 506 239 166 157 154 153
493 239 166 157 154 153 506
493 166 157 154 153 506 239
493 157 154 153 506 239 166
494 156 155 507 240 167 158
494 155 507 240 167 158 156
494 507 240 167 158 156 155
494 240 167 158 156 155 507
494 167 158 156 155 507 240
494 158 156 155 507 240 167
495 160 159 508 241 168 163
495 159 508 241 168 163 160
495 508 241 168 163 160 159
495 241 168 163 160 159 508
495 168 163 160 159 508 241
495 163 160 159 508 241 168
496 162 161 509 242 169 164
496 161 509 242 169 164 162
496 509 242 169 164 162 161
496 242 169 164 162 161 509
496 169 164 162 161 509 242
496 164 162 161 509 242 169
497 171 170 510 243 188 174
497 170 510 243 188 174 171
497 510 243 188 174 171 170
497 243 188 174 171 170 510
497 188 174 171 170 510 243
497 174 171 170 510 243 188
498 173 172 511 244 189 175
498 172 511 244 189 175 173
498 511 244 189 175 173 172
498 244 189 175 173 172 511
498 189 175 173 172 511 244
498 175 173 172 511 244 189
499 177 176 512 245 190 180
499 176 512 245 190 180 177
499 512 245 190 180 177 176
499 245 190 180 177 176 512
499 190 180 177 176 512 245
499 180 177 176 512 245 190
500 179 178 513 246 191 181
500 178 513 246 191 181 179
500 513 246 191 181 179 178
500 246 191 181 179 178 513
500 191 181 179 178 513 246
500 181 179 178 513 246 191
501 183 182 514 247 192 186
501 182 514 247 192 186 183
501 514 247 192 186 183 182
501 247 192 186 183 182 514
501 192 186 183 182 514 247
501 186 183 182 514 247 192
502 185 184 515 248 193 187
502 184 515 248 193 187 185
502 515 248 193 187 185 184
502 248 193 187 185 184 515
502 193 187 185 184 515 248
502 187 185 184 515 248 193
503 195 194 516 249 212 198
503 194 516 249 212 198 195
503 516 249 212 198 195 194
503 249 212 198 195 194 516
503 212 198 195 194 516 249
503 198 195 194 516 249 212
504 197 196 517 250 213 199
504 196 517 250 213 199 197
504 517 250 213 199 197 196
504 250 213 199 197 196 517
504 213 199 197 196 517 250
504 199 197 196 517 250 213
505 201 200 518 251 214 204
505 200 518 251 214 204 201
505 518 251 214 204 201 200
505 251 214 204 201 200 518
505 214 204 201 200 518 251
505 204 201 200 518 251 214
506 203 202 519 252 215 205
506 202 519 252 215 205 203
506 519 252 215 205 203 202
506 252 215 205 203 202 519
506 215 205 203 202 519 252
506 205 203 202 519 252 215
507 207 206 520 253 216 210
507 206 520 253 216 210 207
507 520 253 216 210 207 206
507 253 216 210 207 206 520
507 216 210 207 206 520 253
507 210 207 206 520 253 216
508 209 208 521 254 217 211
508 208 521 254 217 211 209
508 521 254 217 211 209 208
508 254 217 211 209 208 521
508 217 211 209 208 521 254
508 211 209 208 521 254 217
509 219 218 522 255 233 220
509 218 522 255 233 220 219
509 522 255 233 220 219 218
509 255 233 220 219 218 522
509 233 220 219 218 522 255
509 220 219 218 522 255 233
510 222 221 523 256 234 225
510 221 523 256 234 225 222
510 523 256 234 225 222 221
510 256 234 225 222 221 523
510 234 225 222 221 523 256
510 225 222 221 523 256 234
511 224 223 524 257 235 226
511 223 524 257 235 226 224
511 524 257 235 226 224 223
511 257 235 226 224 223 524
511 235 226 224 223 524 257
511 226 224 223 524 257 235
512 228 227 525 258 236 231
512 227 525 258 236 231 228
512 525 258 236 231 228 227
512 258 236 231 228 227 525
512 236 231 228 227 525 258
512 231 228 227 525 258 236
513 230 229 526 259 237 232
513 229 526 259 237 232 230
513 526 259 237 232 230 229
513 259 237 232 230 229 526
513 237 232 230 229 526 259
513 232 230 229 526 259 237
514 261 260 527 344 278 264
514 260 527 344 278 264 261
514 527 344 278 264 261 260
514 344 278 264 261 260 527
514 278 264 261 260 527 344
514 264 261 260 527 344 278
515 263 262 528 345 279 265
515 262 528 345 279 265 263
515 528 345 279 265 263 262
515 345 279 265 263 262 528
515 279 265 263 262 528 345
515 265 263 262 528 345 279
516 267 266 529 346 280 270
516 266 529 346 280 270 267
516 529 346 280 270 267 266
516 346 280 270 267 266 529
516 280 270 267 266 529 346
516 270 267 266 529 346 280
517 269 268 530 347 281 271
517 268 530 347 281 271 269
517 530 347 281 271 269 268
517 347 281 271 269 268 530
517 281 271 269 268 530 347
517 271 269 268 530 347 281
518 273 272 531 348 282 276
518 272 531 348 282 276 273
518 531 348 282 276 273 272
518 348 282 276 273 272 531
518 282 276 273 272 531 348
518 276 273 272 531 348 282
519 275 274 532 349 283 277
519 274 532 349 283 277 275
519 532 349 283 277 275 274
519 349 283 277 275 274 532
519 283 277 275 274 532 349
519 277 275 274 532 349 283
520 285 284 533 350 296 286
520 284 533 350 296 286 285
520 533 350 296 286 285 284
520 350 296 286 285 284 533
520 296 286 285 284 533 350
520 286 285 284 533 350 296
521 288 287 534 351 297 289
521 287 534 351 297 289 288
521 534 351 297 289 288 287
521 351 297 289 288 287 534
521 297 289 288 287 534 351
521 289 288 287 534 351 297
522 291 290 535 352 298 294
522 290 535 352 298 294 291
522 535 352 298 294 291 290
522 352 298 294 291 290 535
522 298 294 291 290 535 352
522 294 291 290 535 352 298
523 293 292 536 353 299 295
523 292 536 353 299 295 293
523 536 353 299 295 293 292
523 353 299 295 293 292 536
523 299 295 293 292 536 353
523 295 293 292 536 353 299
524 301 300 537 354 315 304
524 300 537 354 315 304 301
524 537 354 315 304 301 300
524 354 315 304 301 300 537
524 315 304 301 300 537 354
524 304 301 300 537 354 315
525 303 302 538 355 316 305
525 302 538 355 316 305 303
525 538 355 316 305 303 302
525 355 316 305 303 302 538
525 316 305 303 302 538 355
525 305 303 302 538 355 316
526 307 306 539 356 317 310
526 306 539 356 317 310 307
526 539 356 317 310 307 306
526 356 317 310 307 306 539
526 317 310 307 306 539 356
526 310 307 306 539 356 317
527 309 308 540 357 318 311
527 308 540 357 318 311 309
527 540 357 318 311 309 308
527 357 318 311 309 308 540
527 318 311 309 308 540 357
527 311 309 308 540 357 318
528 313 312 541 358 319 314
528 312 541 358 319 314 313
528 541 358 319 314 313 312
528 358 319 314 313 312 541
528 319 314 313 312 541 358
528 314 313 312 541 358 319
529 321 320 542 359 338 324
529 320 542 359 338 324 321
529 542 359 338 324 321 320
529 359 338 324 321 320 542
529 338 324 321 320 542 359
529 324 321 320 542 359 338
530 323 322 543 360 339 325
530 322 543 360 339 325 323
530 543 360 339 325 323 322
530 360 339 325 323 322 543
530 339 325 323 322 543 360
530 325 323 322 543 360 339
531 327 326 544 361 340 330
531 326 544 361 340 330 327
531 544 361 340 330 327 326
531 361 340 330 327 326 544
531 340 330 327 326 544 361
531 330 327 326 544 361 340
532 329 328 545 362 341 331
532 328 545 362 341 331 329
532 545 362 341 331 329 328
532 362 341 331 329 328 545
532 341 331 329 328 545 362
532 331 329 328 545 362 341
533 333 332 546 363 342 336
533 332 546 363 342 336 333
533 546 363 342 336 333 332
533 363 342 336 333 332 546
533 342 336 333 332 546 363
533 336 333 332 546 363 342
534 335 334 547 364 343 337
534 334 547 364 343 337 335
534 547 364 343 337 335 334
534 364 343 337 335 334 547
534 343 337 335 334 547 364
534 337 335 334 547 364 343
535 366 365 548 453 377 369
535 365 548 453 377 369 366
535 548 453 377 369 366 365
535 453 377 369 366 365 548
535 377 369 366 365 548 453
535 369 366 365 548 453 377
536 368 367 549 454 378 370
536 367 549 454 378 370 368
536 549 454 378 370 368 367
536 454 378 370 368 367 549
536 378 370 368 367 549 454
536 370 368 367 549 454 378
537 372 371 550 455 379 375
537 371 550 455 379 375 372
537 550 455 379 375 372 371
537 455 379 375 372 371 550
537 379 375 372 371 550 455
537 375 372 371 550 455 379
538 374 373 551 456 380 376
538 373 551 456 380 376 374
538 551 456 380 376 374 373
538 456 380 376 374 373 551
538 380 376 374 373 551 456
538 376 374 373 551 456 380
539 382 381 552 457 399 385
539 381 552 457 399 385 382
539 552 457 399 385 382 381
539 457 399 385 382 381 552
539 399 385 382 381 552 457
539 385 382 381 552 457 399
540 384 383 553 458 400 386
540 383 553 458 400 386 384
540 553 458 400 386 384 383
540 458 400 386 384 383 553
540 400 386 384 383 553 458
540 386 384 383 553 458 400
541 388 387 554 459 401 391
541 387 554 459 401 391 388
541 554 459 401 391 388 387
541 459 401 391 388 387 554
541 401 391 388 387 554 459
541 391 388 387 554 459 401
542 390 389 555 460 402 392
542 389 555 460 402 392 390
542 555 460 402 392 390 389
542 460 402 392 390 389 555
542 402 392 390 389 555 460
542 392 390 389 555 460 402
543 394 393 556 461 403 397
543 393 556 461 403 397 394
543 556 461 403 397 394 393
543 461 403 397 394 393 556
543 403 397 394 393 556 461
543 397 394 393 556 461 403
544 396 395 557 462 404 398
544 395 557 462 404 398 396
544 557 462 404 398 396 395
544 462 404 398 396 395 557
544 404 398 396 395 557 462
544 398 396 395 557 462 404
545 406 405 558 463 423 409
545 405 558 463 423 409 406
545 558 463 423 409 406 405
545 463 423 409 406 405 558
545 423 409 406 405 558 463
545 409 406 405 558 463 423
546 408 407 559 464 424 410
546 407 559 464 424 410 408
546 559 464 424 410 408 407
546 464 424 410 408 407 559
546 424 410 408 407 559 464
546 410 408 407 559 464 424
547 412 411 560 465 425 415
547 411 560 465 425 415 412
547 560 465 425 415 412 411
547 465 425 415 412 411 560
547 425 415 412 411 560 465
547 415 412 411 560 465 425
548 414 413 561 466 426 416
548 413 561 466 426 416 414
548 561 466 426 416 414 413
548 466 426 416 414 413 561
548 426 416 414 413 561 466
548 416 414 413 561 466 426
549 418 417 562 467 427 421
549 417 562 467 427 421 418
549 562 467 427 421 418 417
549 467 427 421 418 417 562
549 427 421 418 417 562 467
549 421 418 417 562 467 427
550 420 419 563 468 428 422
550 419 563 468 428 422 420
550 563 468 428 422 420 419
550 468 428 422 420 419 563
550 428 422 420 419 563 468
550 422 420 419 563 468 428
551 430 429 564 469 447 433
551 429 564 469 447 433 430
551 564 469 447 433 430 429
551 469 447 433 430 429 564
551 447 433 430 429 564 469
551 433 430 429 564 469 447
552 432 431 565 470 448 434
552 431 565 470 448 434 432
552 565 470 448 434 432 431
552 470 448 434 432 431 565
552 448 434 432 431 565 470
552 434 432 431 565 470 448
553 436 435 566 471 449 439
553 435 566 471 449 439 436
553 566 471 449 439 436 435
553 471 449 439 436 435 566
553 449 439 436 435 566 471
553 439 436 435 566 471 449
554 438 437 567 472 450 440
554 437 567 472 450 440 438
554 567 472 450 440 438 437
554 472 450 440 438 437 567
554 450 440 438 437 567 472
554 440 438 437 567 472 450
555 442 441 568 473 451 445
555 441 568 473 451 445 442
555 568 473 451 445 442 441
555 473 451 445 442 441 568
555 451 445 442 441 568 473
555 445 442 441 568 473 451
556 444 443 569 474 452 446
556 443 569 474 452 446 444
556 569 474 452 446 444 443
556 474 452 446 444 443 569
556 452 446 444 443 569 474
556 446 444 443 569 474 452
