100 464 112 4
0 1 0 80 9 4
0 0 80 9 4 1
0 80 9 4 1 0
0 9 4 1 0 80
0 4 1 0 80 9
1 0 1 60 6 2
1 1 60 6 2 0
1 60 6 2 0 1
1 6 2 0 1 60
1 2 0 1 60 6
2 3 2 81 10 5
2 2 81 10 5 3
2 81 10 5 3 2
2 10 5 3 2 81
2 5 3 2 81 10
3 -1 0 2 3 12
4 5 4 61 7 3
4 4 61 7 3 5
4 61 7 3 5 4
4 7 3 5 4 61
4 3 5 4 61 7
5 -1 1 4 5 13
6 7 6 82 11 8
6 6 82 11 8 7
6 82 11 8 7 6
6 11 8 7 6 82
6 8 7 6 82 11
7 -1 39 3 7 8
8 10 9 62 8 11
8 9 62 8 11 10
8 62 8 11 10 9
8 8 11 10 9 62
8 11 10 9 62 8
9 -1 41 5 10 11
10 13 12 83 30 16
10 12 83 30 16 13
10 83 30 16 13 12
10 30 16 13 12 83
10 16 13 12 83 30
11 12 13 63 24 14
11 13 63 24 14 12
11 63 24 14 12 13
11 24 14 12 13 63
11 14 12 13 63 24
12 15 14 84 31 17
12 14 84 31 17 15
12 84 31 17 15 14
12 31 17 15 14 84
12 17 15 14 84 31
13 14 15 42 18 12
13 15 42 18 12 14
13 42 18 12 14 15
13 18 12 14 15 42
13 12 14 15 42 18
14 17 16 64 25 15
14 16 64 25 15 17
14 64 25 15 17 16
14 25 15 17 16 64
14 15 17 16 64 25
15 16 17 43 19 13
15 17 43 19 13 16
15 43 19 13 16 17
15 19 13 16 17 43
15 13 16 17 43 19
16 19 18 85 32 22
16 18 85 32 22 19
16 85 32 22 19 18
16 32 22 19 18 85
16 22 19 18 85 32
17 18 19 65 26 20
17 19 65 26 20 18
17 65 26 20 18 19
17 26 20 18 19 65
17 20 18 19 65 26
18 21 20 86 33 23
18 20 86 33 23 21
18 86 33 23 21 20
18 33 23 21 20 86
18 23 21 20 86 33
19 -1 12 18 20 21
20 23 22 66 27 21
20 22 66 27 21 23
20 66 27 21 23 22
20 27 21 23 22 66
20 21 23 22 66 27
21 -1 13 19 22 23
22 25 24 87 34 28
22 24 87 34 28 25
22 87 34 28 25 24
22 34 28 25 24 87
22 28 25 24 87 34
23 24 25 44 20 26
23 25 44 20 26 24
23 44 20 26 24 25
23 20 26 24 25 44
23 26 24 25 44 20
24 27 26 88 35 29
24 26 88 35 29 27
24 88 35 29 27 26
24 35 29 27 26 88
24 29 27 26 88 35
25 -1 14 24 26 27
26 29 28 45 21 27
26 28 45 21 27 29
26 45 21 27 29 28
26 21 27 29 28 45
26 27 29 28 45 21
27 -1 15 25 28 29
28 31 30 67 28 34
28 30 67 28 34 31
28 67 28 34 31 30
28 28 34 31 30 67
28 34 31 30 67 28
29 30 31 46 22 32
29 31 46 22 32 30
29 46 22 32 30 31
29 22 32 30 31 46
29 32 30 31 46 22
30 33 32 68 29 35
30 32 68 29 35 33
30 68 29 35 33 32
30 29 35 33 32 68
30 35 33 32 68 29
31 -1 16 30 32 33
32 35 34 47 23 33
32 34 47 23 33 35
32 47 23 33 35 34
32 23 33 35 34 47
32 33 35 34 47 23
33 -1 17 31 34 35
34 37 36 89 54 40
34 36 89 54 40 37
34 89 54 40 37 36
34 54 40 37 36 89
34 40 37 36 89 54
35 36 37 69 48 38
35 37 69 48 38 36
35 69 48 38 36 37
35 48 38 36 37 69
35 38 36 37 69 48
36 39 38 90 55 41
36 38 90 55 41 39
36 90 55 41 39 38
36 55 41 39 38 90
36 41 39 38 90 55
37 38 39 18 42 36
37 39 18 42 36 38
37 18 42 36 38 39
37 42 36 38 39 18
37 36 38 39 18 42
38 41 40 70 49 39
38 40 70 49 39 41
38 70 49 39 41 40
38 49 39 41 40 70
38 39 41 40 70 49
39 40 41 19 43 37
39 41 19 43 37 40
39 19 43 37 40 41
39 43 37 40 41 19
39 37 40 41 19 43
40 43 42 91 56 46
40 42 91 56 46 43
40 91 56 46 43 42
40 56 46 43 42 91
40 46 43 42 91 56
41 42 43 71 50 44
41 43 71 50 44 42
41 71 50 44 42 43
41 50 44 42 43 71
41 44 42 43 71 50
42 45 44 92 57 47
42 44 92 57 47 45
42 92 57 47 45 44
42 57 47 45 44 92
42 47 45 44 92 57
43 44 45 0 36 42
43 45 0 36 42 44
43 0 36 42 44 45
43 36 42 44 45 0
43 42 44 45 0 36
44 47 46 72 51 45
44 46 72 51 45 47
44 72 51 45 47 46
44 51 45 47 46 72
44 45 47 46 72 51
45 46 47 1 37 43
45 47 1 37 43 46
45 1 37 43 46 47
45 37 43 46 47 1
45 43 46 47 1 37
46 49 48 93 58 52
46 48 93 58 52 49
46 93 58 52 49 48
46 58 52 49 48 93
46 52 49 48 93 58
47 48 49 20 44 50
47 49 20 44 50 48
47 20 44 50 48 49
47 44 50 48 49 20
47 50 48 49 20 44
48 51 50 94 59 53
48 50 94 59 53 51
48 94 59 53 51 50
48 59 53 51 50 94
48 53 51 50 94 59
49 50 51 2 38 48
49 51 2 38 48 50
49 2 38 48 50 51
49 38 48 50 51 2
49 48 50 51 2 38
50 53 52 21 45 51
50 52 21 45 51 53
50 21 45 51 53 52
50 45 51 53 52 21
50 51 53 52 21 45
51 52 53 3 39 49
51 53 3 39 49 52
51 3 39 49 52 53
51 39 49 52 53 3
51 49 52 53 3 39
52 55 54 73 52 58
52 54 73 52 58 55
52 73 52 58 55 54
52 52 58 55 54 73
52 58 55 54 73 52
53 54 55 22 46 56
53 55 22 46 56 54
53 22 46 56 54 55
53 46 56 54 55 22
53 56 54 55 22 46
54 57 56 74 53 59
54 56 74 53 59 57
54 74 53 59 57 56
54 53 59 57 56 74
54 59 57 56 74 53
55 56 57 4 40 54
55 57 4 40 54 56
55 4 40 54 56 57
55 40 54 56 57 4
55 54 56 57 4 40
56 59 58 23 47 57
56 58 23 47 57 59
56 23 47 57 59 58
56 47 57 59 58 23
56 57 59 58 23 47
57 58 59 5 41 55
57 59 5 41 55 58
57 5 41 55 58 59
57 41 55 58 59 5
57 55 58 59 5 41
58 61 60 95 75 62
58 60 95 75 62 61
58 95 75 62 61 60
58 75 62 61 60 95
58 62 61 60 95 75
59 -1 60 61 24 63
60 -1 49 70 61 62
61 64 63 96 76 67
61 63 96 76 67 64
61 96 76 67 64 63
61 76 67 64 63 96
61 67 64 63 96 76
62 63 64 50 71 65
62 64 50 71 65 63
62 50 71 65 63 64
62 71 65 63 64 50
62 65 63 64 50 71
63 66 65 97 77 68
63 65 97 77 68 66
63 97 77 68 66 65
63 77 68 66 65 97
63 68 66 65 97 77
64 68 67 51 72 66
64 67 51 72 66 68
64 51 72 66 68 67
64 72 66 68 67 51
64 66 68 67 51 72
65 70 69 98 78 73
65 69 98 78 73 70
65 98 78 73 70 69
65 78 73 70 69 98
65 73 70 69 98 78
66 69 70 26 65 71
66 70 26 65 71 69
66 26 65 71 69 70
66 65 71 69 70 26
66 71 69 70 26 65
67 72 71 99 79 74
67 71 99 79 74 72
67 99 79 74 72 71
67 79 74 72 71 99
67 74 72 71 99 79
68 71 72 6 60 69
68 72 6 60 69 71
68 6 60 69 71 72
68 60 69 71 72 6
68 69 71 72 6 60
69 74 73 27 66 72
69 73 27 66 72 74
69 27 66 72 74 73
69 66 72 74 73 27
69 72 74 73 27 66
70 73 74 7 61 70
70 74 7 61 70 73
70 7 61 70 73 74
70 61 70 73 74 7
70 70 73 74 7 61
71 -1 52 73 78 75
72 -1 75 28 67 76
73 77 76 53 74 79
73 76 53 74 79 77
73 53 74 79 77 76
73 74 79 77 76 53
73 79 77 76 53 74
74 79 78 29 68 77
74 78 29 68 77 79
74 29 68 77 79 78
74 68 77 79 78 29
74 77 79 78 29 68
75 78 79 8 62 75
75 79 8 62 75 78
75 8 62 75 78 79
75 62 75 78 79 8
75 75 78 79 8 62
76 81 80 75 95 82
76 80 75 95 82 81
76 75 95 82 81 80
76 95 82 81 80 75
76 82 81 80 75 95
77 -1 80 81 30 83
78 -1 55 90 81 82
79 84 83 76 96 87
79 83 76 96 87 84
79 76 96 87 84 83
79 96 87 84 83 76
79 87 84 83 76 96
80 83 84 56 91 85
80 84 56 91 85 83
80 56 91 85 83 84
80 91 85 83 84 56
80 85 83 84 56 91
81 86 85 77 97 88
81 85 77 97 88 86
81 77 97 88 86 85
81 97 88 86 85 77
81 88 86 85 77 97
82 88 87 57 92 86
82 87 57 92 86 88
82 57 92 86 88 87
82 92 86 88 87 57
82 86 88 87 57 92
83 90 89 78 98 93
83 89 78 98 93 90
83 78 98 93 90 89
83 98 93 90 89 78
83 93 90 89 78 98
84 89 90 32 85 91
84 90 32 85 91 89
84 32 85 91 89 90
84 85 91 89 90 32
84 91 89 90 32 85
85 92 91 79 99 94
85 91 79 99 94 92
85 79 99 94 92 91
85 99 94 92 91 79
85 94 92 91 79 99
86 91 92 9 80 89
86 92 9 80 89 91
86 9 80 89 91 92
86 80 89 91 92 9
86 89 91 92 9 80
87 94 93 33 86 92
87 93 33 86 92 94
87 33 86 92 94 93
87 86 92 94 93 33
87 92 94 93 33 86
88 93 94 10 81 90
88 94 10 81 90 93
88 10 81 90 93 94
88 81 90 93 94 10
88 90 93 94 10 81
89 -1 58 93 98 95
90 -1 95 34 87 96
91 97 96 59 94 99
91 96 59 94 99 97
91 59 94 99 97 96
91 94 99 97 96 59
91 99 97 96 59 94
92 99 98 35 88 97
92 98 35 88 97 99
92 35 88 97 99 98
92 88 97 99 98 35
92 97 99 98 35 88
93 98 99 11 82 95
93 99 11 82 95 98
93 11 82 95 98 99
93 82 95 98 99 11
93 95 98 99 11 82
94 -1 29 78 89 36
95 -1 35 98 69 37
96 80 0 45 28 75
96 0 45 28 75 80
96 45 28 75 80 0
96 28 75 80 0 45
96 75 80 0 45 28
97 60 1 47 34 95
97 1 47 34 95 60
97 47 34 95 60 1
97 34 95 60 1 47
97 95 60 1 47 34
98 81 2 51 67 30
98 2 51 67 30 81
98 51 67 30 81 2
98 67 30 81 2 51
98 30 81 2 51 67
99 12 3 53 76 83
99 3 53 76 83 12
99 53 76 83 12 3
99 76 83 12 3 53
99 83 12 3 53 76
100 61 4 57 87 24
100 4 57 87 24 61
100 57 87 24 61 4
100 87 24 61 4 57
100 24 61 4 57 87
101 13 5 59 96 63
101 5 59 96 63 13
101 59 96 63 13 5
101 96 63 13 5 59
101 63 13 5 59 96
102 -1 68 32 90 38
103 82 6 72 46 31
103 6 72 46 31 82
103 72 46 31 82 6
103 46 31 82 6 72
103 31 82 6 72 46
104 14 7 74 56 84
104 7 74 56 84 14
104 74 56 84 14 7
104 56 84 14 7 74
104 84 14 7 74 56
105 -1 77 85 18 39
106 15 8 79 91 42
106 8 79 91 42 15
106 79 91 42 15 8
106 91 42 15 8 79
106 42 15 8 79 91
107 -1 88 26 70 40
108 62 9 92 44 25
108 9 92 44 25 62
108 92 44 25 62 9
108 44 25 62 9 92
108 25 62 9 92 44
109 16 10 94 50 64
109 10 94 50 64 16
109 94 50 64 16 10
109 50 64 16 10 94
109 64 16 10 94 50
110 -1 97 65 19 41
111 17 11 99 71 43
111 11 99 71 43 17
111 99 71 43 17 11
111 71 43 17 11 99
111 43 17 11 99 71
