560 2522 537 5
0 -1 439 347 466 0 115
1 -1 460 524 288 1 117
2 -1 554 421 289 2 122
3 -1 263 445 467 3 129
4 -1 283 539 361 4 131
5 -1 416 268 468 5 135
6 -1 455 505 189 6 137
7 -1 519 248 362 7 140
8 -1 549 401 190 8 142
9 470 11 158 437 336 269
9 11 158 437 336 269 470
9 158 437 336 269 470 11
9 437 336 269 470 11 158
9 336 269 470 11 158 437
9 269 470 11 158 437 336
10 191 12 160 443 355 506
10 12 160 443 355 506 191
10 160 443 355 506 191 12
10 443 355 506 191 12 160
10 355 506 191 12 160 443
10 506 191 12 160 443 355
11 192 14 166 464 533 321
11 14 166 464 533 321 192
11 166 464 533 321 192 14
11 464 533 321 192 14 166
11 533 321 192 14 166 464
11 321 192 14 166 464 533
12 194 19 188 558 433 322
12 19 188 558 433 322 194
12 188 558 433 322 194 19
12 558 433 322 194 19 188
12 433 322 194 19 188 558
12 322 194 19 188 558 433
13 -1 446 471 20 218 136
14 -1 540 364 21 220 141
15 472 22 224 159 440 348
15 22 224 159 440 348 472
15 224 159 440 348 472 22
15 159 440 348 472 22 224
15 440 348 472 22 224 159
15 348 472 22 224 159 440
16 291 23 226 165 461 525
16 23 226 165 461 525 291
16 226 165 461 525 291 23
16 165 461 525 291 23 226
16 461 525 291 23 226 165
16 525 291 23 226 165 461
17 292 25 232 187 555 423
17 25 232 187 555 423 292
17 232 187 555 423 292 25
17 187 555 423 292 25 232
17 555 423 292 25 232 187
17 423 292 25 232 187 555
18 473 26 238 314 161 447
18 26 238 314 161 447 473
18 238 314 161 447 473 26
18 314 161 447 473 26 238
18 161 447 473 26 238 314
18 447 473 26 238 314 161
19 366 27 240 319 183 541
19 27 240 319 183 541 366
19 240 319 183 541 366 27
19 319 183 541 366 27 240
19 183 541 366 27 240 319
19 541 366 27 240 319 183
20 367 28 245 353 499 143
20 28 245 353 499 143 367
20 245 353 499 143 367 28
20 353 499 143 367 28 245
20 499 143 367 28 245 353
20 143 367 28 245 353 499
21 474 29 257 394 138 349
21 29 257 394 138 349 474
21 257 394 138 349 474 29
21 394 138 349 474 29 257
21 138 349 474 29 257 394
21 349 474 29 257 394 138
22 293 30 259 399 178 526
22 30 259 399 178 526 293
22 259 399 178 526 293 30
22 399 178 526 293 30 259
22 178 526 293 30 259 399
22 526 293 30 259 399 178
23 475 31 261 431 316 168
23 31 261 431 316 168 475
23 261 431 316 168 475 31
23 431 316 168 475 31 261
23 316 168 475 31 261 431
23 168 475 31 261 431 316
24 81 32 262 441 350 484
24 32 262 441 350 484 81
24 262 441 350 484 81 32
24 441 350 484 81 32 262
24 350 484 81 32 262 441
24 484 81 32 262 441 350
25 294 33 266 453 494 123
25 33 266 453 494 123 294
25 266 453 494 123 294 33
25 453 494 123 294 33 266
25 494 123 294 33 266 453
25 123 294 33 266 453 494
26 82 34 267 462 528 301
26 34 267 462 528 301 82
26 267 462 528 301 82 34
26 462 528 301 82 34 267
26 528 301 82 34 267 462
26 301 82 34 267 462 528
27 -1 368 35 276 497 132
28 295 36 278 503 155 424
28 36 278 503 155 424 295
28 278 503 155 424 295 36
28 503 155 424 295 36 278
28 155 424 295 36 278 503
28 424 295 36 278 503 155
29 369 37 280 531 310 144
29 37 280 531 310 144 369
29 280 531 310 144 369 37
29 531 310 144 369 37 280
29 310 144 369 37 280 531
29 144 369 37 280 531 310
30 296 38 286 547 390 124
30 38 286 547 390 124 296
30 286 547 390 124 296 38
30 547 390 124 296 38 286
30 390 124 296 38 286 547
30 124 296 38 286 547 390
31 84 39 287 556 427 302
31 39 287 556 427 302 84
31 287 556 427 302 84 39
31 556 427 302 84 39 287
31 427 302 84 39 287 556
31 302 84 39 287 556 427
32 476 40 307 116 264 448
32 40 307 116 264 448 476
32 307 116 264 448 476 40
32 116 264 448 476 40 307
32 264 448 476 40 307 116
32 448 476 40 307 116 264
33 370 41 309 121 284 542
33 41 309 121 284 542 370
33 309 121 284 542 370 41
33 121 284 542 370 41 309
33 284 542 370 41 309 121
33 542 370 41 309 121 284
34 477 42 313 153 417 270
34 42 313 153 417 270 477
34 313 153 417 270 477 42
34 153 417 270 477 42 313
34 417 270 477 42 313 153
34 270 477 42 313 153 417
35 195 43 315 163 456 507
35 43 315 163 456 507 195
35 315 163 456 507 195 43
35 163 456 507 195 43 315
35 456 507 195 43 315 163
35 507 195 43 315 163 456
36 371 44 318 176 520 250
36 44 318 176 520 250 371
36 318 176 520 250 371 44
36 176 520 250 371 44 318
36 520 250 371 44 318 176
36 250 371 44 318 176 520
37 196 45 320 185 550 403
37 45 320 185 550 403 196
37 320 185 550 403 196 45
37 185 550 403 196 45 320
37 550 403 196 45 320 185
37 403 196 45 320 185 550
38 478 46 330 225 162 449
38 46 330 225 162 449 478
38 330 225 162 449 478 46
38 225 162 449 478 46 330
38 162 449 478 46 330 225
38 449 478 46 330 225 162
39 372 47 332 231 184 543
39 47 332 231 184 543 372
39 332 231 184 543 372 47
39 231 184 543 372 47 332
39 184 543 372 47 332 231
39 543 372 47 332 231 184
40 -1 335 265 451 485 85
41 373 48 339 277 500 145
41 48 339 277 500 145 373
41 339 277 500 145 373 48
41 277 500 145 373 48 339
41 500 145 373 48 339 277
41 145 373 48 339 277 500
42 -1 340 285 545 383 86
43 -1 345 418 273 486 87
44 88 50 346 457 510 209
44 50 346 457 510 209 88
44 346 457 510 209 88 50
44 457 510 209 88 50 346
44 510 209 88 50 346 457
44 209 88 50 346 457 510
45 374 51 352 492 112 251
45 51 352 492 112 251 374
45 352 492 112 251 374 51
45 492 112 251 374 51 352
45 112 251 374 51 352 492
45 251 374 51 352 492 112
46 197 52 354 501 149 404
46 52 354 501 149 404 197
46 354 501 149 404 197 52
46 501 149 404 197 52 354
46 149 404 197 52 354 501
46 404 197 52 354 501 149
47 375 53 358 514 221 146
47 53 358 514 221 146 375
47 358 514 221 146 375 53
47 514 221 146 375 53 358
47 221 146 375 53 358 514
47 146 375 53 358 514 221
48 -1 359 521 254 384 89
49 90 54 360 551 407 210
49 54 360 551 407 210 90
49 360 551 407 210 90 54
49 551 407 210 90 54 360
49 407 210 90 54 360 551
49 210 90 54 360 551 407
50 481 55 393 130 337 271
50 55 393 130 337 271 481
50 393 130 337 271 481 55
50 130 337 271 481 55 393
50 337 271 481 55 393 130
50 271 481 55 393 130 337
51 198 56 395 139 356 508
51 56 395 139 356 508 198
51 395 139 356 508 198 56
51 139 356 508 198 56 395
51 356 508 198 56 395 139
51 508 198 56 395 139 356
52 199 57 400 179 534 323
52 57 400 179 534 323 199
52 400 179 534 323 199 57
52 179 534 323 199 57 400
52 534 323 199 57 400 179
52 323 199 57 400 179 534
53 482 58 430 308 119 272
53 58 430 308 119 272 482
53 430 308 119 272 482 58
53 308 119 272 482 58 430
53 119 272 482 58 430 308
53 272 482 58 430 308 119
54 200 59 432 317 174 509
54 59 432 317 174 509 200
54 432 317 174 509 200 59
54 317 174 509 200 59 432
54 174 509 200 59 432 317
54 509 200 59 432 317 174
55 -1 438 338 274 488 93
56 201 60 442 351 490 105
56 60 442 351 490 105 201
56 442 351 490 105 201 60
56 351 490 105 201 60 442
56 490 105 201 60 442 351
56 105 201 60 442 351 490
57 -1 444 357 511 211 94
58 202 61 454 495 126 324
58 61 454 495 126 324 202
58 454 495 126 324 202 61
58 495 126 324 202 61 454
58 126 324 202 61 454 495
58 324 202 61 454 495 126
59 203 62 463 529 304 106
59 62 463 529 304 106 203
59 463 529 304 106 203 62
59 529 304 106 203 62 463
59 304 106 203 62 463 529
59 106 203 62 463 529 304
60 -1 465 535 327 212 96
61 -1 425 298 63 493 114
62 -1 252 376 64 496 128
63 -1 405 204 65 498 134
64 205 67 504 157 434 325
64 67 504 157 434 325 205
64 504 157 434 325 205 67
64 157 434 325 205 67 504
64 434 325 205 67 504 157
64 325 205 67 504 157 434
65 -1 377 68 513 217 133
66 299 69 515 223 156 426
66 69 515 223 156 426 299
66 515 223 156 426 299 69
66 223 156 426 299 69 515
66 156 426 299 69 515 223
66 426 299 69 515 223 156
67 378 70 517 237 311 147
67 70 517 237 311 147 378
67 517 237 311 147 378 70
67 237 311 147 378 70 517
67 311 147 378 70 517 237
67 147 378 70 517 237 311
68 300 71 522 256 391 125
68 71 522 256 391 125 300
68 522 256 391 125 300 71
68 256 391 125 300 71 522
68 391 125 300 71 522 256
68 125 300 71 522 256 391
69 98 72 523 260 428 303
69 72 523 260 428 303 98
69 523 260 428 303 98 72
69 260 428 303 98 72 523
69 428 303 98 72 523 260
69 303 98 72 523 260 428
70 379 73 530 306 113 253
70 73 530 306 113 253 379
70 530 306 113 253 379 73
70 306 113 253 379 73 530
70 113 253 379 73 530 306
70 253 379 73 530 306 113
71 206 74 532 312 150 406
71 74 532 312 150 406 206
71 532 312 150 406 206 74
71 312 150 406 206 74 532
71 150 406 206 74 532 312
71 406 206 74 532 312 150
72 380 75 536 329 222 148
72 75 536 329 222 148 380
72 536 329 222 148 380 75
72 329 222 148 380 75 536
72 222 148 380 75 536 329
72 148 380 75 536 329 222
73 -1 537 333 255 386 99
74 -1 538 343 408 213 100
75 207 77 548 392 127 326
75 77 548 392 127 326 207
75 548 392 127 326 207 77
75 392 127 326 207 77 548
75 127 326 207 77 548 392
75 326 207 77 548 392 127
76 208 78 557 429 305 108
76 78 557 429 305 108 208
76 557 429 305 108 208 78
76 429 305 108 208 78 557
76 305 108 208 78 557 429
76 108 208 78 557 429 305
77 -1 559 435 328 214 102
78 114 115 0 81 105 112
78 115 0 81 105 112 114
78 0 81 105 112 114 115
78 81 105 112 114 115 0
78 105 112 114 115 0 81
78 112 114 115 0 81 105
79 116 117 1 82 106 113
79 117 1 82 106 113 116
79 1 82 106 113 116 117
79 82 106 113 116 117 1
79 106 113 116 117 1 82
79 113 116 117 1 82 106
80 121 122 2 84 108 119
80 122 2 84 108 119 121
80 2 84 108 119 121 122
80 84 108 119 121 122 2
80 108 119 121 122 2 84
80 119 121 122 2 84 108
81 128 129 3 85 123 126
81 129 3 85 123 126 128
81 3 85 123 126 128 129
81 85 123 126 128 129 3
81 123 126 128 129 3 85
81 126 128 129 3 85 123
82 130 131 4 86 124 127
82 131 4 86 124 127 130
82 4 86 124 127 130 131
82 86 124 127 130 131 4
82 124 127 130 131 4 86
82 127 130 131 4 86 124
83 -1 132 134 135 5 87
84 -1 133 136 137 6 88
85 139 140 7 89 125 138
85 140 7 89 125 138 139
85 7 89 125 138 139 140
85 89 125 138 139 140 7
85 125 138 139 140 7 89
85 138 139 140 7 89 125
86 151 152 9 91 143 149
86 152 9 91 143 149 151
86 9 91 143 149 151 152
86 91 143 149 151 152 9
86 143 149 151 152 9 91
86 149 151 152 9 91 143
87 153 154 10 92 144 150
87 154 10 92 144 150 153
87 10 92 144 150 153 154
87 92 144 150 153 154 10
87 144 150 153 154 10 92
87 150 153 154 10 92 144
88 157 158 11 93 145 155
88 158 11 93 145 155 157
88 11 93 145 155 157 158
88 93 145 155 157 158 11
88 145 155 157 158 11 93
88 155 157 158 11 93 145
89 159 160 12 94 146 156
89 160 12 94 146 156 159
89 12 94 146 156 159 160
89 94 146 156 159 160 12
89 146 156 159 160 12 94
89 156 159 160 12 94 146
90 163 164 13 95 147 161
90 164 13 95 147 161 163
90 13 95 147 161 163 164
90 95 147 161 163 164 13
90 147 161 163 164 13 95
90 161 163 164 13 95 147
91 165 166 14 96 148 162
91 166 14 96 148 162 165
91 14 96 148 162 165 166
91 96 148 162 165 166 14
91 148 162 165 166 14 96
91 162 165 166 14 96 148
92 176 177 15 98 168 174
92 177 15 98 168 174 176
92 15 98 168 174 176 177
92 98 168 174 176 177 15
92 168 174 176 177 15 98
92 174 176 177 15 98 168
93 179 180 16 99 169 178
93 180 16 99 169 178 179
93 16 99 169 178 179 180
93 99 169 178 179 180 16
93 169 178 179 180 16 99
93 178 179 180 16 99 169
94 -1 181 182 17 100 170
95 185 186 18 101 171 183
95 186 18 101 171 183 185
95 18 101 171 183 185 186
95 101 171 183 185 186 18
95 171 183 185 186 18 101
95 183 185 186 18 101 171
96 187 188 19 102 172 184
96 188 19 102 172 184 187
96 19 102 172 184 187 188
96 102 172 184 187 188 19
96 172 184 187 188 19 102
96 184 187 188 19 102 172
97 217 218 20 189 209 215
97 218 20 189 209 215 217
97 20 189 209 215 217 218
97 189 209 215 217 218 20
97 209 215 217 218 20 189
97 215 217 218 20 189 209
98 219 220 21 190 210 216
98 220 21 190 210 216 219
98 21 190 210 216 219 220
98 190 210 216 219 220 21
98 210 216 219 220 21 190
98 216 219 220 21 190 210
99 223 224 22 191 211 221
99 224 22 191 211 221 223
99 22 191 211 221 223 224
99 191 211 221 223 224 22
99 211 221 223 224 22 191
99 221 223 224 22 191 211
100 225 226 23 192 212 222
100 226 23 192 212 222 225
100 23 192 212 222 225 226
100 192 212 222 225 226 23
100 212 222 225 226 23 192
100 222 225 226 23 192 212
101 229 230 24 193 213 227
101 230 24 193 213 227 229
101 24 193 213 227 229 230
101 193 213 227 229 230 24
101 213 227 229 230 24 193
101 227 229 230 24 193 213
102 231 232 25 194 214 228
102 232 25 194 214 228 231
102 25 194 214 228 231 232
102 194 214 228 231 232 25
102 214 228 231 232 25 194
102 228 231 232 25 194 214
103 -1 235 237 238 26 195
104 -1 236 239 240 27 196
105 256 257 29 198 248 254
105 257 29 198 248 254 256
105 29 198 248 254 256 257
105 198 248 254 256 257 29
105 248 254 256 257 29 198
105 254 256 257 29 198 248
106 258 259 30 199 249 255
106 259 30 199 249 255 258
106 30 199 249 255 258 259
106 199 249 255 258 259 30
106 249 255 258 259 30 199
106 255 258 259 30 199 249
107 -1 260 261 31 200 250
108 265 266 33 202 252 263
108 266 33 202 252 263 265
108 33 202 252 263 265 266
108 202 252 263 265 266 33
108 252 263 265 266 33 202
108 263 265 266 33 202 252
109 -1 267 34 203 253 264
110 275 276 35 204 268 273
110 276 35 204 268 273 275
110 35 204 268 273 275 276
110 204 268 273 275 276 35
110 268 273 275 276 35 204
110 273 275 276 35 204 268
111 277 278 36 205 269 274
111 278 36 205 269 274 277
111 36 205 269 274 277 278
111 205 269 274 277 278 36
111 269 274 277 278 36 205
111 274 277 278 36 205 269
112 -1 279 280 37 206 270
113 285 286 38 207 271 283
113 286 38 207 271 283 285
113 38 207 271 283 285 286
113 207 271 283 285 286 38
113 271 283 285 286 38 207
113 283 285 286 38 207 271
114 -1 287 39 208 272 284
115 306 307 40 288 301 304
115 307 40 288 301 304 306
115 40 288 301 304 306 307
115 288 301 304 306 307 40
115 301 304 306 307 40 288
115 304 306 307 40 288 301
116 308 309 41 289 302 305
116 309 41 289 302 305 308
116 41 289 302 305 308 309
116 289 302 305 308 309 41
116 302 305 308 309 41 289
116 305 308 309 41 289 302
117 317 318 44 290 303 316
117 318 44 290 303 316 317
117 44 290 303 316 317 318
117 290 303 316 317 318 44
117 303 316 317 318 44 290
117 316 317 318 44 290 303
118 329 330 46 291 321 327
118 330 46 291 321 327 329
118 46 291 321 327 329 330
118 291 321 327 329 330 46
118 321 327 329 330 46 291
118 327 329 330 46 291 321
119 331 332 47 292 322 328
119 332 47 292 322 328 331
119 47 292 322 328 331 332
119 292 322 328 331 332 47
119 322 328 331 332 47 292
119 328 331 332 47 292 322
120 338 339 48 295 325 336
120 339 48 295 325 336 338
120 48 295 325 336 338 339
120 295 325 336 338 339 48
120 325 336 338 339 48 295
120 336 338 339 48 295 325
121 351 352 51 298 347 350
121 352 51 298 347 350 351
121 51 298 347 350 351 352
121 298 347 350 351 352 51
121 347 350 351 352 51 298
121 350 351 352 51 298 347
122 357 358 53 299 348 355
122 358 53 299 348 355 357
122 53 299 348 355 357 358
122 299 348 355 357 358 53
122 348 355 357 358 53 299
122 355 357 358 53 299 348
123 392 393 55 361 383 390
123 393 55 361 383 390 392
123 55 361 383 390 392 393
123 361 383 390 392 393 55
123 383 390 392 393 55 361
123 390 392 393 55 361 383
124 394 395 56 362 384 391
124 395 56 362 384 391 394
124 56 362 384 391 394 395
124 362 384 391 394 395 56
124 384 391 394 395 56 362
124 391 394 395 56 362 384
125 399 400 57 363 386 397
125 400 57 363 386 397 399
125 57 363 386 397 399 400
125 363 386 397 399 400 57
125 386 397 399 400 57 363
125 397 399 400 57 363 386
126 -1 364 401 407 409 410
127 -1 365 402 408 411 412
128 -1 368 405 416 418 419
129 429 430 58 370 421 427
129 430 58 370 421 427 429
129 58 370 421 427 429 430
129 370 421 427 429 430 58
129 421 427 429 430 58 370
129 427 429 430 58 370 421
130 431 432 59 371 422 428
130 432 59 371 422 428 431
130 59 371 422 428 431 432
130 371 422 428 431 432 59
130 422 428 431 432 59 371
130 428 431 432 59 371 422
131 -1 372 423 433 435 436
132 -1 373 424 434 437 438
133 441 442 60 374 425 439
133 442 60 374 425 439 441
133 60 374 425 439 441 442
133 374 425 439 441 442 60
133 425 439 441 442 60 374
133 439 441 442 60 374 425
134 -1 375 426 440 443 444
135 453 454 61 376 445 451
135 454 61 376 445 451 453
135 61 376 445 451 453 454
135 376 445 451 453 454 61
135 445 451 453 454 61 376
135 451 453 454 61 376 445
136 -1 377 446 455 457 458
137 462 463 62 379 448 460
137 463 62 379 448 460 462
137 62 379 448 460 462 463
137 379 448 460 462 463 62
137 448 460 462 463 62 379
137 460 462 463 62 379 448
138 -1 380 449 461 464 465
139 492 493 63 466 484 490
139 493 63 466 484 490 492
139 63 466 484 490 492 493
139 466 484 490 492 493 63
139 484 490 492 493 63 466
139 490 492 493 63 466 484
140 495 496 64 467 485 494
140 496 64 467 485 494 495
140 64 467 485 494 495 496
140 467 485 494 495 496 64
140 485 494 495 496 64 467
140 494 495 496 64 467 485
141 -1 497 498 65 468 486
142 501 502 66 469 487 499
142 502 66 469 487 499 501
142 66 469 487 499 501 502
142 469 487 499 501 502 66
142 487 499 501 502 66 469
142 499 501 502 66 469 487
143 503 504 67 470 488 500
143 504 67 470 488 500 503
143 67 470 488 500 503 504
143 470 488 500 503 504 67
143 488 500 503 504 67 470
143 500 503 504 67 470 488
144 512 513 68 471 505 510
144 513 68 471 505 510 512
144 68 471 505 510 512 513
144 471 505 510 512 513 68
144 505 510 512 513 68 471
144 510 512 513 68 471 505
145 514 515 69 472 506 511
145 515 69 472 506 511 514
145 69 472 506 511 514 515
145 472 506 511 514 515 69
145 506 511 514 515 69 472
145 511 514 515 69 472 506
146 -1 516 517 70 473 507
147 521 522 71 474 508 519
147 522 71 474 508 519 521
147 71 474 508 519 521 522
147 474 508 519 521 522 71
147 508 519 521 522 71 474
147 519 521 522 71 474 508
148 -1 523 72 475 509 520
149 529 530 73 476 524 528
149 530 73 476 524 528 529
149 73 476 524 528 529 530
149 476 524 528 529 530 73
149 524 528 529 530 73 476
149 528 529 530 73 476 524
150 535 536 75 478 525 533
150 536 75 478 525 533 535
150 75 478 525 533 535 536
150 478 525 533 535 536 75
150 525 533 535 536 75 478
150 533 535 536 75 478 525
151 547 548 77 481 539 545
151 548 77 481 539 545 547
151 77 481 539 545 547 548
151 481 539 545 547 548 77
151 539 545 547 548 77 481
151 545 547 548 77 481 539
152 556 557 78 482 542 554
152 557 78 482 542 554 556
152 78 482 542 554 556 557
152 482 542 554 556 557 78
152 542 554 556 557 78 482
152 554 556 557 78 482 542
153 31 32 81 0 22 29
153 32 81 0 22 29 31
153 81 0 22 29 31 32
153 0 22 29 31 32 81
153 22 29 31 32 81 0
153 29 31 32 81 0 22
154 33 34 82 1 23 30
154 34 82 1 23 30 33
154 82 1 23 30 33 34
154 1 23 30 33 34 82
154 23 30 33 34 82 1
154 30 33 34 82 1 23
155 38 39 84 2 25 36
155 39 84 2 25 36 38
155 84 2 25 36 38 39
155 2 25 36 38 39 84
155 25 36 38 39 84 2
155 36 38 39 84 2 25
156 -1 86 4 41 47 48
157 -1 89 7 44 51 53
158 -1 54 90 8 45 52
159 -1 94 12 56 59 60
160 -1 96 14 57 61 62
161 71 72 98 15 63 69
161 72 98 15 63 69 71
161 98 15 63 69 71 72
161 15 63 69 71 72 98
161 63 69 71 72 98 15
161 69 71 72 98 15 63
162 -1 99 16 64 73 75
163 -1 102 19 67 77 78
164 -1 104 210 190 196 197
165 200 201 105 211 191 198
165 201 105 211 191 198 200
165 105 211 191 198 200 201
165 211 191 198 200 201 105
165 191 198 200 201 105 211
165 198 200 201 105 211 191
166 202 203 106 212 192 199
166 203 106 212 192 199 202
166 106 212 192 199 202 203
166 212 192 199 202 203 106
166 192 199 202 203 106 212
166 199 202 203 106 212 192
167 -1 107 213 193 204 206
168 207 208 108 214 194 205
168 208 108 214 194 205 207
168 108 214 194 205 207 208
168 214 194 205 207 208 108
168 194 205 207 208 108 214
168 205 207 208 108 214 194
169 -1 110 218 238 242 243
170 247 246 111 220 240 245
170 246 111 220 240 245 247
170 111 220 240 245 247 246
170 220 240 245 247 246 111
170 240 245 247 246 111 220
170 245 247 246 111 220 240
171 250 251 112 221 254 248
171 251 112 221 254 248 250
171 112 221 254 248 250 251
171 221 254 248 250 251 112
171 254 248 250 251 112 221
171 248 250 251 112 221 254
172 252 253 113 222 255 249
172 253 113 222 255 249 252
172 113 222 255 249 252 253
172 222 255 249 252 253 113
172 255 249 252 253 113 222
172 249 252 253 113 222 255
173 -1 115 224 257 261 262
174 263 264 116 225 258 265
174 264 116 225 258 265 263
174 116 225 258 265 263 264
174 225 258 265 263 264 116
174 258 265 263 264 116 225
174 265 263 264 116 225 258
175 -1 117 226 259 266 267
176 -1 118 227 273 268 270
177 271 272 119 228 274 269
177 272 119 228 274 269 271
177 119 228 274 269 271 272
177 228 274 269 271 272 119
177 274 269 271 272 119 228
177 269 271 272 119 228 274
178 282 281 120 230 276 280
178 281 120 230 276 280 282
178 120 230 276 280 282 281
178 230 276 280 282 281 120
178 276 280 282 281 120 230
178 280 282 281 120 230 276
179 283 284 121 231 277 285
179 284 121 231 277 285 283
179 121 231 277 285 283 284
179 231 277 285 283 284 121
179 277 285 283 284 121 231
179 285 283 284 121 231 277
180 -1 122 232 278 286 287
181 293 294 123 301 288 291
181 294 123 301 288 291 293
181 123 301 288 291 293 294
181 301 288 291 293 294 123
181 288 291 293 294 123 301
181 291 293 294 123 301 288
182 295 296 124 302 289 292
182 296 124 302 289 292 295
182 124 302 289 292 295 296
182 302 289 292 295 296 124
182 289 292 295 296 124 302
182 292 295 296 124 302 289
183 299 300 125 303 290 298
183 300 125 303 290 298 299
183 125 303 290 298 299 300
183 303 290 298 299 300 125
183 290 298 299 300 125 303
183 298 299 300 125 303 290
184 323 324 126 304 327 321
184 324 126 304 327 321 323
184 126 304 327 321 323 324
184 304 327 321 323 324 126
184 327 321 323 324 126 304
184 321 323 324 126 304 327
185 325 326 127 305 328 322
185 326 127 305 328 322 325
185 127 305 328 322 325 326
185 305 328 322 325 326 127
185 328 322 325 326 127 305
185 322 325 326 127 305 328
186 -1 129 307 330 334 335
187 336 337 130 308 331 338
187 337 130 308 331 338 336
187 130 308 331 338 336 337
187 308 331 338 336 337 130
187 331 338 336 337 130 308
187 338 336 337 130 308 331
188 -1 131 309 332 339 340
189 348 349 138 316 350 347
189 349 138 316 350 347 348
189 138 316 350 347 348 349
189 316 350 347 348 349 138
189 350 347 348 349 138 316
189 347 348 349 138 316 350
190 355 356 139 317 351 357
190 356 139 317 351 357 355
190 139 317 351 357 355 356
190 317 351 357 355 356 139
190 351 357 355 356 139 317
190 357 355 356 139 317 351
191 -1 140 318 352 358 359
192 -1 364 366 367 143 381
193 -1 365 368 369 144 382
194 372 373 145 383 361 370
194 373 145 383 361 370 372
194 145 383 361 370 372 373
194 383 361 370 372 373 145
194 361 370 372 373 145 383
194 370 372 373 145 383 361
195 374 375 146 384 362 371
195 375 146 384 362 371 374
195 146 384 362 371 374 375
195 384 362 371 374 375 146
195 362 371 374 375 146 384
195 371 374 375 146 384 362
196 379 380 148 386 363 376
196 380 148 386 363 376 379
196 148 386 363 376 379 380
196 386 363 376 379 380 148
196 363 376 379 380 148 386
196 376 379 380 148 386 363
197 403 404 149 387 407 401
197 404 149 387 407 401 403
197 149 387 407 401 403 404
197 387 407 401 403 404 149
197 407 401 403 404 149 387
197 401 403 404 149 387 407
198 405 406 150 388 408 402
198 406 150 388 408 402 405
198 150 388 408 402 405 406
198 388 408 402 405 406 150
198 408 402 405 406 150 388
198 402 405 406 150 388 408
199 416 417 153 389 411 418
199 417 153 389 411 418 416
199 153 389 411 418 416 417
199 389 411 418 416 417 153
199 411 418 416 417 153 389
199 418 416 417 153 389 411
200 423 424 155 390 427 421
200 424 155 390 427 421 423
200 155 390 427 421 423 424
200 390 427 421 423 424 155
200 427 421 423 424 155 390
200 421 423 424 155 390 427
201 425 426 156 391 428 422
201 426 156 391 428 422 425
201 156 391 428 422 425 426
201 391 428 422 425 426 156
201 428 422 425 426 156 391
201 422 425 426 156 391 428
202 433 434 157 392 429 435
202 434 157 392 429 435 433
202 157 392 429 435 433 434
202 392 429 435 433 434 157
202 429 435 433 434 157 392
202 435 433 434 157 392 429
203 438 437 158 393 430 436
203 437 158 393 430 436 438
203 158 393 430 436 438 437
203 393 430 436 438 437 158
203 430 436 438 437 158 393
203 436 438 437 158 393 430
204 439 440 159 394 431 441
204 440 159 394 431 441 439
204 159 394 431 441 439 440
204 394 431 441 439 440 159
204 431 441 439 440 159 394
204 441 439 440 159 394 431
205 444 443 160 395 432 442
205 443 160 395 432 442 444
205 160 395 432 442 444 443
205 395 432 442 444 443 160
205 432 442 444 443 160 395
205 442 444 443 160 395 432
206 -1 446 447 161 396 450
207 448 449 162 397 451 445
207 449 162 397 451 445 448
207 162 397 451 445 448 449
207 397 451 445 448 449 162
207 451 445 448 449 162 397
207 445 448 449 162 397 451
208 455 456 163 398 452 457
208 456 163 398 452 457 455
208 163 398 452 457 455 456
208 398 452 457 455 456 163
208 452 457 455 456 163 398
208 457 455 456 163 398 452
209 460 461 165 399 453 462
209 461 165 399 453 462 460
209 165 399 453 462 460 461
209 399 453 462 460 461 165
209 453 462 460 461 165 399
209 462 460 461 165 399 453
210 465 464 166 400 454 463
210 464 166 400 454 463 465
210 166 400 454 463 465 464
210 400 454 463 465 464 166
210 454 463 465 464 166 400
210 463 465 464 166 400 454
211 474 475 168 484 466 472
211 475 168 484 466 472 474
211 168 484 466 472 474 475
211 484 466 472 474 475 168
211 466 472 474 475 168 484
211 472 474 475 168 484 466
212 -1 169 485 467 476 478
213 -1 170 486 468 477 479
214 -1 172 488 470 481 482
215 -1 173 489 510 505 507
216 508 509 174 490 511 506
216 509 174 490 511 506 508
216 174 490 511 506 508 509
216 490 511 506 508 509 174
216 511 506 508 509 174 490
216 506 508 509 174 490 511
217 -1 175 491 513 517 518
218 519 520 176 492 514 521
218 520 176 492 514 521 519
218 176 492 514 521 519 520
218 492 514 521 519 520 176
218 514 521 519 520 176 492
218 521 519 520 176 492 514
219 -1 177 493 515 522 523
220 525 526 178 494 528 524
220 526 178 494 528 524 525
220 178 494 528 524 525 526
220 494 528 524 525 526 178
220 528 524 525 526 178 494
220 524 525 526 178 494 528
221 533 534 179 495 529 535
221 534 179 495 529 535 533
221 179 495 529 535 533 534
221 495 529 535 533 534 179
221 529 535 533 534 179 495
221 535 533 534 179 495 529
222 -1 180 496 530 536 537
223 -1 540 541 183 499 544
224 542 543 184 500 545 539
224 543 184 500 545 539 542
224 184 500 545 539 542 543
224 500 545 539 542 543 184
224 545 539 542 543 184 500
224 539 542 543 184 500 545
225 549 550 185 501 546 551
225 550 185 501 546 551 549
225 185 501 546 551 549 550
225 501 546 551 549 550 185
225 546 551 549 550 185 501
225 551 549 550 185 501 546
226 554 555 187 503 547 556
226 555 187 503 547 556 554
226 187 503 547 556 554 555
226 503 547 556 554 555 187
226 547 556 554 555 187 503
226 556 554 555 187 503 547
227 559 558 188 504 548 557
227 558 188 504 548 557 559
227 188 504 548 557 559 558
227 504 548 557 559 558 188
227 548 557 559 558 188 504
227 557 559 558 188 504 548
228 -1 3 5 6 189 20
229 -1 4 7 8 190 21
230 11 12 191 22 0 9
230 12 191 22 0 9 11
230 191 22 0 9 11 12
230 22 0 9 11 12 191
230 0 9 11 12 191 22
230 9 11 12 191 22 0
231 13 14 192 23 1 10
231 14 192 23 1 10 13
231 192 23 1 10 13 14
231 23 1 10 13 14 192
231 1 10 13 14 192 23
231 10 13 14 192 23 1
232 18 19 194 25 2 15
232 19 194 25 2 15 18
232 194 25 2 15 18 19
232 25 2 15 18 19 194
232 2 15 18 19 194 25
232 15 18 19 194 25 2
233 42 43 195 26 46 40
233 43 195 26 46 40 42
233 195 26 46 40 42 43
233 26 46 40 42 43 195
233 46 40 42 43 195 26
233 40 42 43 195 26 46
234 44 45 196 27 47 41
234 45 196 27 47 41 44
234 196 27 47 41 44 45
234 27 47 41 44 45 196
234 47 41 44 45 196 27
234 41 44 45 196 27 47
235 51 52 197 28 48 53
235 52 197 28 48 53 51
235 197 28 48 53 51 52
235 28 48 53 51 52 197
235 48 53 51 52 197 28
235 53 51 52 197 28 48
236 -1 64 65 204 35 68
237 66 67 205 36 69 63
237 67 205 36 69 63 66
237 205 36 69 63 66 67
237 36 69 63 66 67 205
237 69 63 66 67 205 36
237 63 66 67 205 36 69
238 73 74 206 37 70 75
238 74 206 37 70 75 73
238 206 37 70 75 73 74
238 37 70 75 73 74 206
238 70 75 73 74 206 37
238 75 73 74 206 37 70
239 -1 76 77 207 38 71
240 87 88 209 103 79 85
240 88 209 103 79 85 87
240 209 103 79 85 87 88
240 103 79 85 87 88 209
240 79 85 87 88 209 103
240 85 87 88 209 103 79
241 89 90 210 104 80 86
241 90 210 104 80 86 89
241 210 104 80 86 89 90
241 104 80 86 89 90 210
241 80 86 89 90 210 104
241 86 89 90 210 104 80
242 93 94 211 105 81 91
242 94 211 105 81 91 93
242 211 105 81 91 93 94
242 105 81 91 93 94 211
242 81 91 93 94 211 105
242 91 93 94 211 105 81
243 95 96 212 106 82 92
243 96 212 106 82 92 95
243 212 106 82 92 95 96
243 106 82 92 95 96 212
243 82 92 95 96 212 106
243 92 95 96 212 106 82
244 99 100 213 107 83 97
244 100 213 107 83 97 99
244 213 107 83 97 99 100
244 107 83 97 99 100 213
244 83 97 99 100 213 107
244 97 99 100 213 107 83
245 101 102 214 108 84 98
245 102 214 108 84 98 101
245 214 108 84 98 101 102
245 108 84 98 101 102 214
245 84 98 101 102 214 108
245 98 101 102 214 108 84
246 132 133 217 109 128 134
246 133 217 109 128 134 132
246 217 109 128 134 132 133
246 109 128 134 132 133 217
246 128 134 132 133 217 109
246 134 132 133 217 109 128
247 137 136 218 110 129 135
247 136 218 110 129 135 137
247 218 110 129 135 137 136
247 110 129 135 137 136 218
247 129 135 137 136 218 110
247 135 137 136 218 110 129
248 142 141 220 111 131 140
248 141 220 111 131 140 142
248 220 111 131 140 142 141
248 111 131 140 142 141 220
248 131 140 142 141 220 111
248 140 142 141 220 111 131
249 145 146 221 112 149 143
249 146 221 112 149 143 145
249 221 112 149 143 145 146
249 112 149 143 145 146 221
249 149 143 145 146 221 112
249 143 145 146 221 112 149
250 147 148 222 113 150 144
250 148 222 113 150 144 147
250 222 113 150 144 147 148
250 113 150 144 147 148 222
250 150 144 147 148 222 113
250 144 147 148 222 113 150
251 155 156 223 114 151 157
251 156 223 114 151 157 155
251 223 114 151 157 155 156
251 114 151 157 155 156 223
251 151 157 155 156 223 114
251 157 155 156 223 114 151
252 160 159 224 115 152 158
252 159 224 115 152 158 160
252 224 115 152 158 160 159
252 115 152 158 160 159 224
252 152 158 160 159 224 115
252 158 160 159 224 115 152
253 161 162 225 116 153 163
253 162 225 116 153 163 161
253 225 116 153 163 161 162
253 116 153 163 161 162 225
253 153 163 161 162 225 116
253 163 161 162 225 116 153
254 166 165 226 117 154 164
254 165 226 117 154 164 166
254 226 117 154 164 166 165
254 117 154 164 166 165 226
254 154 164 166 165 226 117
254 164 166 165 226 117 154
255 169 170 227 118 173 167
255 170 227 118 173 167 169
255 227 118 173 167 169 170
255 118 173 167 169 170 227
255 173 167 169 170 227 118
255 167 169 170 227 118 173
256 171 172 228 119 174 168
256 172 228 119 174 168 171
256 228 119 174 168 171 172
256 119 174 168 171 172 228
256 174 168 171 172 228 119
256 168 171 172 228 119 174
257 182 181 230 120 175 180
257 181 230 120 175 180 182
257 230 120 175 180 182 181
257 120 175 180 182 181 230
257 175 180 182 181 230 120
257 180 182 181 230 120 175
258 183 184 231 121 176 185
258 184 231 121 176 185 183
258 231 121 176 185 183 184
258 121 176 185 183 184 231
258 176 185 183 184 231 121
258 185 183 184 231 121 176
259 188 187 232 122 177 186
259 187 232 122 177 186 188
259 232 122 177 186 188 187
259 122 177 186 188 187 232
259 177 186 188 187 232 122
259 186 188 187 232 122 177
260 -1 236 328 305 302 303
261 310 311 237 329 306 312
261 311 237 329 306 312 310
261 237 329 306 312 310 311
261 329 306 312 310 311 237
261 306 312 310 311 237 329
261 312 310 311 237 329 306
262 315 314 238 330 307 313
262 314 238 330 307 313 315
262 238 330 307 313 315 314
262 330 307 313 315 314 238
262 307 313 315 314 238 330
262 313 315 314 238 330 307
263 -1 239 331 308 317 316
264 320 319 240 332 309 318
264 319 240 332 309 318 320
264 240 332 309 318 320 319
264 332 309 318 320 319 240
264 309 318 320 319 240 332
264 318 320 319 240 332 309
265 -1 244 338 357 351 350
266 354 353 245 339 358 352
266 353 245 339 358 352 354
266 245 339 358 352 354 353
266 339 358 352 354 353 245
266 358 352 354 353 245 339
266 352 354 353 245 339 358
267 -1 361 362 248 401 364
268 370 371 250 403 366 372
268 371 250 403 366 372 370
268 250 403 366 372 370 371
268 403 366 372 370 371 250
268 366 372 370 371 250 403
268 372 370 371 250 403 366
269 375 374 251 404 367 373
269 374 251 404 367 373 375
269 251 404 367 373 375 374
269 404 367 373 375 374 251
269 367 373 375 374 251 404
269 373 375 374 251 404 367
270 -1 376 252 405 368 377
271 380 379 253 406 369 378
271 379 253 406 369 378 380
271 253 406 369 378 380 379
271 406 369 378 380 379 253
271 369 378 380 379 253 406
271 378 380 379 253 406 369
272 383 384 254 407 387 381
272 384 254 407 387 381 383
272 254 407 387 381 383 384
272 407 387 381 383 384 254
272 387 381 383 384 254 407
272 381 383 384 254 407 387
273 385 386 255 408 388 382
273 386 255 408 388 382 385
273 255 408 388 382 385 386
273 408 388 382 385 386 255
273 388 382 385 386 255 408
273 382 385 386 255 408 388
274 -1 392 390 391 256 409
275 -1 393 395 394 257 410
276 396 397 258 411 389 398
276 397 258 411 389 398 396
276 258 411 389 398 396 397
276 411 389 398 396 397 258
276 389 398 396 397 258 411
276 398 396 397 258 411 389
277 427 428 260 413 435 429
277 428 260 413 435 429 427
277 260 413 435 429 427 428
277 413 435 429 427 428 260
277 435 429 427 428 260 413
277 429 427 428 260 413 435
278 432 431 261 414 436 430
278 431 261 414 436 430 432
278 261 414 436 430 432 431
278 414 436 430 432 431 261
278 436 430 432 431 261 414
278 430 432 431 261 414 436
279 442 441 262 415 438 444
279 441 262 415 438 444 442
279 262 415 438 444 442 441
279 415 438 444 442 441 262
279 438 444 442 441 262 415
279 444 442 441 262 415 438
280 -1 445 263 416 455 446
281 449 448 264 417 456 447
281 448 264 417 456 447 449
281 264 417 456 447 449 448
281 417 456 447 449 448 264
281 456 447 449 448 264 417
281 447 449 448 264 417 456
282 450 451 265 418 457 452
282 451 265 418 457 452 450
282 265 418 457 452 450 451
282 418 457 452 450 451 265
282 457 452 450 451 265 418
282 452 450 451 265 418 457
283 -1 454 453 266 419 458
284 463 462 267 420 459 465
284 462 267 420 459 465 463
284 267 420 459 465 463 462
284 420 459 465 463 462 267
284 459 465 463 462 267 420
284 465 463 462 267 420 459
285 -1 467 468 268 505 471
286 469 470 269 506 472 466
286 470 269 506 472 466 469
286 269 506 472 466 469 470
286 506 472 466 469 470 269
286 472 466 469 470 269 506
286 466 469 470 269 506 472
287 476 477 270 507 473 478
287 477 270 507 473 478 476
287 270 507 473 478 476 477
287 507 473 478 476 477 270
287 473 478 476 477 270 507
287 478 476 477 270 507 473
288 -1 480 481 271 508 474
289 485 486 273 510 489 483
289 486 273 510 489 483 485
289 273 510 489 483 485 486
289 510 489 483 485 486 273
289 489 483 485 486 273 510
289 483 485 486 273 510 489
290 487 488 274 511 490 484
290 488 274 511 490 484 487
290 274 511 490 484 487 488
290 511 490 484 487 488 274
290 490 484 487 488 274 511
290 484 487 488 274 511 490
291 498 497 276 513 491 496
291 497 276 513 491 496 498
291 276 513 491 496 498 497
291 513 491 496 498 497 276
291 491 496 498 497 276 513
291 496 498 497 276 513 491
292 499 500 277 514 492 501
292 500 277 514 492 501 499
292 277 514 492 501 499 500
292 514 492 501 499 500 277
292 492 501 499 500 277 514
292 501 499 500 277 514 492
293 504 503 278 515 493 502
293 503 278 515 493 502 504
293 278 515 493 502 504 503
293 515 493 502 504 503 278
293 493 502 504 503 278 515
293 502 504 503 278 515 493
294 -1 279 516 535 529 528
295 532 531 280 517 536 530
295 531 280 517 536 530 532
295 280 517 536 530 532 531
295 517 536 530 532 531 280
295 536 530 532 531 280 517
295 530 532 531 280 517 536
296 -1 539 283 519 549 540
297 543 542 284 520 550 541
297 542 284 520 550 541 543
297 284 520 550 541 543 542
297 520 550 541 543 542 284
297 550 541 543 542 284 520
297 541 543 542 284 520 550
298 544 545 285 521 551 546
298 545 285 521 551 546 544
298 285 521 551 546 544 545
298 521 551 546 544 545 285
298 551 546 544 545 285 521
298 546 544 545 285 521 551
299 -1 548 547 286 522 552
300 557 556 287 523 553 559
300 556 287 523 553 559 557
300 287 523 553 559 557 556
300 523 553 559 557 556 287
300 553 559 557 556 287 523
300 559 557 556 287 523 553
301 -1 0 1 288 40 3
302 -1 42 5 11 9 10
303 -1 43 6 12 14 13
304 -1 15 290 44 7 16
305 -1 45 8 17 19 18
306 22 23 291 46 26 20
306 23 291 46 26 20 22
306 291 46 26 20 22 23
306 46 26 20 22 23 291
306 26 20 22 23 291 46
306 20 22 23 291 46 26
307 24 25 292 47 27 21
307 25 292 47 27 21 24
307 292 47 27 21 24 25
307 47 27 21 24 25 292
307 27 21 24 25 292 47
307 21 24 25 292 47 27
308 35 36 295 48 28 37
308 36 295 48 28 37 35
308 295 48 28 37 35 36
308 48 28 37 35 36 295
308 28 37 35 36 295 48
308 37 35 36 295 48 28
309 -1 63 298 51 73 64
310 -1 52 74 65 67 66
311 68 69 299 53 75 70
311 69 299 53 75 70 68
311 299 53 75 70 68 69
311 53 75 70 68 69 299
311 75 70 68 69 299 53
311 70 68 69 299 53 75
312 81 82 301 123 85 79
312 82 301 123 85 79 81
312 301 123 85 79 81 82
312 123 85 79 81 82 301
312 85 79 81 82 301 123
312 79 81 82 301 123 85
313 83 84 302 124 86 80
313 84 302 124 86 80 83
313 302 124 86 80 83 84
313 124 86 80 83 84 302
313 86 80 83 84 302 124
313 80 83 84 302 124 86
314 97 98 303 125 89 99
314 98 303 125 89 99 97
314 303 125 89 99 97 98
314 125 89 99 97 98 303
314 89 99 97 98 303 125
314 99 97 98 303 125 89
315 -1 103 105 106 304 126
316 -1 104 107 108 305 127
317 112 113 306 128 109 114
317 113 306 128 109 114 112
317 306 128 109 114 112 113
317 128 109 114 112 113 306
317 109 114 112 113 306 128
317 114 112 113 306 128 109
318 117 116 307 129 110 115
318 116 307 129 110 115 117
318 307 129 110 115 117 116
318 129 110 115 117 116 307
318 110 115 117 116 307 129
318 115 117 116 307 129 110
319 122 121 309 131 111 120
319 121 309 131 111 120 122
319 309 131 111 120 122 121
319 131 111 120 122 121 309
319 111 120 122 121 309 131
319 120 122 121 309 131 111
320 143 144 310 132 155 145
320 144 310 132 155 145 143
320 310 132 155 145 143 144
320 132 155 145 143 144 310
320 155 145 143 144 310 132
320 145 143 144 310 132 155
321 148 147 311 133 156 146
321 147 311 133 156 146 148
321 311 133 156 146 148 147
321 133 156 146 148 147 311
321 156 146 148 147 311 133
321 146 148 147 311 133 156
322 149 150 312 134 157 151
322 150 312 134 157 151 149
322 312 134 157 151 149 150
322 134 157 151 149 150 312
322 157 151 149 150 312 134
322 151 149 150 312 134 157
323 154 153 313 135 158 152
323 153 313 135 158 152 154
323 313 135 158 152 154 153
323 135 158 152 154 153 313
323 158 152 154 153 313 135
323 152 154 153 313 135 158
324 162 161 314 136 159 165
324 161 314 136 159 165 162
324 314 136 159 165 162 161
324 136 159 165 162 161 314
324 159 165 162 161 314 136
324 165 162 161 314 136 159
325 164 163 315 137 160 166
325 163 315 137 160 166 164
325 315 137 160 166 164 163
325 137 160 166 164 163 315
325 160 166 164 163 315 137
325 166 164 163 315 137 160
326 167 168 316 138 178 169
326 168 316 138 178 169 167
326 316 138 178 169 167 168
326 138 178 169 167 168 316
326 178 169 167 168 316 138
326 169 167 168 316 138 178
327 -1 173 174 317 139 179
328 177 176 318 140 180 175
328 176 318 140 180 175 177
328 318 140 180 175 177 176
328 140 180 175 177 176 318
328 180 175 177 176 318 140
328 175 177 176 318 140 180
329 184 183 319 141 181 187
329 183 319 141 181 187 184
329 319 141 181 187 184 183
329 141 181 187 184 183 319
329 181 187 184 183 319 141
329 187 184 183 319 141 181
330 186 185 320 142 182 188
330 185 320 142 182 188 186
330 320 142 182 188 186 185
330 142 182 188 186 185 320
330 182 188 186 185 320 142
330 188 186 185 320 142 182
331 -1 195 189 191 192 321
332 -1 196 190 193 194 322
333 -1 200 198 199 323 233
334 -1 201 203 202 324 234
335 -1 197 206 204 205 325
336 211 212 327 235 215 209
336 212 327 235 215 209 211
336 327 235 215 209 211 212
336 235 215 209 211 212 327
336 215 209 211 212 327 235
336 209 211 212 327 235 215
337 213 214 328 236 216 210
337 214 328 236 216 210 213
337 328 236 216 210 213 214
337 236 216 210 213 214 328
337 216 210 213 214 328 236
337 210 213 214 328 236 216
338 221 222 329 237 217 223
338 222 329 237 217 223 221
338 329 237 217 223 221 222
338 237 217 223 221 222 329
338 217 223 221 222 329 237
338 223 221 222 329 237 217
339 226 225 330 238 218 224
339 225 330 238 218 224 226
339 330 238 218 224 226 225
339 238 218 224 226 225 330
339 218 224 226 225 330 238
339 224 226 225 330 238 218
340 227 228 331 239 219 229
340 228 331 239 219 229 227
340 331 239 219 229 227 228
340 239 219 229 227 228 331
340 219 229 227 228 331 239
340 229 227 228 331 239 219
341 232 231 332 240 220 230
341 231 332 240 220 230 232
341 332 240 220 230 232 231
341 240 220 230 232 231 332
341 220 230 232 231 332 240
341 230 232 231 332 240 220
342 254 255 333 241 260 256
342 255 333 241 260 256 254
342 333 241 260 256 254 255
342 241 260 256 254 255 333
342 260 256 254 255 333 241
342 256 254 255 333 241 260
343 259 258 334 242 261 257
343 258 334 242 261 257 259
343 334 242 261 257 259 258
343 242 261 257 259 258 334
343 261 257 259 258 334 242
343 257 259 258 334 242 261
344 266 265 335 243 262 267
344 265 335 243 262 267 266
344 335 243 262 267 266 265
344 243 262 267 266 265 335
344 262 267 266 265 335 243
344 267 266 265 335 243 262
345 273 274 338 244 279 275
345 274 338 244 279 275 273
345 338 244 279 275 273 274
345 244 279 275 273 274 338
345 279 275 273 274 338 244
345 275 273 274 338 244 279
346 278 277 339 245 280 276
346 277 339 245 280 276 278
346 339 245 280 276 278 277
346 245 280 276 278 277 339
346 280 276 278 277 339 245
346 276 278 277 339 245 280
347 286 285 340 247 282 287
347 285 340 247 282 287 286
347 340 247 282 287 286 285
347 247 282 287 286 285 340
347 282 287 286 285 340 247
347 287 286 285 340 247 282
348 -1 341 422 371 362 363
349 -1 423 372 366 364 365
350 -1 424 373 367 369 368
351 -1 342 425 374 379 376
352 -1 426 375 380 378 377
353 -1 427 390 383 381 382
354 -1 428 391 384 386 385
355 -1 431 394 399 397 396
356 407 408 343 435 413 409
356 408 343 435 413 409 407
356 343 435 413 409 407 408
356 435 413 409 407 408 343
356 413 409 407 408 343 435
356 409 407 408 343 435 413
357 412 411 344 436 414 410
357 411 344 436 414 410 412
357 344 436 414 410 412 411
357 436 414 410 412 411 344
357 414 410 412 411 344 436
357 410 412 411 344 436 414
358 419 418 345 438 415 420
358 418 345 438 415 420 419
358 345 438 415 420 419 418
358 438 415 420 419 418 345
358 415 420 419 418 345 438
358 420 419 418 345 438 415
359 -1 440 461 449 447 446
360 -1 441 462 453 451 450
361 458 457 346 444 465 459
361 457 346 444 465 459 458
361 346 444 465 459 458 457
361 444 465 459 458 457 346
361 465 459 458 457 346 444
361 459 458 457 346 444 465
362 -1 466 347 524 476 467
363 471 472 348 525 478 473
363 472 348 525 478 473 471
363 348 525 478 473 471 472
363 525 478 473 471 472 348
363 478 473 471 472 348 525
363 473 471 472 348 525 478
364 483 484 350 528 494 485
364 484 350 528 494 485 483
364 350 528 494 485 483 484
364 528 494 485 483 484 350
364 494 485 483 484 350 528
364 485 483 484 350 528 494
365 -1 489 490 351 529 495
366 493 492 352 530 496 491
366 492 352 530 496 491 493
366 352 530 496 491 493 492
366 530 496 491 493 492 352
366 496 491 493 492 352 530
366 491 493 492 352 530 496
367 500 499 353 531 497 503
367 499 353 531 497 503 500
367 353 531 497 503 500 499
367 531 497 503 500 499 353
367 497 503 500 499 353 531
367 503 500 499 353 531 497
368 502 501 354 532 498 504
368 501 354 532 498 504 502
368 354 532 498 504 502 501
368 532 498 504 502 501 354
368 498 504 502 501 354 532
368 504 502 501 354 532 498
369 -1 507 505 506 355 533
370 510 511 357 535 516 512
370 511 357 535 516 512 510
370 357 535 516 512 510 511
370 535 516 512 510 511 357
370 516 512 510 511 357 535
370 512 510 511 357 535 516
371 515 514 358 536 517 513
371 514 358 536 517 513 515
371 358 536 517 513 515 514
371 536 517 513 515 514 358
371 517 513 515 514 358 536
371 513 515 514 358 536 517
372 522 521 359 537 518 523
372 521 359 537 518 523 522
372 359 537 518 523 522 521
372 537 518 523 522 521 359
372 518 523 522 521 359 537
372 523 522 521 359 537 518
373 552 551 360 538 559 553
373 551 360 538 559 553 552
373 360 538 559 553 552 551
373 538 559 553 552 551 360
373 559 553 552 551 360 538
373 553 552 551 360 538 559
374 3 4 361 55 11 5
374 4 361 55 11 5 3
374 361 55 11 5 3 4
374 55 11 5 3 4 361
374 11 5 3 4 361 55
374 5 3 4 361 55 11
375 8 7 362 56 12 6
375 7 362 56 12 6 8
375 362 56 12 6 8 7
375 56 12 6 8 7 362
375 12 6 8 7 362 56
375 6 8 7 362 56 12
376 17 16 363 57 14 19
376 16 363 57 14 19 17
376 363 57 14 19 17 16
376 57 14 19 17 16 363
376 14 19 17 16 363 57
376 19 17 16 363 57 14
377 -1 29 22 20 21 364
378 -1 30 23 25 24 365
379 -1 33 38 36 35 368
380 40 41 370 58 49 42
380 41 370 58 49 42 40
380 370 58 49 42 40 41
380 58 49 42 40 41 370
380 49 42 40 41 370 58
380 42 40 41 370 58 49
381 -1 43 45 44 371 59
382 65 64 376 61 77 67
382 64 376 61 77 67 65
382 376 61 77 67 65 64
382 61 77 67 65 64 376
382 77 67 65 64 376 61
382 67 65 64 376 61 77
383 -1 74 73 379 62 78
384 79 80 381 143 91 81
384 80 381 143 91 81 79
384 381 143 91 81 79 80
384 143 91 81 79 80 381
384 91 81 79 80 381 143
384 81 79 80 381 143 91
385 84 83 382 144 92 82
385 83 382 144 92 82 84
385 382 144 92 82 84 83
385 144 92 82 84 83 382
385 92 82 84 83 382 144
385 82 84 83 382 144 92
386 85 86 383 145 93 87
386 86 383 145 93 87 85
386 383 145 93 87 85 86
386 145 93 87 85 86 383
386 93 87 85 86 383 145
386 87 85 86 383 145 93
387 90 89 384 146 94 88
387 89 384 146 94 88 90
387 384 146 94 88 90 89
387 146 94 88 90 89 384
387 94 88 90 89 384 146
387 88 90 89 384 146 94
388 98 97 385 147 95 101
388 97 385 147 95 101 98
388 385 147 95 101 98 97
388 147 95 101 98 97 385
388 95 101 98 97 385 147
388 101 98 97 385 147 95
389 100 99 386 148 96 102
389 99 386 148 96 102 100
389 386 148 96 102 100 99
389 148 96 102 100 99 386
389 96 102 100 99 386 148
389 102 100 99 386 148 96
390 103 104 387 149 112 105
390 104 387 149 112 105 103
390 387 149 112 105 103 104
390 149 112 105 103 104 387
390 112 105 103 104 387 149
390 105 103 104 387 149 112
391 108 107 388 150 113 106
391 107 388 150 113 106 108
391 388 150 113 106 108 107
391 150 113 106 108 107 388
391 113 106 108 107 388 150
391 106 108 107 388 150 113
392 119 118 389 153 116 121
392 118 389 153 116 121 119
392 389 153 116 121 119 118
392 153 116 121 119 118 389
392 116 121 119 118 389 153
392 121 119 118 389 153 116
393 -1 123 124 390 155 132
394 126 127 392 157 134 128
394 127 392 157 134 128 126
394 392 157 134 128 126 127
394 157 134 128 126 127 392
394 134 128 126 127 392 157
394 128 126 127 392 157 134
395 131 130 393 158 135 129
395 130 393 158 135 129 131
395 393 158 135 129 131 130
395 158 135 129 131 130 393
395 135 129 131 130 393 158
395 129 131 130 393 158 135
396 -1 138 394 159 136 141
397 140 139 395 160 137 142
397 139 395 160 137 142 140
397 395 160 137 142 140 139
397 160 137 142 140 139 395
397 137 142 140 139 395 160
397 142 140 139 395 160 137
398 168 167 396 161 183 171
398 167 396 161 183 171 168
398 396 161 183 171 168 167
398 161 183 171 168 167 396
398 183 171 168 167 396 161
398 171 168 167 396 161 183
399 170 169 397 162 184 172
399 169 397 162 184 172 170
399 397 162 184 172 170 169
399 162 184 172 170 169 397
399 184 172 170 169 397 162
399 172 170 169 397 162 184
400 174 173 398 163 185 176
400 173 398 163 185 176 174
400 398 163 185 176 174 173
400 163 185 176 174 173 398
400 185 176 174 173 398 163
400 176 174 173 398 163 185
401 -1 178 399 165 187 181
402 180 179 400 166 188 182
402 179 400 166 188 182 180
402 400 166 188 182 180 179
402 166 188 182 180 179 400
402 188 182 180 179 400 166
402 182 180 179 400 166 188
403 189 190 401 248 198 191
403 190 401 248 198 191 189
403 401 248 198 191 189 190
403 248 198 191 189 190 401
403 198 191 189 190 401 248
403 191 189 190 401 248 198
404 194 193 402 249 199 192
404 193 402 249 199 192 194
404 402 249 199 192 194 193
404 249 199 192 194 193 402
404 199 192 194 193 402 249
404 192 194 193 402 249 199
405 -1 195 196 403 250 200
406 205 204 405 252 202 207
406 204 405 252 202 207 205
406 405 252 202 207 205 204
406 252 202 207 205 204 405
406 202 207 205 204 405 252
406 207 205 204 405 252 202
407 -1 206 406 253 203 208
408 209 210 407 254 221 211
408 210 407 254 221 211 209
408 407 254 221 211 209 210
408 254 221 211 209 210 407
408 221 211 209 210 407 254
408 211 209 210 407 254 221
409 214 213 408 255 222 212
409 213 408 255 222 212 214
409 408 255 222 212 214 213
409 255 222 212 214 213 408
409 222 212 214 213 408 255
409 212 214 213 408 255 222
410 215 216 409 256 223 217
410 216 409 256 223 217 215
410 409 256 223 217 215 216
410 256 223 217 215 216 409
410 223 217 215 216 409 256
410 217 215 216 409 256 223
411 220 219 410 257 224 218
411 219 410 257 224 218 220
411 410 257 224 218 220 219
411 257 224 218 220 219 410
411 224 218 220 219 410 257
411 218 220 219 410 257 224
412 228 227 411 258 225 231
412 227 411 258 225 231 228
412 411 258 225 231 228 227
412 258 225 231 228 227 411
412 225 231 228 227 411 258
412 231 228 227 411 258 225
413 230 229 412 259 226 232
413 229 412 259 226 232 230
413 412 259 226 232 230 229
413 259 226 232 230 229 412
413 226 232 230 229 412 259
413 232 230 229 412 259 226
414 235 236 413 260 241 237
414 236 413 260 241 237 235
414 413 260 241 237 235 236
414 260 241 237 235 236 413
414 241 237 235 236 413 260
414 237 235 236 413 260 241
415 240 239 414 261 242 238
415 239 414 261 242 238 240
415 414 261 242 238 240 239
415 261 242 238 240 239 414
415 242 238 240 239 414 261
415 238 240 239 414 261 242
416 245 244 415 262 243 247
416 244 415 262 243 247 245
416 415 262 243 247 245 244
416 262 243 247 245 244 415
416 243 247 245 244 415 262
416 247 245 244 415 262 243
417 269 268 416 263 283 271
417 268 416 263 283 271 269
417 416 263 283 271 269 268
417 263 283 271 269 268 416
417 283 271 269 268 416 263
417 271 269 268 416 263 283
418 -1 270 417 264 284 272
419 274 273 418 265 285 277
419 273 418 265 285 277 274
419 418 265 285 277 274 273
419 265 285 277 274 273 418
419 285 277 274 273 418 265
419 277 274 273 418 265 285
420 276 275 419 266 286 278
420 275 419 266 286 278 276
420 419 266 286 278 276 275
420 266 286 278 276 275 419
420 286 278 276 275 419 266
420 278 276 275 419 266 286
421 280 279 420 267 287 282
421 279 420 267 287 282 280
421 420 267 287 282 280 279
421 267 287 282 280 279 420
421 287 282 280 279 420 267
421 282 280 279 420 267 287
422 -1 297 293 291 292 423
423 -1 312 306 304 305 429
424 -1 313 307 309 308 430
425 -1 315 320 318 317 432
426 327 328 435 343 333 329
426 328 435 343 333 329 327
426 435 343 333 329 327 328
426 343 333 329 327 328 435
426 333 329 327 328 435 343
426 329 327 328 435 343 333
427 332 331 436 344 334 330
427 331 436 344 334 330 332
427 436 344 334 330 332 331
427 344 334 330 332 331 436
427 334 330 332 331 436 344
427 330 332 331 436 344 334
428 339 338 438 345 335 340
428 338 438 345 335 340 339
428 438 345 335 340 339 338
428 345 335 340 339 338 438
428 335 340 339 338 438 345
428 340 339 338 438 345 335
429 358 357 444 346 360 359
429 357 444 346 360 359 358
429 444 346 360 359 358 357
429 346 360 359 358 357 444
429 360 359 358 357 444 346
429 359 358 357 444 346 360
430 468 467 445 539 481 470
430 467 445 539 481 470 468
430 445 539 481 470 468 467
430 539 481 470 468 467 445
430 481 470 468 467 445 539
430 470 468 467 445 539 481
431 -1 474 472 471 446 540
432 477 476 448 542 482 479
432 476 448 542 482 479 477
432 448 542 482 479 477 476
432 542 482 479 477 476 448
432 482 479 477 476 448 542
432 479 477 476 448 542 482
433 484 483 450 544 499 487
433 483 450 544 499 487 484
433 450 544 499 487 484 483
433 544 499 487 484 483 450
433 499 487 484 483 450 544
433 487 484 483 450 544 499
434 486 485 451 545 500 488
434 485 451 545 500 488 486
434 451 545 500 488 486 485
434 545 500 488 486 485 451
434 500 488 486 485 451 545
434 488 486 485 451 545 500
435 490 489 452 546 501 492
435 489 452 546 501 492 490
435 452 546 501 492 490 489
435 546 501 492 490 489 452
435 501 492 490 489 452 546
435 492 490 489 452 546 501
436 -1 494 453 547 503 497
437 496 495 454 548 504 498
437 495 454 548 504 498 496
437 454 548 504 498 496 495
437 548 504 498 496 495 454
437 504 498 496 495 454 548
437 498 496 495 454 548 504
438 506 505 455 549 519 508
438 505 455 549 519 508 506
438 455 549 519 508 506 505
438 549 519 508 506 505 455
438 519 508 506 505 455 549
438 508 506 505 455 549 519
439 -1 507 456 550 520 509
440 511 510 457 551 521 514
440 510 457 551 521 514 511
440 457 551 521 514 511 510
440 551 521 514 511 510 457
440 521 514 511 510 457 551
440 514 511 510 457 551 521
441 513 512 458 552 522 515
441 512 458 552 522 515 513
441 458 552 522 515 513 512
441 552 522 515 513 512 458
441 522 515 513 512 458 552
441 515 513 512 458 552 522
442 517 516 459 553 523 518
442 516 459 553 523 518 517
442 459 553 523 518 517 516
442 553 523 518 517 516 459
442 523 518 517 516 459 553
442 518 517 516 459 553 523
443 -1 527 526 525 461 555
444 -1 532 530 529 463 557
445 536 535 465 559 538 537
445 535 465 559 538 537 536
445 465 559 538 537 536 535
445 559 538 537 536 535 465
445 538 537 536 535 465 559
445 537 536 535 465 559 538
446 1 0 466 63 15 2
446 0 466 63 15 2 1
446 466 63 15 2 1 0
446 63 15 2 1 0 466
446 15 2 1 0 466 63
446 2 1 0 466 63 15
447 4 3 467 64 16 7
447 3 467 64 16 7 4
447 467 64 16 7 4 3
447 64 16 7 4 3 467
447 16 7 4 3 467 64
447 7 4 3 467 64 16
448 6 5 468 65 17 8
448 5 468 65 17 8 6
448 468 65 17 8 6 5
448 65 17 8 6 5 468
448 17 8 6 5 468 65
448 8 6 5 468 65 17
449 10 9 469 66 18 13
449 9 469 66 18 13 10
449 469 66 18 13 10 9
449 66 18 13 10 9 469
449 18 13 10 9 469 66
449 13 10 9 469 66 18
450 12 11 470 67 19 14
450 11 470 67 19 14 12
450 470 67 19 14 12 11
450 67 19 14 12 11 470
450 19 14 12 11 470 67
450 14 12 11 470 67 19
451 21 20 471 68 35 24
451 20 471 68 35 24 21
451 471 68 35 24 21 20
451 68 35 24 21 20 471
451 35 24 21 20 471 68
451 24 21 20 471 68 35
452 23 22 472 69 36 25
452 22 472 69 36 25 23
452 472 69 36 25 23 22
452 69 36 25 23 22 472
452 36 25 23 22 472 69
452 25 23 22 472 69 36
453 27 26 473 70 37 28
453 26 473 70 37 28 27
453 473 70 37 28 27 26
453 70 37 28 27 26 473
453 37 28 27 26 473 70
453 28 27 26 473 70 37
454 30 29 474 71 38 33
454 29 474 71 38 33 30
454 474 71 38 33 30 29
454 71 38 33 30 29 474
454 38 33 30 29 474 71
454 33 30 29 474 71 38
455 32 31 475 72 39 34
455 31 475 72 39 34 32
455 475 72 39 34 32 31
455 72 39 34 32 31 475
455 39 34 32 31 475 72
455 34 32 31 475 72 39
456 41 40 476 73 51 44
456 40 476 73 51 44 41
456 476 73 51 44 41 40
456 73 51 44 41 40 476
456 51 44 41 40 476 73
456 44 41 40 476 73 51
457 43 42 477 74 52 45
457 42 477 74 52 45 43
457 477 74 52 45 43 42
457 74 52 45 43 42 477
457 52 45 43 42 477 74
457 45 43 42 477 74 52
458 47 46 478 75 53 48
458 46 478 75 53 48 47
458 478 75 53 48 47 46
458 75 53 48 47 46 478
458 53 48 47 46 478 75
458 48 47 46 478 75 53
459 56 55 481 77 61 57
459 55 481 77 61 57 56
459 481 77 61 57 56 55
459 77 61 57 56 55 481
459 61 57 56 55 481 77
459 57 56 55 481 77 61
460 59 58 482 78 62 60
460 58 482 78 62 60 59
460 482 78 62 60 59 58
460 78 62 60 59 58 482
460 62 60 59 58 482 78
460 60 59 58 482 78 62
461 80 79 483 167 97 83
461 79 483 167 97 83 80
461 483 167 97 83 80 79
461 167 97 83 80 79 483
461 97 83 80 79 483 167
461 83 80 79 483 167 97
462 82 81 484 168 98 84
462 81 484 168 98 84 82
462 484 168 98 84 82 81
462 168 98 84 82 81 484
462 98 84 82 81 484 168
462 84 82 81 484 168 98
463 86 85 485 169 99 89
463 85 485 169 99 89 86
463 485 169 99 89 86 85
463 169 99 89 86 85 485
463 99 89 86 85 485 169
463 89 86 85 485 169 99
464 88 87 486 170 100 90
464 87 486 170 100 90 88
464 486 170 100 90 88 87
464 170 100 90 88 87 486
464 100 90 88 87 486 170
464 90 88 87 486 170 100
465 92 91 487 171 101 95
465 91 487 171 101 95 92
465 487 171 101 95 92 91
465 171 101 95 92 91 487
465 101 95 92 91 487 171
465 95 92 91 487 171 101
466 94 93 488 172 102 96
466 93 488 172 102 96 94
466 488 172 102 96 94 93
466 172 102 96 94 93 488
466 102 96 94 93 488 172
466 96 94 93 488 172 102
467 104 103 489 173 118 107
467 103 489 173 118 107 104
467 489 173 118 107 104 103
467 173 118 107 104 103 489
467 118 107 104 103 489 173
467 107 104 103 489 173 118
468 106 105 490 174 119 108
468 105 490 174 119 108 106
468 490 174 119 108 106 105
468 174 119 108 106 105 490
468 119 108 106 105 490 174
468 108 106 105 490 174 119
469 110 109 491 175 120 111
469 109 491 175 120 111 110
469 491 175 120 111 110 109
469 175 120 111 110 109 491
469 120 111 110 109 491 175
469 111 110 109 491 175 120
470 113 112 492 176 121 116
470 112 492 176 121 116 113
470 492 176 121 116 113 112
470 176 121 116 113 112 492
470 121 116 113 112 492 176
470 116 113 112 492 176 121
471 115 114 493 177 122 117
471 114 493 177 122 117 115
471 493 177 122 117 115 114
471 177 122 117 115 114 493
471 122 117 115 114 493 177
471 117 115 114 493 177 122
472 124 123 494 178 138 125
472 123 494 178 138 125 124
472 494 178 138 125 124 123
472 178 138 125 124 123 494
472 138 125 124 123 494 178
472 125 124 123 494 178 138
473 127 126 495 179 139 130
473 126 495 179 139 130 127
473 495 179 139 130 127 126
473 179 139 130 127 126 495
473 139 130 127 126 495 179
473 130 127 126 495 179 139
474 129 128 496 180 140 131
474 128 496 180 140 131 129
474 496 180 140 131 129 128
474 180 140 131 129 128 496
474 140 131 129 128 496 180
474 131 129 128 496 180 140
475 133 132 497 181 141 136
475 132 497 181 141 136 133
475 497 181 141 136 133 132
475 181 141 136 133 132 497
475 141 136 133 132 497 181
475 136 133 132 497 181 141
476 135 134 498 182 142 137
476 134 498 182 142 137 135
476 498 182 142 137 135 134
476 182 142 137 135 134 498
476 142 137 135 134 498 182
476 137 135 134 498 182 142
477 144 143 499 183 161 147
477 143 499 183 161 147 144
477 499 183 161 147 144 143
477 183 161 147 144 143 499
477 161 147 144 143 499 183
477 147 144 143 499 183 161
478 146 145 500 184 162 148
478 145 500 184 162 148 146
478 500 184 162 148 146 145
478 184 162 148 146 145 500
478 162 148 146 145 500 184
478 148 146 145 500 184 162
479 150 149 501 185 163 153
479 149 501 185 163 153 150
479 501 185 163 153 150 149
479 185 163 153 150 149 501
479 163 153 150 149 501 185
479 153 150 149 501 185 163
480 152 151 502 186 164 154
480 151 502 186 164 154 152
480 502 186 164 154 152 151
480 186 164 154 152 151 502
480 164 154 152 151 502 186
480 154 152 151 502 186 164
481 156 155 503 187 165 159
481 155 503 187 165 159 156
481 503 187 165 159 156 155
481 187 165 159 156 155 503
481 165 159 156 155 503 187
481 159 156 155 503 187 165
482 158 157 504 188 166 160
482 157 504 188 166 160 158
482 504 188 166 160 158 157
482 188 166 160 158 157 504
482 166 160 158 157 504 188
482 160 158 157 504 188 166
483 190 189 505 268 204 193
483 189 505 268 204 193 190
483 505 268 204 193 190 189
483 268 204 193 190 189 505
483 204 193 190 189 505 268
483 193 190 189 505 268 204
484 192 191 506 269 205 194
484 191 506 269 205 194 192
484 506 269 205 194 192 191
484 269 205 194 192 191 506
484 205 194 192 191 506 269
484 194 192 191 506 269 205
485 196 195 507 270 206 197
485 195 507 270 206 197 196
485 507 270 206 197 196 195
485 270 206 197 196 195 507
485 206 197 196 195 507 270
485 197 196 195 507 270 206
486 199 198 508 271 207 202
486 198 508 271 207 202 199
486 508 271 207 202 199 198
486 271 207 202 199 198 508
486 207 202 199 198 508 271
486 202 199 198 508 271 207
487 201 200 509 272 208 203
487 200 509 272 208 203 201
487 509 272 208 203 201 200
487 272 208 203 201 200 509
487 208 203 201 200 509 272
487 203 201 200 509 272 208
488 210 209 510 273 227 213
488 209 510 273 227 213 210
488 510 273 227 213 210 209
488 273 227 213 210 209 510
488 227 213 210 209 510 273
488 213 210 209 510 273 227
489 212 211 511 274 228 214
489 211 511 274 228 214 212
489 511 274 228 214 212 211
489 274 228 214 212 211 511
489 228 214 212 211 511 274
489 214 212 211 511 274 228
490 216 215 512 275 229 219
490 215 512 275 229 219 216
490 512 275 229 219 216 215
490 275 229 219 216 215 512
490 229 219 216 215 512 275
490 219 216 215 512 275 229
491 218 217 513 276 230 220
491 217 513 276 230 220 218
491 513 276 230 220 218 217
491 276 230 220 218 217 513
491 230 220 218 217 513 276
491 220 218 217 513 276 230
492 222 221 514 277 231 225
492 221 514 277 231 225 222
492 514 277 231 225 222 221
492 277 231 225 222 221 514
492 231 225 222 221 514 277
492 225 222 221 514 277 231
493 224 223 515 278 232 226
493 223 515 278 232 226 224
493 515 278 232 226 224 223
493 278 232 226 224 223 515
493 232 226 224 223 515 278
493 226 224 223 515 278 232
494 236 235 516 279 244 239
494 235 516 279 244 239 236
494 516 279 244 239 236 235
494 279 244 239 236 235 516
494 244 239 236 235 516 279
494 239 236 235 516 279 244
495 238 237 517 280 245 240
495 237 517 280 245 240 238
495 517 280 245 240 238 237
495 280 245 240 238 237 517
495 245 240 238 237 517 280
495 240 238 237 517 280 245
496 242 241 518 282 247 243
496 241 518 282 247 243 242
496 518 282 247 243 242 241
496 282 247 243 242 241 518
496 247 243 242 241 518 282
496 243 242 241 518 282 247
497 249 248 519 283 263 252
497 248 519 283 263 252 249
497 519 283 263 252 249 248
497 283 263 252 249 248 519
497 263 252 249 248 519 283
497 252 249 248 519 283 263
498 251 250 520 284 264 253
498 250 520 284 264 253 251
498 520 284 264 253 251 250
498 284 264 253 251 250 520
498 264 253 251 250 520 284
498 253 251 250 520 284 264
499 255 254 521 285 265 258
499 254 521 285 265 258 255
499 521 285 265 258 255 254
499 285 265 258 255 254 521
499 265 258 255 254 521 285
499 258 255 254 521 285 265
500 257 256 522 286 266 259
500 256 522 286 266 259 257
500 522 286 266 259 257 256
500 286 266 259 257 256 522
500 266 259 257 256 522 286
500 259 257 256 522 286 266
501 261 260 523 287 267 262
501 260 523 287 267 262 261
501 523 287 267 262 261 260
501 287 267 262 261 260 523
501 267 262 261 260 523 287
501 262 261 260 523 287 267
502 289 288 524 347 298 290
502 288 524 347 298 290 289
502 524 347 298 290 289 288
502 347 298 290 289 288 524
502 298 290 289 288 524 347
502 290 289 288 524 347 298
503 292 291 525 348 299 295
503 291 525 348 299 295 292
503 525 348 299 295 292 291
503 348 299 295 292 291 525
503 299 295 292 291 525 348
503 295 292 291 525 348 299
504 294 293 526 349 300 296
504 293 526 349 300 296 294
504 526 349 300 296 294 293
504 349 300 296 294 293 526
504 300 296 294 293 526 349
504 296 294 293 526 349 300
505 302 301 528 350 316 303
505 301 528 350 316 303 302
505 528 350 316 303 302 301
505 350 316 303 302 301 528
505 316 303 302 301 528 350
505 303 302 301 528 350 316
506 305 304 529 351 317 308
506 304 529 351 317 308 305
506 529 351 317 308 305 304
506 351 317 308 305 304 529
506 317 308 305 304 529 351
506 308 305 304 529 351 317
507 307 306 530 352 318 309
507 306 530 352 318 309 307
507 530 352 318 309 307 306
507 352 318 309 307 306 530
507 318 309 307 306 530 352
507 309 307 306 530 352 318
508 311 310 531 353 319 314
508 310 531 353 319 314 311
508 531 353 319 314 311 310
508 353 319 314 311 310 531
508 319 314 311 310 531 353
508 314 311 310 531 353 319
509 313 312 532 354 320 315
509 312 532 354 320 315 313
509 532 354 320 315 313 312
509 354 320 315 313 312 532
509 320 315 313 312 532 354
509 315 313 312 532 354 320
510 322 321 533 355 336 325
510 321 533 355 336 325 322
510 533 355 336 325 322 321
510 355 336 325 322 321 533
510 336 325 322 321 533 355
510 325 322 321 533 355 336
511 324 323 534 356 337 326
511 323 534 356 337 326 324
511 534 356 337 326 324 323
511 356 337 326 324 323 534
511 337 326 324 323 534 356
511 326 324 323 534 356 337
512 328 327 535 357 338 331
512 327 535 357 338 331 328
512 535 357 338 331 328 327
512 357 338 331 328 327 535
512 338 331 328 327 535 357
512 331 328 327 535 357 338
513 330 329 536 358 339 332
513 329 536 358 339 332 330
513 536 358 339 332 330 329
513 358 339 332 330 329 536
513 339 332 330 329 536 358
513 332 330 329 536 358 339
514 334 333 537 359 340 335
514 333 537 359 340 335 334
514 537 359 340 335 334 333
514 359 340 335 334 333 537
514 340 335 334 333 537 359
514 335 334 333 537 359 340
515 344 343 538 360 346 345
515 343 538 360 346 345 344
515 538 360 346 345 344 343
515 360 346 345 344 343 538
515 346 345 344 343 538 360
515 345 344 343 538 360 346
516 362 361 539 445 376 363
516 361 539 445 376 363 362
516 539 445 376 363 362 361
516 445 376 363 362 361 539
516 376 363 362 361 539 445
516 363 362 361 539 445 376
517 365 364 540 446 377 368
517 364 540 446 377 368 365
517 540 446 377 368 365 364
517 446 377 368 365 364 540
517 377 368 365 364 540 446
517 368 365 364 540 446 377
518 367 366 541 447 378 369
518 366 541 447 378 369 367
518 541 447 378 369 367 366
518 447 378 369 367 366 541
518 378 369 367 366 541 447
518 369 367 366 541 447 378
519 371 370 542 448 379 374
519 370 542 448 379 374 371
519 542 448 379 374 371 370
519 448 379 374 371 370 542
519 379 374 371 370 542 448
519 374 371 370 542 448 379
520 373 372 543 449 380 375
520 372 543 449 380 375 373
520 543 449 380 375 373 372
520 449 380 375 373 372 543
520 380 375 373 372 543 449
520 375 373 372 543 449 380
521 382 381 544 450 396 385
521 381 544 450 396 385 382
521 544 450 396 385 382 381
521 450 396 385 382 381 544
521 396 385 382 381 544 450
521 385 382 381 544 450 396
522 384 383 545 451 397 386
522 383 545 451 397 386 384
522 545 451 397 386 384 383
522 451 397 386 384 383 545
522 397 386 384 383 545 451
522 386 384 383 545 451 397
523 388 387 546 452 398 389
523 387 546 452 398 389 388
523 546 452 398 389 388 387
523 452 398 389 388 387 546
523 398 389 388 387 546 452
523 389 388 387 546 452 398
524 391 390 547 453 399 394
524 390 547 453 399 394 391
524 547 453 399 394 391 390
524 453 399 394 391 390 547
524 399 394 391 390 547 453
524 394 391 390 547 453 399
525 393 392 548 454 400 395
525 392 548 454 400 395 393
525 548 454 400 395 393 392
525 454 400 395 393 392 548
525 400 395 393 392 548 454
525 395 393 392 548 454 400
526 402 401 549 455 416 405
526 401 549 455 416 405 402
526 549 455 416 405 402 401
526 455 416 405 402 401 549
526 416 405 402 401 549 455
526 405 402 401 549 455 416
527 404 403 550 456 417 406
527 403 550 456 417 406 404
527 550 456 417 406 404 403
527 456 417 406 404 403 550
527 417 406 404 403 550 456
527 406 404 403 550 456 417
528 408 407 551 457 418 411
528 407 551 457 418 411 408
528 551 457 418 411 408 407
528 457 418 411 408 407 551
528 418 411 408 407 551 457
528 411 408 407 551 457 418
529 410 409 552 458 419 412
529 409 552 458 419 412 410
529 552 458 419 412 410 409
529 458 419 412 410 409 552
529 419 412 410 409 552 458
529 412 410 409 552 458 419
530 414 413 553 459 420 415
530 413 553 459 420 415 414
530 553 459 420 415 414 413
530 459 420 415 414 413 553
530 420 415 414 413 553 459
530 415 414 413 553 459 420
531 422 421 554 460 439 425
531 421 554 460 439 425 422
531 554 460 439 425 422 421
531 460 439 425 422 421 554
531 439 425 422 421 554 460
531 425 422 421 554 460 439
532 424 423 555 461 440 426
532 423 555 461 440 426 424
532 555 461 440 426 424 423
532 461 440 426 424 423 555
532 440 426 424 423 555 461
532 426 424 423 555 461 440
533 428 427 556 462 441 431
533 427 556 462 441 431 428
533 556 462 441 431 428 427
533 462 441 431 428 427 556
533 441 431 428 427 556 462
533 431 428 427 556 462 441
534 430 429 557 463 442 432
534 429 557 463 442 432 430
534 557 463 442 432 430 429
534 463 442 432 430 429 557
534 442 432 430 429 557 463
534 432 430 429 557 463 442
535 434 433 558 464 443 437
535 433 558 464 443 437 434
535 558 464 443 437 434 433
535 464 443 437 434 433 558
535 443 437 434 433 558 464
535 437 434 433 558 464 443
536 436 435 559 465 444 438
536 435 559 465 444 438 436
536 559 465 444 438 436 435
536 465 444 438 436 435 559
536 444 438 436 435 559 465
536 438 436 435 559 465 444
