555 2446 526 5
0 -1 383 540 389 0 110
1 463 3 134 360 437 264
1 3 134 360 437 264 463
1 134 360 437 264 463 3
1 360 437 264 463 3 134
1 437 264 463 3 134 360
1 264 463 3 134 360 437
2 185 4 136 366 456 500
2 4 136 366 456 500 185
2 136 366 456 500 185 4
2 366 456 500 185 4 136
2 456 500 185 4 136 366
2 500 185 4 136 366 456
3 186 6 142 387 549 422
3 6 142 387 549 422 186
3 142 387 549 422 186 6
3 387 549 422 186 6 142
3 549 422 186 6 142 387
3 422 186 6 142 387 549
4 -1 244 368 464 7 149
5 -1 275 519 284 8 151
6 -1 339 265 465 9 155
7 -1 378 501 187 10 157
8 -1 511 229 285 11 160
9 -1 529 324 188 12 162
10 189 14 179 538 356 423
10 14 179 538 356 423 189
10 179 538 356 423 189 14
10 538 356 423 189 14 179
10 356 423 189 14 179 538
10 423 189 14 179 538 356
11 466 17 214 135 363 449
11 17 214 135 363 449 466
11 214 135 363 449 466 17
11 135 363 449 466 17 214
11 363 449 466 17 214 135
11 449 466 17 214 135 363
12 392 18 216 141 384 541
12 18 216 141 384 541 392
12 216 141 384 541 392 18
12 141 384 541 392 18 216
12 384 541 392 18 216 141
12 541 392 18 216 141 384
13 -1 369 467 19 220 156
14 -1 520 287 20 222 161
15 393 21 226 178 535 346
15 21 226 178 535 346 393
15 226 178 535 346 393 21
15 178 535 346 393 21 226
15 535 346 393 21 226 178
15 346 393 21 226 178 535
16 468 23 238 317 158 450
16 23 238 317 158 450 468
16 238 317 158 450 468 23
16 317 158 450 468 23 238
16 158 450 468 23 238 317
16 450 468 23 238 317 158
17 394 24 240 322 180 542
17 24 240 322 180 542 394
17 240 322 180 542 394 24
17 322 180 542 394 24 240
17 180 542 394 24 240 322
17 542 394 24 240 322 180
18 469 25 242 354 417 163
18 25 242 354 417 163 469
18 242 354 417 163 469 25
18 354 417 163 469 25 242
18 417 163 469 25 242 354
18 163 469 25 242 354 417
19 75 26 243 364 451 478
19 26 243 364 451 478 75
19 243 364 451 478 75 26
19 364 451 478 75 26 243
19 451 478 75 26 243 364
19 478 75 26 243 364 451
20 395 27 247 376 495 143
20 27 247 376 495 143 395
20 247 376 495 143 395 27
20 376 495 143 395 27 247
20 495 143 395 27 247 376
20 143 395 27 247 376 495
21 76 28 248 385 544 402
21 28 248 385 544 402 76
21 248 385 544 402 76 28
21 385 544 402 76 28 248
21 544 402 76 28 248 385
21 402 76 28 248 385 544
22 470 29 254 415 137 370
22 29 254 415 137 370 470
22 254 415 137 370 470 29
22 415 137 370 470 29 254
22 137 370 470 29 254 415
22 370 470 29 254 415 137
23 289 30 256 420 174 521
23 30 256 420 174 521 289
23 256 420 174 521 289 30
23 420 174 521 289 30 256
23 174 521 289 30 256 420
23 521 289 30 256 420 174
24 290 31 261 454 489 119
24 31 261 454 489 119 290
24 261 454 489 119 290 31
24 454 489 119 290 31 261
24 489 119 290 31 261 454
24 119 290 31 261 454 489
25 396 32 272 493 131 347
25 32 272 493 131 347 396
25 272 493 131 347 396 32
25 493 131 347 396 32 272
25 131 347 396 32 272 493
25 347 396 32 272 493 131
26 -1 291 33 274 498 152
27 397 34 278 527 313 144
27 34 278 527 313 144 397
27 278 527 313 144 397 34
27 527 313 144 397 34 278
27 313 144 397 34 278 527
27 144 397 34 278 527 313
28 79 35 279 536 350 403
28 35 279 536 350 403 79
28 279 536 350 403 79 35
28 536 350 403 79 35 279
28 350 403 79 35 279 536
28 403 79 35 279 536 350
29 292 36 281 547 411 120
29 36 281 547 411 120 292
29 281 547 411 120 292 36
29 547 411 120 292 36 281
29 411 120 292 36 281 547
29 120 292 36 281 547 411
30 472 37 316 150 438 266
30 37 316 150 438 266 472
30 316 150 438 266 472 37
30 150 438 266 472 37 316
30 438 266 472 37 316 150
30 266 472 37 316 150 438
31 191 38 318 159 457 502
31 38 318 159 457 502 191
31 318 159 457 502 191 38
31 159 457 502 191 38 318
31 457 502 191 38 318 159
31 502 191 38 318 159 457
32 192 39 323 181 550 424
32 39 323 181 550 424 192
32 323 181 550 424 192 39
32 181 550 424 192 39 323
32 550 424 192 39 323 181
32 424 192 39 323 181 550
33 473 40 353 409 114 267
33 40 353 409 114 267 473
33 353 409 114 267 473 40
33 409 114 267 473 40 353
33 114 267 473 40 353 409
33 267 473 40 353 409 114
34 193 41 355 418 169 503
34 41 355 418 169 503 193
34 355 418 169 503 193 41
34 418 169 503 193 41 355
34 169 503 193 41 355 418
34 503 193 41 355 418 169
35 -1 361 439 269 481 83
36 194 42 365 452 484 99
36 42 365 452 484 99 194
36 365 452 484 99 194 42
36 452 484 99 194 42 365
36 484 99 194 42 365 452
36 99 194 42 365 452 484
37 -1 367 458 505 205 84
38 195 43 377 496 146 425
38 43 377 496 146 425 195
38 377 496 146 425 195 43
38 496 146 425 195 43 377
38 146 425 195 43 377 496
38 425 195 43 377 496 146
39 196 44 386 545 405 100
39 44 386 545 405 100 196
39 386 545 405 100 196 44
39 545 405 100 196 44 386
39 405 100 196 44 386 545
39 100 196 44 386 545 405
40 -1 388 551 428 206 86
41 474 45 408 109 245 371
41 45 408 109 245 371 474
41 408 109 245 371 474 45
41 109 245 371 474 45 408
41 245 371 474 45 408 109
41 371 474 45 408 109 245
42 293 46 410 116 276 522
42 46 410 116 276 522 293
42 410 116 276 522 293 46
42 116 276 522 293 46 410
42 276 522 293 46 410 116
42 522 293 46 410 116 276
43 475 47 414 129 340 268
43 47 414 129 340 268 475
43 414 129 340 268 475 47
43 129 340 268 475 47 414
43 340 268 475 47 414 129
43 268 475 47 414 129 340
44 197 48 416 139 379 504
44 48 416 139 379 504 197
44 416 139 379 504 197 48
44 139 379 504 197 48 416
44 379 504 197 48 416 139
44 504 197 48 416 139 379
45 294 49 419 171 512 231
45 49 419 171 512 231 294
45 419 171 512 231 294 49
45 171 512 231 294 49 419
45 512 231 294 49 419 171
45 231 294 49 419 171 512
46 198 50 421 176 530 326
46 50 421 176 530 326 198
46 421 176 530 326 198 50
46 176 530 326 198 50 421
46 530 326 198 50 421 176
46 326 198 50 421 176 530
47 476 51 431 215 138 372
47 51 431 215 138 372 476
47 431 215 138 372 476 51
47 215 138 372 476 51 431
47 138 372 476 51 431 215
47 372 476 51 431 215 138
48 295 52 433 225 175 523
48 52 433 225 175 523 295
48 433 225 175 523 295 52
48 225 175 523 295 52 433
48 175 523 295 52 433 225
48 523 295 52 433 225 175
49 -1 436 246 374 482 87
50 296 53 440 271 490 121
50 53 440 271 490 121 296
50 440 271 490 121 296 53
50 271 490 121 296 53 440
50 490 121 296 53 440 271
50 121 296 53 440 271 490
51 -1 441 277 525 306 88
52 -1 446 341 270 483 89
53 90 55 447 380 506 207
53 55 447 380 506 207 90
53 447 380 506 207 90 55
53 380 506 207 90 55 447
53 506 207 90 55 447 380
53 207 90 55 447 380 506
54 297 56 453 486 105 232
54 56 453 486 105 232 297
54 453 486 105 232 297 56
54 486 105 232 297 56 453
54 105 232 297 56 453 486
54 232 297 56 453 486 105
55 199 57 455 491 125 327
55 57 455 491 125 327 199
55 455 491 125 327 199 57
55 491 125 327 199 57 455
55 125 327 199 57 455 491
55 327 199 57 455 491 125
56 298 58 459 507 211 122
56 58 459 507 211 122 298
56 459 507 211 122 298 58
56 507 211 122 298 58 459
56 211 122 298 58 459 507
56 122 298 58 459 507 211
57 -1 460 513 235 307 91
58 92 59 461 531 330 208
58 59 461 531 330 208 92
58 461 531 330 208 92 59
58 531 330 208 92 59 461
58 330 208 92 59 461 531
58 208 92 59 461 531 330
59 200 61 494 133 357 426
59 61 494 133 357 426 200
59 494 133 357 426 200 61
59 133 357 426 200 61 494
59 357 426 200 61 494 133
59 426 200 61 494 133 357
60 -1 233 299 62 497 148
61 -1 328 201 63 499 154
62 400 64 508 213 132 349
62 64 508 213 132 349 400
62 508 213 132 349 400 64
62 213 132 349 400 64 508
62 132 349 400 64 508 213
62 349 400 64 508 213 132
63 -1 300 65 510 219 153
64 401 66 514 237 314 145
64 66 514 237 314 145 401
64 514 237 314 145 401 66
64 237 314 145 401 66 514
64 314 145 401 66 514 237
64 145 401 66 514 237 314
65 93 67 515 241 351 404
65 67 515 241 351 404 93
65 515 241 351 404 93 67
65 241 351 404 93 67 515
65 351 404 93 67 515 241
65 404 93 67 515 241 351
66 301 68 517 253 412 123
66 68 517 253 412 123 301
66 517 253 412 123 301 68
66 253 412 123 301 68 517
66 412 123 301 68 517 253
66 123 301 68 517 253 412
67 202 70 528 315 147 427
67 70 528 315 147 427 202
67 528 315 147 427 202 70
67 315 147 427 202 70 528
67 147 427 202 70 528 315
67 427 202 70 528 315 147
68 203 71 537 352 406 103
68 71 537 352 406 103 203
68 537 352 406 103 203 71
68 352 406 103 203 71 537
68 406 103 203 71 537 352
68 103 203 71 537 352 406
69 -1 539 358 429 209 96
70 302 72 546 407 106 234
70 72 546 407 106 234 302
70 546 407 106 234 302 72
70 407 106 234 302 72 546
70 106 234 302 72 546 407
70 234 302 72 546 407 106
71 204 73 548 413 126 329
71 73 548 413 126 329 204
71 548 413 126 329 204 73
71 413 126 329 204 73 548
71 126 329 204 73 548 413
71 329 204 73 548 413 126
72 303 74 552 430 212 124
72 74 552 430 212 124 303
72 552 430 212 124 303 74
72 430 212 124 303 74 552
72 212 124 303 74 552 430
72 124 303 74 552 430 212
73 -1 553 434 236 309 97
74 -1 554 444 331 210 98
75 -1 75 99 105 107 108
76 109 110 0 76 100 106
76 110 0 76 100 106 109
76 0 76 100 106 109 110
76 76 100 106 109 110 0
76 100 106 109 110 0 76
76 106 109 110 0 76 100
77 -1 79 103 114 116 117
78 127 128 1 81 119 125
78 128 1 81 119 125 127
78 1 81 119 125 127 128
78 81 119 125 127 128 1
78 119 125 127 128 1 81
78 125 127 128 1 81 119
79 129 130 2 82 120 126
79 130 2 82 120 126 129
79 2 82 120 126 129 130
79 82 120 126 129 130 2
79 120 126 129 130 2 82
79 126 129 130 2 82 120
80 133 134 3 83 121 131
80 134 3 83 121 131 133
80 3 83 121 131 133 134
80 83 121 131 133 134 3
80 121 131 133 134 3 83
80 131 133 134 3 83 121
81 135 136 4 84 122 132
81 136 4 84 122 132 135
81 4 84 122 132 135 136
81 84 122 132 135 136 4
81 122 132 135 136 4 84
81 132 135 136 4 84 122
82 139 140 5 85 123 137
82 140 5 85 123 137 139
82 5 85 123 137 139 140
82 85 123 137 139 140 5
82 123 137 139 140 5 85
82 137 139 140 5 85 123
83 141 142 6 86 124 138
83 142 6 86 124 138 141
83 6 86 124 138 141 142
83 86 124 138 141 142 6
83 124 138 141 142 6 86
83 138 141 142 6 86 124
84 148 149 7 87 143 146
84 149 7 87 143 146 148
84 7 87 143 146 148 149
84 87 143 146 148 149 7
84 143 146 148 149 7 87
84 146 148 149 7 87 143
85 150 151 8 88 144 147
85 151 8 88 144 147 150
85 8 88 144 147 150 151
85 88 144 147 150 151 8
85 144 147 150 151 8 88
85 147 150 151 8 88 144
86 -1 152 154 155 9 89
87 -1 153 156 157 10 90
88 159 160 11 91 145 158
88 160 11 91 145 158 159
88 11 91 145 158 159 160
88 91 145 158 159 160 11
88 145 158 159 160 11 91
88 158 159 160 11 91 145
89 -1 93 163 169 171 172
90 176 177 13 95 165 174
90 177 13 95 165 174 176
90 13 95 165 174 176 177
90 95 165 174 176 177 13
90 165 174 176 177 13 95
90 174 176 177 13 95 165
91 178 179 14 96 166 175
91 179 14 96 166 175 178
91 14 96 166 175 178 179
91 96 166 175 178 179 14
91 166 175 178 179 14 96
91 175 178 179 14 96 166
92 181 182 15 97 167 180
92 182 15 97 167 180 181
92 15 97 167 180 181 182
92 97 167 180 181 182 15
92 167 180 181 182 15 97
92 180 181 182 15 97 167
93 -1 183 184 16 98 168
94 213 214 17 185 205 211
94 214 17 185 205 211 213
94 17 185 205 211 213 214
94 185 205 211 213 214 17
94 205 211 213 214 17 185
94 211 213 214 17 185 205
95 215 216 18 186 206 212
95 216 18 186 206 212 215
95 18 186 206 212 215 216
95 186 206 212 215 216 18
95 206 212 215 216 18 186
95 212 215 216 18 186 206
96 219 220 19 187 207 217
96 220 19 187 207 217 219
96 19 187 207 217 219 220
96 187 207 217 219 220 19
96 207 217 219 220 19 187
96 217 219 220 19 187 207
97 221 222 20 188 208 218
97 222 20 188 208 218 221
97 20 188 208 218 221 222
97 188 208 218 221 222 20
97 208 218 221 222 20 188
97 218 221 222 20 188 208
98 225 226 21 189 209 223
98 226 21 189 209 223 225
98 21 189 209 223 225 226
98 189 209 223 225 226 21
98 209 223 225 226 21 189
98 223 225 226 21 189 209
99 227 228 22 190 210 224
99 228 22 190 210 224 227
99 22 190 210 224 227 228
99 190 210 224 227 228 22
99 210 224 227 228 22 190
99 224 227 228 22 190 210
100 237 238 23 191 229 235
100 238 23 191 229 235 237
100 23 191 229 235 237 238
100 191 229 235 237 238 23
100 229 235 237 238 23 191
100 235 237 238 23 191 229
101 239 240 24 192 230 236
101 240 24 192 230 236 239
101 24 192 230 236 239 240
101 192 230 236 239 240 24
101 230 236 239 240 24 192
101 236 239 240 24 192 230
102 -1 241 242 25 193 231
103 246 247 27 195 233 244
103 247 27 195 233 244 246
103 27 195 233 244 246 247
103 195 233 244 246 247 27
103 233 244 246 247 27 195
103 244 246 247 27 195 233
104 -1 248 28 196 234 245
105 -1 251 253 254 29 197
106 -1 252 255 256 30 198
107 271 272 32 200 264 269
107 272 32 200 264 269 271
107 32 200 264 269 271 272
107 200 264 269 271 272 32
107 264 269 271 272 32 200
107 269 271 272 32 200 264
108 273 274 33 201 265 270
108 274 33 201 265 270 273
108 33 201 265 270 273 274
108 201 265 270 273 274 33
108 265 270 273 274 33 201
108 270 273 274 33 201 265
109 277 278 34 202 266 275
109 278 34 202 266 275 277
109 34 202 266 275 277 278
109 202 266 275 277 278 34
109 266 275 277 278 34 202
109 275 277 278 34 202 266
110 -1 279 35 203 267 276
111 -1 280 281 36 204 268
112 315 316 37 284 306 313
112 316 37 284 306 313 315
112 37 284 306 313 315 316
112 284 306 313 315 316 37
112 306 313 315 316 37 284
112 313 315 316 37 284 306
113 317 318 38 285 307 314
113 318 38 285 307 314 317
113 38 285 307 314 317 318
113 285 307 314 317 318 38
113 307 314 317 318 38 285
113 314 317 318 38 285 307
114 322 323 39 286 309 320
114 323 39 286 309 320 322
114 39 286 309 320 322 323
114 286 309 320 322 323 39
114 309 320 322 323 39 286
114 320 322 323 39 286 309
115 -1 287 324 330 332 333
116 -1 288 325 331 334 335
117 -1 291 328 339 341 342
118 352 353 40 293 344 350
118 353 40 293 344 350 352
118 40 293 344 350 352 353
118 293 344 350 352 353 40
118 344 350 352 353 40 293
118 350 352 353 40 293 344
119 354 355 41 294 345 351
119 355 41 294 345 351 354
119 41 294 345 351 354 355
119 294 345 351 354 355 41
119 345 351 354 355 41 294
119 351 354 355 41 294 345
120 -1 295 346 356 358 359
121 -1 296 347 357 360 361
122 364 365 42 297 348 362
122 365 42 297 348 362 364
122 42 297 348 362 364 365
122 297 348 362 364 365 42
122 348 362 364 365 42 297
122 362 364 365 42 297 348
123 -1 298 349 363 366 367
124 376 377 43 299 368 374
124 377 43 299 368 374 376
124 43 299 368 374 376 377
124 299 368 374 376 377 43
124 368 374 376 377 43 299
124 374 376 377 43 299 368
125 -1 300 369 378 380 381
126 385 386 44 302 371 383
126 386 44 302 371 383 385
126 44 302 371 383 385 386
126 302 371 383 385 386 44
126 371 383 385 386 44 302
126 383 385 386 44 302 371
127 -1 303 372 384 387 388
128 407 408 45 389 402 405
128 408 45 389 402 405 407
128 45 389 402 405 407 408
128 389 402 405 407 408 45
128 402 405 407 408 45 389
128 405 407 408 45 389 402
129 409 410 46 390 403 406
129 410 46 390 403 406 409
129 46 390 403 406 409 410
129 390 403 406 409 410 46
129 403 406 409 410 46 390
129 406 409 410 46 390 403
130 418 419 49 391 404 417
130 419 49 391 404 417 418
130 49 391 404 417 418 419
130 391 404 417 418 419 49
130 404 417 418 419 49 391
130 417 418 419 49 391 404
131 430 431 51 392 422 428
131 431 51 392 422 428 430
131 51 392 422 428 430 431
131 392 422 428 430 431 51
131 422 428 430 431 51 392
131 428 430 431 51 392 422
132 432 433 52 393 423 429
132 433 52 393 423 429 432
132 52 393 423 429 432 433
132 393 423 429 432 433 52
132 423 429 432 433 52 393
132 429 432 433 52 393 423
133 439 440 53 396 426 437
133 440 53 396 426 437 439
133 53 396 426 437 439 440
133 396 426 437 439 440 53
133 426 437 439 440 53 396
133 437 439 440 53 396 426
134 452 453 56 399 448 451
134 453 56 399 448 451 452
134 56 399 448 451 452 453
134 399 448 451 452 453 56
134 448 451 452 453 56 399
134 451 452 453 56 399 448
135 458 459 58 400 449 456
135 459 58 400 449 456 458
135 58 400 449 456 458 459
135 400 449 456 458 459 58
135 449 456 458 459 58 400
135 456 458 459 58 400 449
136 491 492 60 462 480 489
136 492 60 462 480 489 491
136 60 462 480 489 491 492
136 462 480 489 491 492 60
136 480 489 491 492 60 462
136 489 491 492 60 462 480
137 493 494 61 463 481 490
137 494 61 463 481 490 493
137 61 463 481 490 493 494
137 463 481 490 493 494 61
137 481 490 493 494 61 463
137 490 493 494 61 463 481
138 496 497 62 464 482 495
138 497 62 464 482 495 496
138 62 464 482 495 496 497
138 464 482 495 496 497 62
138 482 495 496 497 62 464
138 495 496 497 62 464 482
139 -1 498 499 63 465 483
140 507 508 64 466 500 505
140 508 64 466 500 505 507
140 64 466 500 505 507 508
140 466 500 505 507 508 64
140 500 505 507 508 64 466
140 505 507 508 64 466 500
141 509 510 65 467 501 506
141 510 65 467 501 506 509
141 65 467 501 506 509 510
141 467 501 506 509 510 65
141 501 506 509 510 65 467
141 506 509 510 65 467 501
142 513 514 66 468 502 511
142 514 66 468 502 511 513
142 66 468 502 511 513 514
142 468 502 511 513 514 66
142 502 511 513 514 66 468
142 511 513 514 66 468 502
143 -1 515 67 469 503 512
144 -1 516 517 68 470 504
145 527 528 70 472 519 525
145 528 70 472 519 525 527
145 70 472 519 525 527 528
145 472 519 525 527 528 70
145 519 525 527 528 70 472
145 525 527 528 70 472 519
146 536 537 71 473 522 534
146 537 71 473 522 534 536
146 71 473 522 534 536 537
146 473 522 534 536 537 71
146 522 534 536 537 71 473
146 534 536 537 71 473 522
147 545 546 72 474 540 544
147 546 72 474 540 544 545
147 72 474 540 544 545 546
147 474 540 544 545 546 72
147 540 544 545 546 72 474
147 544 545 546 72 474 540
148 551 552 74 476 541 549
148 552 74 476 541 549 551
148 74 476 541 549 551 552
148 476 541 549 551 552 74
148 541 549 551 552 74 476
148 549 551 552 74 476 541
149 -1 17 23 25 26 75
150 27 28 76 0 18 24
150 28 76 0 18 24 27
150 76 0 18 24 27 28
150 0 18 24 27 28 76
150 18 24 27 28 76 0
150 24 27 28 76 0 18
151 -1 21 32 34 35 79
152 -1 84 4 38 41 42
153 -1 86 6 39 43 44
154 -1 88 8 46 52 53
155 -1 91 11 49 56 58
156 -1 59 92 12 50 57
157 -1 96 14 61 70 71
158 -1 97 15 62 72 74
159 193 194 99 205 185 191
159 194 99 205 185 191 193
159 99 205 185 191 193 194
159 205 185 191 193 194 99
159 185 191 193 194 99 205
159 191 193 194 99 205 185
160 195 196 100 206 186 192
160 196 100 206 186 192 195
160 100 206 186 192 195 196
160 206 186 192 195 196 100
160 186 192 195 196 100 206
160 192 195 196 100 206 186
161 -1 102 208 188 198 199
162 202 203 103 209 189 200
162 203 103 209 189 200 202
162 103 209 189 200 202 203
162 209 189 200 202 203 103
162 189 200 202 203 103 209
162 200 202 203 103 209 189
163 -1 104 210 190 201 204
164 231 232 105 211 235 229
164 232 105 211 235 229 231
164 105 211 235 229 231 232
164 211 235 229 231 232 105
164 235 229 231 232 105 211
164 229 231 232 105 211 235
165 233 234 106 212 236 230
165 234 106 212 236 230 233
165 106 212 236 230 233 234
165 212 236 230 233 234 106
165 236 230 233 234 106 212
165 230 233 234 106 212 236
166 -1 108 214 238 242 243
167 244 245 109 215 239 246
167 245 109 215 239 246 244
167 109 215 239 246 244 245
167 215 239 246 244 245 109
167 239 246 244 245 109 215
167 246 244 245 109 215 239
168 -1 110 216 240 247 248
169 -1 112 220 254 258 259
170 263 262 113 222 256 261
170 262 113 222 256 261 263
170 113 222 256 261 263 262
170 222 256 261 263 262 113
170 256 261 263 262 113 222
170 261 263 262 113 222 256
171 266 267 114 223 269 264
171 267 114 223 269 264 266
171 114 223 269 264 266 267
171 223 269 264 266 267 114
171 269 264 266 267 114 223
171 264 266 267 114 223 269
172 -1 115 224 270 265 268
173 275 276 116 225 271 277
173 276 116 225 271 277 275
173 116 225 271 277 275 276
173 225 271 277 275 276 116
173 271 277 275 276 116 225
173 277 275 276 116 225 271
174 -1 117 226 272 278 279
175 283 282 118 228 274 281
175 282 118 228 274 281 283
175 118 228 274 281 283 282
175 228 274 281 283 282 118
175 274 281 283 282 118 228
175 281 283 282 118 228 274
176 -1 287 289 290 119 304
177 -1 288 291 292 120 305
178 295 296 121 306 284 293
178 296 121 306 284 293 295
178 121 306 284 293 295 296
178 306 284 293 295 296 121
178 284 293 295 296 121 306
178 293 295 296 121 306 284
179 297 298 122 307 285 294
179 298 122 307 285 294 297
179 122 307 285 294 297 298
179 307 285 294 297 298 122
179 285 294 297 298 122 307
179 294 297 298 122 307 285
180 302 303 124 309 286 299
180 303 124 309 286 299 302
180 124 309 286 299 302 303
180 309 286 299 302 303 124
180 286 299 302 303 124 309
180 299 302 303 124 309 286
181 326 327 125 310 330 324
181 327 125 310 330 324 326
181 125 310 330 324 326 327
181 310 330 324 326 327 125
181 330 324 326 327 125 310
181 324 326 327 125 310 330
182 328 329 126 311 331 325
182 329 126 311 331 325 328
182 126 311 331 325 328 329
182 311 331 325 328 329 126
182 331 325 328 329 126 311
182 325 328 329 126 311 331
183 339 340 129 312 334 341
183 340 129 312 334 341 339
183 129 312 334 341 339 340
183 312 334 341 339 340 129
183 334 341 339 340 129 312
183 341 339 340 129 312 334
184 346 347 131 313 350 344
184 347 131 313 350 344 346
184 131 313 350 344 346 347
184 313 350 344 346 347 131
184 350 344 346 347 131 313
184 344 346 347 131 313 350
185 348 349 132 314 351 345
185 349 132 314 351 345 348
185 132 314 351 345 348 349
185 314 351 345 348 349 132
185 351 345 348 349 132 314
185 345 348 349 132 314 351
186 356 357 133 315 352 358
186 357 133 315 352 358 356
186 133 315 352 358 356 357
186 315 352 358 356 357 133
186 352 358 356 357 133 315
186 358 356 357 133 315 352
187 361 360 134 316 353 359
187 360 134 316 353 359 361
187 134 316 353 359 361 360
187 316 353 359 361 360 134
187 353 359 361 360 134 316
187 359 361 360 134 316 353
188 362 363 135 317 354 364
188 363 135 317 354 364 362
188 135 317 354 364 362 363
188 317 354 364 362 363 135
188 354 364 362 363 135 317
188 364 362 363 135 317 354
189 367 366 136 318 355 365
189 366 136 318 355 365 367
189 136 318 355 365 367 366
189 318 355 365 367 366 136
189 355 365 367 366 136 318
189 365 367 366 136 318 355
190 -1 369 370 137 319 373
191 371 372 138 320 374 368
191 372 138 320 374 368 371
191 138 320 374 368 371 372
191 320 374 368 371 372 138
191 374 368 371 372 138 320
191 368 371 372 138 320 374
192 378 379 139 321 375 380
192 379 139 321 375 380 378
192 139 321 375 380 378 379
192 321 375 380 378 379 139
192 375 380 378 379 139 321
192 380 378 379 139 321 375
193 383 384 141 322 376 385
193 384 141 322 376 385 383
193 141 322 376 385 383 384
193 322 376 385 383 384 141
193 376 385 383 384 141 322
193 385 383 384 141 322 376
194 388 387 142 323 377 386
194 387 142 323 377 386 388
194 142 323 377 386 388 387
194 323 377 386 388 387 142
194 377 386 388 387 142 323
194 386 388 387 142 323 377
195 394 395 143 402 389 392
195 395 143 402 389 392 394
195 143 402 389 392 394 395
195 402 389 392 394 395 143
195 389 392 394 395 143 402
195 392 394 395 143 402 389
196 396 397 144 403 390 393
196 397 144 403 390 393 396
196 144 403 390 393 396 397
196 403 390 393 396 397 144
196 390 393 396 397 144 403
196 393 396 397 144 403 390
197 400 401 145 404 391 399
197 401 145 404 391 399 400
197 145 404 391 399 400 401
197 404 391 399 400 401 145
197 391 399 400 401 145 404
197 399 400 401 145 404 391
198 424 425 146 405 428 422
198 425 146 405 428 422 424
198 146 405 428 422 424 425
198 405 428 422 424 425 146
198 428 422 424 425 146 405
198 422 424 425 146 405 428
199 426 427 147 406 429 423
199 427 147 406 429 423 426
199 147 406 429 423 426 427
199 406 429 423 426 427 147
199 429 423 426 427 147 406
199 423 426 427 147 406 429
200 -1 149 408 431 435 436
201 437 438 150 409 432 439
201 438 150 409 432 439 437
201 150 409 432 439 437 438
201 409 432 439 437 438 150
201 432 439 437 438 150 409
201 439 437 438 150 409 432
202 -1 151 410 433 440 441
203 449 450 158 417 451 448
203 450 158 417 451 448 449
203 158 417 451 448 449 450
203 417 451 448 449 450 158
203 451 448 449 450 158 417
203 448 449 450 158 417 451
204 456 457 159 418 452 458
204 457 159 418 452 458 456
204 159 418 452 458 456 457
204 418 452 458 456 457 159
204 452 458 456 457 159 418
204 458 456 457 159 418 452
205 -1 160 419 453 459 460
206 -1 466 468 469 163 478
207 -1 166 481 463 472 473
208 -1 167 482 464 474 476
209 -1 168 483 465 475 477
210 502 503 169 484 505 500
210 503 169 484 505 500 502
210 169 484 505 500 502 503
210 484 505 500 502 503 169
210 505 500 502 503 169 484
210 500 502 503 169 484 505
211 -1 170 485 506 501 504
212 511 512 171 486 507 513
212 512 171 486 507 513 511
212 171 486 507 513 511 512
212 486 507 513 511 512 171
212 507 513 511 512 171 486
212 513 511 512 171 486 507
213 -1 172 487 508 514 515
214 -1 173 488 510 517 518
215 -1 520 521 174 489 524
216 522 523 175 490 525 519
216 523 175 490 525 519 522
216 175 490 525 519 522 523
216 490 525 519 522 523 175
216 525 519 522 523 175 490
216 519 522 523 175 490 525
217 529 530 176 491 526 531
217 530 176 491 526 531 529
217 176 491 526 531 529 530
217 491 526 531 529 530 176
217 526 531 529 530 176 491
217 531 529 530 176 491 526
218 534 535 178 493 527 536
218 535 178 493 527 536 534
218 178 493 527 536 534 535
218 493 527 536 534 535 178
218 527 536 534 535 178 493
218 536 534 535 178 493 527
219 539 538 179 494 528 537
219 538 179 494 528 537 539
219 179 494 528 537 539 538
219 494 528 537 539 538 179
219 528 537 539 538 179 494
219 537 539 538 179 494 528
220 541 542 180 495 544 540
220 542 180 495 544 540 541
220 180 495 544 540 541 542
220 495 544 540 541 542 180
220 544 540 541 542 180 495
220 540 541 542 180 495 544
221 549 550 181 496 545 551
221 550 181 496 545 551 549
221 181 496 545 551 549 550
221 496 545 551 549 550 181
221 545 551 549 550 181 496
221 551 549 550 181 496 545
222 -1 182 497 546 552 553
223 -1 1 3 4 185 17
224 5 6 186 18 0 2
224 6 186 18 0 2 5
224 186 18 0 2 5 6
224 18 0 2 5 6 186
224 0 2 5 6 186 18
224 2 5 6 186 18 0
225 -1 7 9 10 187 19
226 -1 8 11 12 188 20
227 47 48 197 29 51 45
227 48 197 29 51 45 47
227 197 29 51 45 47 48
227 29 51 45 47 48 197
227 51 45 47 48 197 29
227 45 47 48 197 29 51
228 49 50 198 30 52 46
228 50 198 30 52 46 49
228 198 30 52 46 49 50
228 30 52 46 49 50 198
228 52 46 49 50 198 30
228 46 49 50 198 30 52
229 56 57 199 31 53 58
229 57 199 31 53 58 56
229 199 31 53 58 56 57
229 31 53 58 56 57 199
229 53 58 56 57 199 31
229 58 56 57 199 31 53
230 -1 60 61 200 32 64
231 -1 62 63 201 33 65
232 -1 69 70 202 34 66
233 72 73 204 36 68 74
233 73 204 36 68 74 72
233 204 36 68 74 72 73
233 36 68 74 72 73 204
233 68 74 72 73 204 36
233 74 72 73 204 36 68
234 83 84 205 99 75 81
234 84 205 99 75 81 83
234 205 99 75 81 83 84
234 99 75 81 83 84 205
234 75 81 83 84 205 99
234 81 83 84 205 99 75
235 85 86 206 100 76 82
235 86 206 100 76 82 85
235 206 100 76 82 85 86
235 100 76 82 85 86 206
235 76 82 85 86 206 100
235 82 85 86 206 100 76
236 89 90 207 101 77 87
236 90 207 101 77 87 89
236 207 101 77 87 89 90
236 101 77 87 89 90 207
236 77 87 89 90 207 101
236 87 89 90 207 101 77
237 91 92 208 102 78 88
237 92 208 102 78 88 91
237 208 102 78 88 91 92
237 102 78 88 91 92 208
237 78 88 91 92 208 102
237 88 91 92 208 102 78
238 95 96 209 103 79 93
238 96 209 103 79 93 95
238 209 103 79 93 95 96
238 103 79 93 95 96 209
238 79 93 95 96 209 103
238 93 95 96 209 103 79
239 97 98 210 104 80 94
239 98 210 104 80 94 97
239 210 104 80 94 97 98
239 104 80 94 97 98 210
239 80 94 97 98 210 104
239 94 97 98 210 104 80
240 121 122 211 105 125 119
240 122 211 105 125 119 121
240 211 105 125 119 121 122
240 105 125 119 121 122 211
240 125 119 121 122 211 105
240 119 121 122 211 105 125
241 123 124 212 106 126 120
241 124 212 106 126 120 123
241 212 106 126 120 123 124
241 106 126 120 123 124 212
241 126 120 123 124 212 106
241 120 123 124 212 106 126
242 131 132 213 107 127 133
242 132 213 107 127 133 131
242 213 107 127 133 131 132
242 107 127 133 131 132 213
242 127 133 131 132 213 107
242 133 131 132 213 107 127
243 136 135 214 108 128 134
243 135 214 108 128 134 136
243 214 108 128 134 136 135
243 108 128 134 136 135 214
243 128 134 136 135 214 108
243 134 136 135 214 108 128
244 137 138 215 109 129 139
244 138 215 109 129 139 137
244 215 109 129 139 137 138
244 109 129 139 137 138 215
244 129 139 137 138 215 109
244 139 137 138 215 109 129
245 142 141 216 110 130 140
245 141 216 110 130 140 142
245 216 110 130 140 142 141
245 110 130 140 142 141 216
245 130 140 142 141 216 110
245 140 142 141 216 110 130
246 152 153 219 111 148 154
246 153 219 111 148 154 152
246 219 111 148 154 152 153
246 111 148 154 152 153 219
246 148 154 152 153 219 111
246 154 152 153 219 111 148
247 157 156 220 112 149 155
247 156 220 112 149 155 157
247 220 112 149 155 157 156
247 112 149 155 157 156 220
247 149 155 157 156 220 112
247 155 157 156 220 112 149
248 162 161 222 113 151 160
248 161 222 113 151 160 162
248 222 113 151 160 162 161
248 113 151 160 162 161 222
248 151 160 162 161 222 113
248 160 162 161 222 113 151
249 165 166 223 114 169 163
249 166 223 114 169 163 165
249 223 114 169 163 165 166
249 114 169 163 165 166 223
249 169 163 165 166 223 114
249 163 165 166 223 114 169
250 167 168 224 115 170 164
250 168 224 115 170 164 167
250 224 115 170 164 167 168
250 115 170 164 167 168 224
250 170 164 167 168 224 115
250 164 167 168 224 115 170
251 174 175 225 116 171 176
251 175 225 116 171 176 174
251 225 116 171 176 174 175
251 116 171 176 174 175 225
251 171 176 174 175 225 116
251 176 174 175 225 116 171
252 179 178 226 117 172 177
252 178 226 117 172 177 179
252 226 117 172 177 179 178
252 117 172 177 179 178 226
252 172 177 179 178 226 117
252 177 179 178 226 117 172
253 184 183 228 118 173 182
253 183 228 118 173 182 184
253 228 118 173 182 184 183
253 118 173 182 184 183 228
253 173 182 184 183 228 118
253 182 184 183 228 118 173
254 -1 284 285 229 324 287
255 293 294 231 326 289 295
255 294 231 326 289 295 293
255 231 326 289 295 293 294
255 326 289 295 293 294 231
255 289 295 293 294 231 326
255 295 293 294 231 326 289
256 298 297 232 327 290 296
256 297 232 327 290 296 298
256 232 327 290 296 298 297
256 327 290 296 298 297 232
256 290 296 298 297 232 327
256 296 298 297 232 327 290
257 -1 299 233 328 291 300
258 303 302 234 329 292 301
258 302 234 329 292 301 303
258 234 329 292 301 303 302
258 329 292 301 303 302 234
258 292 301 303 302 234 329
258 301 303 302 234 329 292
259 306 307 235 330 310 304
259 307 235 330 310 304 306
259 235 330 310 304 306 307
259 330 310 304 306 307 235
259 310 304 306 307 235 330
259 304 306 307 235 330 310
260 308 309 236 331 311 305
260 309 236 331 311 305 308
260 236 331 311 305 308 309
260 331 311 305 308 309 236
260 311 305 308 309 236 331
260 305 308 309 236 331 311
261 -1 315 313 314 237 332
262 -1 316 318 317 238 333
263 319 320 239 334 312 321
263 320 239 334 312 321 319
263 239 334 312 321 319 320
263 334 312 321 319 320 239
263 312 321 319 320 239 334
263 321 319 320 239 334 312
264 350 351 241 336 358 352
264 351 241 336 358 352 350
264 241 336 358 352 350 351
264 336 358 352 350 351 241
264 358 352 350 351 241 336
264 352 350 351 241 336 358
265 355 354 242 337 359 353
265 354 242 337 359 353 355
265 242 337 359 353 355 354
265 337 359 353 355 354 242
265 359 353 355 354 242 337
265 353 355 354 242 337 359
266 365 364 243 338 361 367
266 364 243 338 361 367 365
266 243 338 361 367 365 364
266 338 361 367 365 364 243
266 361 367 365 364 243 338
266 367 365 364 243 338 361
267 -1 368 244 339 378 369
268 372 371 245 340 379 370
268 371 245 340 379 370 372
268 245 340 379 370 372 371
268 340 379 370 372 371 245
268 379 370 372 371 245 340
268 370 372 371 245 340 379
269 373 374 246 341 380 375
269 374 246 341 380 375 373
269 246 341 380 375 373 374
269 341 380 375 373 374 246
269 380 375 373 374 246 341
269 375 373 374 246 341 380
270 -1 377 376 247 342 381
271 386 385 248 343 382 388
271 385 248 343 382 388 386
271 248 343 382 388 386 385
271 343 382 388 386 385 248
271 382 388 386 385 248 343
271 388 386 385 248 343 382
272 -1 252 429 406 403 404
273 411 412 253 430 407 413
273 412 253 430 407 413 411
273 253 430 407 413 411 412
273 430 407 413 411 412 253
273 407 413 411 412 253 430
273 413 411 412 253 430 407
274 416 415 254 431 408 414
274 415 254 431 408 414 416
274 254 431 408 414 416 415
274 431 408 414 416 415 254
274 408 414 416 415 254 431
274 414 416 415 254 431 408
275 -1 255 432 409 418 417
276 421 420 256 433 410 419
276 420 256 433 410 419 421
276 256 433 410 419 421 420
276 433 410 419 421 420 256
276 410 419 421 420 256 433
276 419 421 420 256 433 410
277 -1 260 439 458 452 451
278 455 454 261 440 459 453
278 454 261 440 459 453 455
278 261 440 459 453 455 454
278 440 459 453 455 454 261
278 459 453 455 454 261 440
278 453 455 454 261 440 459
279 -1 462 463 264 500 466
280 -1 464 465 265 501 467
281 -1 471 472 266 502 468
282 474 475 268 504 470 476
282 475 268 504 470 476 474
282 268 504 470 476 474 475
282 504 470 476 474 475 268
282 470 476 474 475 268 504
282 476 474 475 268 504 470
283 480 481 269 505 484 478
283 481 269 505 484 478 480
283 269 505 484 478 480 481
283 505 484 478 480 481 269
283 484 478 480 481 269 505
283 478 480 481 269 505 484
284 482 483 270 506 485 479
284 483 270 506 485 479 482
284 270 506 485 479 482 483
284 506 485 479 482 483 270
284 485 479 482 483 270 506
284 479 482 483 270 506 485
285 489 490 271 507 486 491
285 490 271 507 486 491 489
285 271 507 486 491 489 490
285 507 486 491 489 490 271
285 486 491 489 490 271 507
285 491 489 490 271 507 486
286 494 493 272 508 487 492
286 493 272 508 487 492 494
286 272 508 487 492 494 493
286 508 487 492 494 493 272
286 487 492 494 493 272 508
286 492 494 493 272 508 487
287 499 498 274 510 488 497
287 498 274 510 488 497 499
287 274 510 488 497 499 498
287 510 488 497 499 498 274
287 488 497 499 498 274 510
287 497 499 498 274 510 488
288 -1 519 275 511 529 520
289 523 522 276 512 530 521
289 522 276 512 530 521 523
289 276 512 530 521 523 522
289 512 530 521 523 522 276
289 530 521 523 522 276 512
289 521 523 522 276 512 530
290 524 525 277 513 531 526
290 525 277 513 531 526 524
290 277 513 531 526 524 525
290 513 531 526 524 525 277
290 531 526 524 525 277 513
290 526 524 525 277 513 531
291 -1 528 527 278 514 532
292 537 536 279 515 533 539
292 536 279 515 533 539 537
292 279 515 533 539 537 536
292 515 533 539 537 536 279
292 533 539 537 536 279 515
292 539 537 536 279 515 533
293 -1 280 516 551 545 544
294 548 547 281 517 552 546
294 547 281 517 552 546 548
294 281 517 552 546 548 547
294 517 552 546 548 547 281
294 552 546 548 547 281 517
294 546 548 547 281 517 552
295 7 8 284 37 3 9
295 8 284 37 3 9 7
295 284 37 3 9 7 8
295 37 3 9 7 8 284
295 3 9 7 8 284 37
295 9 7 8 284 37 3
296 12 11 285 38 4 10
296 11 285 38 4 10 12
296 285 38 4 10 12 11
296 38 4 10 12 11 285
296 4 10 12 11 285 38
296 10 12 11 285 38 4
297 16 15 286 39 6 14
297 15 286 39 6 14 16
297 286 39 6 14 16 15
297 39 6 14 16 15 286
297 6 14 16 15 286 39
297 14 16 15 286 39 6
298 -1 23 17 19 20 287
299 -1 24 18 21 22 288
300 -1 27 34 32 33 291
301 45 46 293 40 54 47
301 46 293 40 54 47 45
301 293 40 54 47 45 46
301 40 54 47 45 46 293
301 54 47 45 46 293 40
301 47 45 46 293 40 54
302 -1 48 50 49 294 41
303 63 62 299 43 70 61
303 62 299 43 70 61 63
303 299 43 70 61 63 62
303 43 70 61 63 62 299
303 70 61 63 62 299 43
303 61 63 62 299 43 70
304 -1 73 72 302 44 71
305 77 78 304 119 81 75
305 78 304 119 81 75 77
305 304 119 81 75 77 78
305 119 81 75 77 78 304
305 81 75 77 78 304 119
305 75 77 78 304 119 81
306 79 80 305 120 82 76
306 80 305 120 82 76 79
306 305 120 82 76 79 80
306 120 82 76 79 80 305
306 82 76 79 80 305 120
306 76 79 80 305 120 82
307 87 88 306 121 83 89
307 88 306 121 83 89 87
307 306 121 83 89 87 88
307 121 83 89 87 88 306
307 83 89 87 88 306 121
307 89 87 88 306 121 83
308 92 91 307 122 84 90
308 91 307 122 84 90 92
308 307 122 84 90 92 91
308 122 84 90 92 91 307
308 84 90 92 91 307 122
308 90 92 91 307 122 84
309 93 94 308 123 85 95
309 94 308 123 85 95 93
309 308 123 85 95 93 94
309 123 85 95 93 94 308
309 85 95 93 94 308 123
309 95 93 94 308 123 85
310 98 97 309 124 86 96
310 97 309 124 86 96 98
310 309 124 86 96 98 97
310 124 86 96 98 97 309
310 86 96 98 97 309 124
310 96 98 97 309 124 86
311 101 102 310 125 105 99
311 102 310 125 105 99 101
311 310 125 105 99 101 102
311 125 105 99 101 102 310
311 105 99 101 102 310 125
311 99 101 102 310 125 105
312 103 104 311 126 106 100
312 104 311 126 106 100 103
312 311 126 106 100 103 104
312 126 106 100 103 104 311
312 106 100 103 104 311 126
312 100 103 104 311 126 106
313 114 115 312 129 109 116
313 115 312 129 109 116 114
313 312 129 109 116 114 115
313 129 109 116 114 115 312
313 109 116 114 115 312 129
313 116 114 115 312 129 109
314 -1 143 144 313 131 152
315 146 147 315 133 154 148
315 147 315 133 154 148 146
315 315 133 154 148 146 147
315 133 154 148 146 147 315
315 154 148 146 147 315 133
315 148 146 147 315 133 154
316 151 150 316 134 155 149
316 150 316 134 155 149 151
316 316 134 155 149 151 150
316 134 155 149 151 150 316
316 155 149 151 150 316 134
316 149 151 150 316 134 155
317 -1 158 317 135 156 161
318 160 159 318 136 157 162
318 159 318 136 157 162 160
318 318 136 157 162 160 159
318 136 157 162 160 159 318
318 157 162 160 159 318 136
318 162 160 159 318 136 157
319 163 164 319 137 174 165
319 164 319 137 174 165 163
319 319 137 174 165 163 164
319 137 174 165 163 164 319
319 174 165 163 164 319 137
319 165 163 164 319 137 174
320 168 167 320 138 175 166
320 167 320 138 175 166 168
320 320 138 175 166 168 167
320 138 175 166 168 167 320
320 175 166 168 167 320 138
320 166 168 167 320 138 175
321 169 170 321 139 176 171
321 170 321 139 176 171 169
321 321 139 176 171 169 170
321 139 176 171 169 170 321
321 176 171 169 170 321 139
321 171 169 170 321 139 176
322 -1 180 322 141 178 183
323 182 181 323 142 179 184
323 181 323 142 179 184 182
323 323 142 179 184 182 181
323 142 179 184 182 181 323
323 179 184 182 181 323 142
323 184 182 181 323 142 179
324 187 188 324 229 191 185
324 188 324 229 191 185 187
324 324 229 191 185 187 188
324 229 191 185 187 188 324
324 191 185 187 188 324 229
324 185 187 188 324 229 191
325 189 190 325 230 192 186
325 190 325 230 192 186 189
325 325 230 192 186 189 190
325 230 192 186 189 190 325
325 192 186 189 190 325 230
325 186 189 190 325 230 192
326 -1 197 198 326 231 193
327 200 201 328 233 195 202
327 201 328 233 195 202 200
327 328 233 195 202 200 201
327 233 195 202 200 201 328
327 195 202 200 201 328 233
327 202 200 201 328 233 195
328 -1 204 329 234 196 203
329 207 208 330 235 211 205
329 208 330 235 211 205 207
329 330 235 211 205 207 208
329 235 211 205 207 208 330
329 211 205 207 208 330 235
329 205 207 208 330 235 211
330 209 210 331 236 212 206
330 210 331 236 212 206 209
330 331 236 212 206 209 210
330 236 212 206 209 210 331
330 212 206 209 210 331 236
330 206 209 210 331 236 212
331 217 218 332 237 213 219
331 218 332 237 213 219 217
331 332 237 213 219 217 218
331 237 213 219 217 218 332
331 213 219 217 218 332 237
331 219 217 218 332 237 213
332 222 221 333 238 214 220
332 221 333 238 214 220 222
332 333 238 214 220 222 221
332 238 214 220 222 221 333
332 214 220 222 221 333 238
332 220 222 221 333 238 214
333 223 224 334 239 215 225
333 224 334 239 215 225 223
333 334 239 215 225 223 224
333 239 215 225 223 224 334
333 215 225 223 224 334 239
333 225 223 224 334 239 215
334 228 227 335 240 216 226
334 227 335 240 216 226 228
334 335 240 216 226 228 227
334 240 216 226 228 227 335
334 216 226 228 227 335 240
334 226 228 227 335 240 216
335 251 252 336 241 257 253
335 252 336 241 257 253 251
335 336 241 257 253 251 252
335 241 257 253 251 252 336
335 257 253 251 252 336 241
335 253 251 252 336 241 257
336 256 255 337 242 258 254
336 255 337 242 258 254 256
336 337 242 258 254 256 255
336 242 258 254 256 255 337
336 258 254 256 255 337 242
336 254 256 255 337 242 258
337 261 260 338 243 259 263
337 260 338 243 259 263 261
337 338 243 259 263 261 260
337 243 259 263 261 260 338
337 259 263 261 260 338 243
337 263 261 260 338 243 259
338 264 265 339 244 275 266
338 265 339 244 275 266 264
338 339 244 275 266 264 265
338 244 275 266 264 265 339
338 275 266 264 265 339 244
338 266 264 265 339 244 275
339 -1 268 340 245 276 267
340 269 270 341 246 277 271
340 270 341 246 277 271 269
340 341 246 277 271 269 270
340 246 277 271 269 270 341
340 277 271 269 270 341 246
340 271 269 270 341 246 277
341 274 273 342 247 278 272
341 273 342 247 278 272 274
341 342 247 278 272 274 273
341 247 278 272 274 273 342
341 278 272 274 273 342 247
341 272 274 273 342 247 278
342 281 280 343 248 279 283
342 280 343 248 279 283 281
342 343 248 279 283 281 280
342 248 279 283 281 280 343
342 279 283 281 280 343 248
342 283 281 280 343 248 279
343 -1 398 394 392 393 346
344 -1 413 407 405 406 352
345 -1 414 408 410 409 353
346 -1 416 421 419 418 355
347 428 429 358 444 434 430
347 429 358 444 434 430 428
347 358 444 434 430 428 429
347 444 434 430 428 429 358
347 434 430 428 429 358 444
347 430 428 429 358 444 434
348 433 432 359 445 435 431
348 432 359 445 435 431 433
348 359 445 435 431 433 432
348 445 435 431 433 432 359
348 435 431 433 432 359 445
348 431 433 432 359 445 435
349 440 439 361 446 436 441
349 439 361 446 436 441 440
349 361 446 436 441 440 439
349 446 436 441 440 439 361
349 436 441 440 439 361 446
349 441 440 439 361 446 436
350 459 458 367 447 461 460
350 458 367 447 461 460 459
350 367 447 461 460 459 458
350 447 461 460 459 458 367
350 461 460 459 458 367 447
350 460 459 458 367 447 461
351 465 464 368 519 472 463
351 464 368 519 472 463 465
351 368 519 472 463 465 464
351 519 472 463 465 464 368
351 472 463 465 464 368 519
351 463 465 464 368 519 472
352 -1 468 466 467 369 520
353 475 474 371 522 473 477
353 474 371 522 473 477 475
353 371 522 473 477 475 474
353 522 473 477 475 474 371
353 473 477 475 474 371 522
353 477 475 474 371 522 473
354 478 479 373 524 489 480
354 479 373 524 489 480 478
354 373 524 489 480 478 479
354 524 489 480 478 479 373
354 489 480 478 479 373 524
354 480 478 479 373 524 489
355 483 482 374 525 490 481
355 482 374 525 490 481 483
355 374 525 490 481 483 482
355 525 490 481 483 482 374
355 490 481 483 482 374 525
355 481 483 482 374 525 490
356 484 485 375 526 491 486
356 485 375 526 491 486 484
356 375 526 491 486 484 485
356 526 491 486 484 485 375
356 491 486 484 485 375 526
356 486 484 485 375 526 491
357 -1 495 376 527 493 498
358 497 496 377 528 494 499
358 496 377 528 494 499 497
358 377 528 494 499 497 496
358 528 494 499 497 496 377
358 494 499 497 496 377 528
358 499 497 496 377 528 494
359 500 501 378 529 511 502
359 501 378 529 511 502 500
359 378 529 511 502 500 501
359 529 511 502 500 501 378
359 511 502 500 501 378 529
359 502 500 501 378 529 511
360 -1 504 379 530 512 503
361 505 506 380 531 513 507
361 506 380 531 513 507 505
361 380 531 513 507 505 506
361 531 513 507 505 506 380
361 513 507 505 506 380 531
361 507 505 506 380 531 513
362 510 509 381 532 514 508
362 509 381 532 514 508 510
362 381 532 514 508 510 509
362 532 514 508 510 509 381
362 514 508 510 509 381 532
362 508 510 509 381 532 514
363 517 516 382 533 515 518
363 516 382 533 515 518 517
363 382 533 515 518 517 516
363 533 515 518 517 516 382
363 515 518 517 516 382 533
363 518 517 516 382 533 515
364 -1 543 542 541 384 535
365 -1 548 546 545 386 537
366 552 551 388 539 554 553
366 551 388 539 554 553 552
366 388 539 554 553 552 551
366 539 554 553 552 551 388
366 554 553 552 551 388 539
366 553 552 551 388 539 554
367 -1 47 9 3 1 2
368 -1 48 10 4 6 5
369 -1 50 12 16 14 13
370 17 18 392 51 29 19
370 18 392 51 29 19 17
370 392 51 29 19 17 18
370 51 29 19 17 18 392
370 29 19 17 18 392 51
370 19 17 18 392 51 29
371 22 21 393 52 30 20
371 21 393 52 30 20 22
371 393 52 30 20 22 21
371 52 30 20 22 21 393
371 30 20 22 21 393 52
371 20 22 21 393 52 30
372 33 32 396 53 31 36
372 32 396 53 31 36 33
372 396 53 31 36 33 32
372 53 31 36 33 32 396
372 31 36 33 32 396 53
372 36 33 32 396 53 31
373 -1 57 73 63 61 60
374 65 64 400 58 74 68
374 64 400 58 74 68 65
374 400 58 74 68 65 64
374 58 74 68 65 64 400
374 74 68 65 64 400 58
374 68 65 64 400 58 74
375 75 76 402 143 87 77
375 76 402 143 87 77 75
375 402 143 87 77 75 76
375 143 87 77 75 76 402
375 87 77 75 76 402 143
375 77 75 76 402 143 87
376 80 79 403 144 88 78
376 79 403 144 88 78 80
376 403 144 88 78 80 79
376 144 88 78 80 79 403
376 88 78 80 79 403 144
376 78 80 79 403 144 88
377 94 93 404 145 91 97
377 93 404 145 91 97 94
377 404 145 91 97 94 93
377 145 91 97 94 93 404
377 91 97 94 93 404 145
377 97 94 93 404 145 91
378 -1 101 99 100 405 146
379 -1 102 104 103 406 147
380 105 106 407 148 111 107
380 106 407 148 111 107 105
380 407 148 111 107 105 106
380 148 111 107 105 106 407
380 111 107 105 106 407 148
380 107 105 106 407 148 111
381 110 109 408 149 112 108
381 109 408 149 112 108 110
381 408 149 112 108 110 109
381 149 112 108 110 109 408
381 112 108 110 109 408 149
381 108 110 109 408 149 112
382 117 116 410 151 113 118
382 116 410 151 113 118 117
382 410 151 113 118 117 116
382 151 113 118 117 116 410
382 113 118 117 116 410 151
382 118 117 116 410 151 113
383 119 120 411 152 131 121
383 120 411 152 131 121 119
383 411 152 131 121 119 120
383 152 131 121 119 120 411
383 131 121 119 120 411 152
383 121 119 120 411 152 131
384 124 123 412 153 132 122
384 123 412 153 132 122 124
384 412 153 132 122 124 123
384 153 132 122 124 123 412
384 132 122 124 123 412 153
384 122 124 123 412 153 132
385 125 126 413 154 133 127
385 126 413 154 133 127 125
385 413 154 133 127 125 126
385 154 133 127 125 126 413
385 133 127 125 126 413 154
385 127 125 126 413 154 133
386 130 129 414 155 134 128
386 129 414 155 134 128 130
386 414 155 134 128 130 129
386 155 134 128 130 129 414
386 134 128 130 129 414 155
386 128 130 129 414 155 134
387 138 137 415 156 135 141
387 137 415 156 135 141 138
387 415 156 135 141 138 137
387 156 135 141 138 137 415
387 135 141 138 137 415 156
387 141 138 137 415 156 135
388 140 139 416 157 136 142
388 139 416 157 136 142 140
388 416 157 136 142 140 139
388 157 136 142 140 139 416
388 136 142 140 139 416 157
388 142 140 139 416 157 136
389 164 163 417 158 180 167
389 163 417 158 180 167 164
389 417 158 180 167 164 163
389 158 180 167 164 163 417
389 180 167 164 163 417 158
389 167 164 163 417 158 180
390 -1 170 169 418 159 181
391 172 171 419 160 182 173
391 171 419 160 182 173 172
391 419 160 182 173 172 171
391 160 182 173 172 171 419
391 182 173 172 171 419 160
391 173 172 171 419 160 182
392 175 174 420 161 183 178
392 174 420 161 183 178 175
392 420 161 183 178 175 174
392 161 183 178 175 174 420
392 183 178 175 174 420 161
392 178 175 174 420 161 183
393 177 176 421 162 184 179
393 176 421 162 184 179 177
393 421 162 184 179 177 176
393 162 184 179 177 176 421
393 184 179 177 176 421 162
393 179 177 176 421 162 184
394 -1 197 187 185 186 422
395 -1 198 188 190 189 423
396 -1 193 191 192 424 249
397 -1 194 196 195 425 250
398 -1 199 204 201 200 426
399 205 206 428 251 217 207
399 206 428 251 217 207 205
399 428 251 217 207 205 206
399 251 217 207 205 206 428
399 217 207 205 206 428 251
399 207 205 206 428 251 217
400 210 209 429 252 218 208
400 209 429 252 218 208 210
400 429 252 218 208 210 209
400 252 218 208 210 209 429
400 218 208 210 209 429 252
400 208 210 209 429 252 218
401 211 212 430 253 219 213
401 212 430 253 219 213 211
401 430 253 219 213 211 212
401 253 219 213 211 212 430
401 219 213 211 212 430 253
401 213 211 212 430 253 219
402 216 215 431 254 220 214
402 215 431 254 220 214 216
402 431 254 220 214 216 215
402 254 220 214 216 215 431
402 220 214 216 215 431 254
402 214 216 215 431 254 220
403 224 223 432 255 221 227
403 223 432 255 221 227 224
403 432 255 221 227 224 223
403 255 221 227 224 223 432
403 221 227 224 223 432 255
403 227 224 223 432 255 221
404 226 225 433 256 222 228
404 225 433 256 222 228 226
404 433 256 222 228 226 225
404 256 222 228 226 225 433
404 222 228 226 225 433 256
404 228 226 225 433 256 222
405 235 236 434 257 241 237
405 236 434 257 241 237 235
405 434 257 241 237 235 236
405 257 241 237 235 236 434
405 241 237 235 236 434 257
405 237 235 236 434 257 241
406 240 239 435 258 242 238
406 239 435 258 242 238 240
406 435 258 242 238 240 239
406 258 242 238 240 239 435
406 242 238 240 239 435 258
406 238 240 239 435 258 242
407 247 246 436 259 243 248
407 246 436 259 243 248 247
407 436 259 243 248 247 246
407 259 243 248 247 246 436
407 243 248 247 246 436 259
407 248 247 246 436 259 243
408 270 269 439 260 280 273
408 269 439 260 280 273 270
408 439 260 280 273 270 269
408 260 280 273 270 269 439
408 280 273 270 269 439 260
408 273 270 269 439 260 280
409 272 271 440 261 281 274
409 271 440 261 281 274 272
409 440 261 281 274 272 271
409 261 281 274 272 271 440
409 281 274 272 271 440 261
409 274 272 271 440 261 281
410 278 277 441 263 283 279
410 277 441 263 283 279 278
410 441 263 283 279 278 277
410 263 283 279 278 277 441
410 283 279 278 277 441 263
410 279 278 277 441 263 283
411 -1 442 345 294 285 286
412 -1 346 295 289 287 288
413 -1 347 296 290 292 291
414 -1 443 348 297 302 299
415 -1 349 298 303 301 300
416 -1 350 313 306 304 305
417 -1 351 314 307 309 308
418 -1 354 317 322 320 319
419 330 331 444 358 336 332
419 331 444 358 336 332 330
419 444 358 336 332 330 331
419 358 336 332 330 331 444
419 336 332 330 331 444 358
419 332 330 331 444 358 336
420 335 334 445 359 337 333
420 334 445 359 337 333 335
420 445 359 337 333 335 334
420 359 337 333 335 334 445
420 337 333 335 334 445 359
420 333 335 334 445 359 337
421 342 341 446 361 338 343
421 341 446 361 338 343 342
421 446 361 338 343 342 341
421 361 338 343 342 341 446
421 338 343 342 341 446 361
421 343 342 341 446 361 338
422 -1 363 384 372 370 369
423 -1 364 385 376 374 373
424 381 380 447 367 388 382
424 380 447 367 388 382 381
424 447 367 388 382 381 380
424 367 388 382 381 380 447
424 388 382 381 380 447 367
424 382 381 380 447 367 388
425 467 466 449 541 476 470
425 466 449 541 476 470 467
425 449 541 476 470 467 466
425 541 476 470 467 466 449
425 476 470 467 466 449 541
425 470 467 466 449 541 476
426 479 478 451 544 495 482
426 478 451 544 495 482 479
426 451 544 495 482 479 478
426 544 495 482 479 478 451
426 495 482 479 478 451 544
426 482 479 478 451 544 495
427 -1 485 484 452 545 496
428 487 486 453 546 497 488
428 486 453 546 497 488 487
428 453 546 497 488 487 486
428 546 497 488 487 486 453
428 497 488 487 486 453 546
428 488 487 486 453 546 497
429 490 489 454 547 498 493
429 489 454 547 498 493 490
429 454 547 498 493 490 489
429 547 498 493 490 489 454
429 498 493 490 489 454 547
429 493 490 489 454 547 498
430 492 491 455 548 499 494
430 491 455 548 499 494 492
430 455 548 499 494 492 491
430 548 499 494 492 491 455
430 499 494 492 491 455 548
430 494 492 491 455 548 499
431 -1 504 501 500 456 549
432 506 505 458 551 516 509
432 505 458 551 516 509 506
432 458 551 516 509 506 505
432 551 516 509 506 505 458
432 516 509 506 505 458 551
432 509 506 505 458 551 516
433 508 507 459 552 517 510
433 507 459 552 517 510 508
433 459 552 517 510 508 507
433 552 517 510 508 507 459
433 517 510 508 507 459 552
433 510 508 507 459 552 517
434 514 513 460 553 518 515
434 513 460 553 518 515 514
434 460 553 518 515 514 513
434 553 518 515 514 513 460
434 518 515 514 513 460 553
434 515 514 513 460 553 518
435 532 531 461 554 539 533
435 531 461 554 539 533 532
435 461 554 539 533 532 531
435 554 539 533 532 531 461
435 539 533 532 531 461 554
435 533 532 531 461 554 539
436 2 1 462 60 13 5
436 1 462 60 13 5 2
436 462 60 13 5 2 1
436 60 13 5 2 1 462
436 13 5 2 1 462 60
436 5 2 1 462 60 13
437 4 3 463 61 14 6
437 3 463 61 14 6 4
437 463 61 14 6 4 3
437 61 14 6 4 3 463
437 14 6 4 3 463 61
437 6 4 3 463 61 14
438 8 7 464 62 15 11
438 7 464 62 15 11 8
438 464 62 15 11 8 7
438 62 15 11 8 7 464
438 15 11 8 7 464 62
438 11 8 7 464 62 15
439 10 9 465 63 16 12
439 9 465 63 16 12 10
439 465 63 16 12 10 9
439 63 16 12 10 9 465
439 16 12 10 9 465 63
439 12 10 9 465 63 16
440 18 17 466 64 32 21
440 17 466 64 32 21 18
440 466 64 32 21 18 17
440 64 32 21 18 17 466
440 32 21 18 17 466 64
440 21 18 17 466 64 32
441 20 19 467 65 33 22
441 19 467 65 33 22 20
441 467 65 33 22 20 19
441 65 33 22 20 19 467
441 33 22 20 19 467 65
441 22 20 19 467 65 33
442 24 23 468 66 34 27
442 23 468 66 34 27 24
442 468 66 34 27 24 23
442 66 34 27 24 23 468
442 34 27 24 23 468 66
442 27 24 23 468 66 34
443 26 25 469 67 35 28
443 25 469 67 35 28 26
443 469 67 35 28 26 25
443 67 35 28 26 25 469
443 35 28 26 25 469 67
443 28 26 25 469 67 35
444 30 29 470 68 36 31
444 29 470 68 36 31 30
444 470 68 36 31 30 29
444 68 36 31 30 29 470
444 36 31 30 29 470 68
444 31 30 29 470 68 36
445 38 37 472 70 43 39
445 37 472 70 43 39 38
445 472 70 43 39 38 37
445 70 43 39 38 37 472
445 43 39 38 37 472 70
445 39 38 37 472 70 43
446 41 40 473 71 44 42
446 40 473 71 44 42 41
446 473 71 44 42 41 40
446 71 44 42 41 40 473
446 44 42 41 40 473 71
446 42 41 40 473 71 44
447 46 45 474 72 56 49
447 45 474 72 56 49 46
447 474 72 56 49 46 45
447 72 56 49 46 45 474
447 56 49 46 45 474 72
447 49 46 45 474 72 56
448 48 47 475 73 57 50
448 47 475 73 57 50 48
448 475 73 57 50 48 47
448 73 57 50 48 47 475
448 57 50 48 47 475 73
448 50 48 47 475 73 57
449 52 51 476 74 58 53
449 51 476 74 58 53 52
449 476 74 58 53 52 51
449 74 58 53 52 51 476
449 58 53 52 51 476 74
449 53 52 51 476 74 58
450 76 75 478 163 93 79
450 75 478 163 93 79 76
450 478 163 93 79 76 75
450 163 93 79 76 75 478
450 93 79 76 75 478 163
450 79 76 75 478 163 93
451 78 77 479 164 94 80
451 77 479 164 94 80 78
451 479 164 94 80 78 77
451 164 94 80 78 77 479
451 94 80 78 77 479 164
451 80 78 77 479 164 94
452 82 81 480 165 95 85
452 81 480 165 95 85 82
452 480 165 95 85 82 81
452 165 95 85 82 81 480
452 95 85 82 81 480 165
452 85 82 81 480 165 95
453 84 83 481 166 96 86
453 83 481 166 96 86 84
453 481 166 96 86 84 83
453 166 96 86 84 83 481
453 96 86 84 83 481 166
453 86 84 83 481 166 96
454 88 87 482 167 97 91
454 87 482 167 97 91 88
454 482 167 97 91 88 87
454 167 97 91 88 87 482
454 97 91 88 87 482 167
454 91 88 87 482 167 97
455 90 89 483 168 98 92
455 89 483 168 98 92 90
455 483 168 98 92 90 89
455 168 98 92 90 89 483
455 98 92 90 89 483 168
455 92 90 89 483 168 98
456 100 99 484 169 114 103
456 99 484 169 114 103 100
456 484 169 114 103 100 99
456 169 114 103 100 99 484
456 114 103 100 99 484 169
456 103 100 99 484 169 114
457 102 101 485 170 115 104
457 101 485 170 115 104 102
457 485 170 115 104 102 101
457 170 115 104 102 101 485
457 115 104 102 101 485 170
457 104 102 101 485 170 115
458 106 105 486 171 116 109
458 105 486 171 116 109 106
458 486 171 116 109 106 105
458 171 116 109 106 105 486
458 116 109 106 105 486 171
458 109 106 105 486 171 116
459 108 107 487 172 117 110
459 107 487 172 117 110 108
459 487 172 117 110 108 107
459 172 117 110 108 107 487
459 117 110 108 107 487 172
459 110 108 107 487 172 117
460 112 111 488 173 118 113
460 111 488 173 118 113 112
460 488 173 118 113 112 111
460 173 118 113 112 111 488
460 118 113 112 111 488 173
460 113 112 111 488 173 118
461 120 119 489 174 137 123
461 119 489 174 137 123 120
461 489 174 137 123 120 119
461 174 137 123 120 119 489
461 137 123 120 119 489 174
461 123 120 119 489 174 137
462 122 121 490 175 138 124
462 121 490 175 138 124 122
462 490 175 138 124 122 121
462 175 138 124 122 121 490
462 138 124 122 121 490 175
462 124 122 121 490 175 138
463 126 125 491 176 139 129
463 125 491 176 139 129 126
463 491 176 139 129 126 125
463 176 139 129 126 125 491
463 139 129 126 125 491 176
463 129 126 125 491 176 139
464 128 127 492 177 140 130
464 127 492 177 140 130 128
464 492 177 140 130 128 127
464 177 140 130 128 127 492
464 140 130 128 127 492 177
464 130 128 127 492 177 140
465 132 131 493 178 141 135
465 131 493 178 141 135 132
465 493 178 141 135 132 131
465 178 141 135 132 131 493
465 141 135 132 131 493 178
465 135 132 131 493 178 141
466 134 133 494 179 142 136
466 133 494 179 142 136 134
466 494 179 142 136 134 133
466 179 142 136 134 133 494
466 142 136 134 133 494 179
466 136 134 133 494 179 142
467 144 143 495 180 158 145
467 143 495 180 158 145 144
467 495 180 158 145 144 143
467 180 158 145 144 143 495
467 158 145 144 143 495 180
467 145 144 143 495 180 158
468 147 146 496 181 159 150
468 146 496 181 159 150 147
468 496 181 159 150 147 146
468 181 159 150 147 146 496
468 159 150 147 146 496 181
468 150 147 146 496 181 159
469 149 148 497 182 160 151
469 148 497 182 160 151 149
469 497 182 160 151 149 148
469 182 160 151 149 148 497
469 160 151 149 148 497 182
469 151 149 148 497 182 160
470 153 152 498 183 161 156
470 152 498 183 161 156 153
470 498 183 161 156 153 152
470 183 161 156 153 152 498
470 161 156 153 152 498 183
470 156 153 152 498 183 161
471 155 154 499 184 162 157
471 154 499 184 162 157 155
471 499 184 162 157 155 154
471 184 162 157 155 154 499
471 162 157 155 154 499 184
471 157 155 154 499 184 162
472 186 185 500 264 200 189
472 185 500 264 200 189 186
472 500 264 200 189 186 185
472 264 200 189 186 185 500
472 200 189 186 185 500 264
472 189 186 185 500 264 200
473 188 187 501 265 201 190
473 187 501 265 201 190 188
473 501 265 201 190 188 187
473 265 201 190 188 187 501
473 201 190 188 187 501 265
473 190 188 187 501 265 201
474 192 191 502 266 202 195
474 191 502 266 202 195 192
474 502 266 202 195 192 191
474 266 202 195 192 191 502
474 202 195 192 191 502 266
474 195 192 191 502 266 202
475 194 193 503 267 203 196
475 193 503 267 203 196 194
475 503 267 203 196 194 193
475 267 203 196 194 193 503
475 203 196 194 193 503 267
475 196 194 193 503 267 203
476 198 197 504 268 204 199
476 197 504 268 204 199 198
476 504 268 204 199 198 197
476 268 204 199 198 197 504
476 204 199 198 197 504 268
476 199 198 197 504 268 204
477 206 205 505 269 223 209
477 205 505 269 223 209 206
477 505 269 223 209 206 205
477 269 223 209 206 205 505
477 223 209 206 205 505 269
477 209 206 205 505 269 223
478 208 207 506 270 224 210
478 207 506 270 224 210 208
478 506 270 224 210 208 207
478 270 224 210 208 207 506
478 224 210 208 207 506 270
478 210 208 207 506 270 224
479 212 211 507 271 225 215
479 211 507 271 225 215 212
479 507 271 225 215 212 211
479 271 225 215 212 211 507
479 225 215 212 211 507 271
479 215 212 211 507 271 225
480 214 213 508 272 226 216
480 213 508 272 226 216 214
480 508 272 226 216 214 213
480 272 226 216 214 213 508
480 226 216 214 213 508 272
480 216 214 213 508 272 226
481 218 217 509 273 227 221
481 217 509 273 227 221 218
481 509 273 227 221 218 217
481 273 227 221 218 217 509
481 227 221 218 217 509 273
481 221 218 217 509 273 227
482 220 219 510 274 228 222
482 219 510 274 228 222 220
482 510 274 228 222 220 219
482 274 228 222 220 219 510
482 228 222 220 219 510 274
482 222 220 219 510 274 228
483 230 229 511 275 244 233
483 229 511 275 244 233 230
483 511 275 244 233 230 229
483 275 244 233 230 229 511
483 244 233 230 229 511 275
483 233 230 229 511 275 244
484 232 231 512 276 245 234
484 231 512 276 245 234 232
484 512 276 245 234 232 231
484 276 245 234 232 231 512
484 245 234 232 231 512 276
484 234 232 231 512 276 245
485 236 235 513 277 246 239
485 235 513 277 246 239 236
485 513 277 246 239 236 235
485 277 246 239 236 235 513
485 246 239 236 235 513 277
485 239 236 235 513 277 246
486 238 237 514 278 247 240
486 237 514 278 247 240 238
486 514 278 247 240 238 237
486 278 247 240 238 237 514
486 247 240 238 237 514 278
486 240 238 237 514 278 247
487 242 241 515 279 248 243
487 241 515 279 248 243 242
487 515 279 248 243 242 241
487 279 248 243 242 241 515
487 248 243 242 241 515 279
487 243 242 241 515 279 248
488 252 251 516 280 260 255
488 251 516 280 260 255 252
488 516 280 260 255 252 251
488 280 260 255 252 251 516
488 260 255 252 251 516 280
488 255 252 251 516 280 260
489 254 253 517 281 261 256
489 253 517 281 261 256 254
489 517 281 261 256 254 253
489 281 261 256 254 253 517
489 261 256 254 253 517 281
489 256 254 253 517 281 261
490 258 257 518 283 263 259
490 257 518 283 263 259 258
490 518 283 263 259 258 257
490 283 263 259 258 257 518
490 263 259 258 257 518 283
490 259 258 257 518 283 263
491 285 284 519 368 299 286
491 284 519 368 299 286 285
491 519 368 299 286 285 284
491 368 299 286 285 284 519
491 299 286 285 284 519 368
491 286 285 284 519 368 299
492 288 287 520 369 300 291
492 287 520 369 300 291 288
492 520 369 300 291 288 287
492 369 300 291 288 287 520
492 300 291 288 287 520 369
492 291 288 287 520 369 300
493 290 289 521 370 301 292
493 289 521 370 301 292 290
493 521 370 301 292 290 289
493 370 301 292 290 289 521
493 301 292 290 289 521 370
493 292 290 289 521 370 301
494 294 293 522 371 302 297
494 293 522 371 302 297 294
494 522 371 302 297 294 293
494 371 302 297 294 293 522
494 302 297 294 293 522 371
494 297 294 293 522 371 302
495 296 295 523 372 303 298
495 295 523 372 303 298 296
495 523 372 303 298 296 295
495 372 303 298 296 295 523
495 303 298 296 295 523 372
495 298 296 295 523 372 303
496 305 304 524 373 319 308
496 304 524 373 319 308 305
496 524 373 319 308 305 304
496 373 319 308 305 304 524
496 319 308 305 304 524 373
496 308 305 304 524 373 319
497 307 306 525 374 320 309
497 306 525 374 320 309 307
497 525 374 320 309 307 306
497 374 320 309 307 306 525
497 320 309 307 306 525 374
497 309 307 306 525 374 320
498 311 310 526 375 321 312
498 310 526 375 321 312 311
498 526 375 321 312 311 310
498 375 321 312 311 310 526
498 321 312 311 310 526 375
498 312 311 310 526 375 321
499 314 313 527 376 322 317
499 313 527 376 322 317 314
499 527 376 322 317 314 313
499 376 322 317 314 313 527
499 322 317 314 313 527 376
499 317 314 313 527 376 322
500 316 315 528 377 323 318
500 315 528 377 323 318 316
500 528 377 323 318 316 315
500 377 323 318 316 315 528
500 323 318 316 315 528 377
500 318 316 315 528 377 323
501 325 324 529 378 339 328
501 324 529 378 339 328 325
501 529 378 339 328 325 324
501 378 339 328 325 324 529
501 339 328 325 324 529 378
501 328 325 324 529 378 339
502 327 326 530 379 340 329
502 326 530 379 340 329 327
502 530 379 340 329 327 326
502 379 340 329 327 326 530
502 340 329 327 326 530 379
502 329 327 326 530 379 340
503 331 330 531 380 341 334
503 330 531 380 341 334 331
503 531 380 341 334 331 330
503 380 341 334 331 330 531
503 341 334 331 330 531 380
503 334 331 330 531 380 341
504 333 332 532 381 342 335
504 332 532 381 342 335 333
504 532 381 342 335 333 332
504 381 342 335 333 332 532
504 342 335 333 332 532 381
504 335 333 332 532 381 342
505 337 336 533 382 343 338
505 336 533 382 343 338 337
505 533 382 343 338 337 336
505 382 343 338 337 336 533
505 343 338 337 336 533 382
505 338 337 336 533 382 343
506 345 344 534 383 362 348
506 344 534 383 362 348 345
506 534 383 362 348 345 344
506 383 362 348 345 344 534
506 362 348 345 344 534 383
506 348 345 344 534 383 362
507 347 346 535 384 363 349
507 346 535 384 363 349 347
507 535 384 363 349 347 346
507 384 363 349 347 346 535
507 363 349 347 346 535 384
507 349 347 346 535 384 363
508 351 350 536 385 364 354
508 350 536 385 364 354 351
508 536 385 364 354 351 350
508 385 364 354 351 350 536
508 364 354 351 350 536 385
508 354 351 350 536 385 364
509 353 352 537 386 365 355
509 352 537 386 365 355 353
509 537 386 365 355 353 352
509 386 365 355 353 352 537
509 365 355 353 352 537 386
509 355 353 352 537 386 365
510 357 356 538 387 366 360
510 356 538 387 366 360 357
510 538 387 366 360 357 356
510 387 366 360 357 356 538
510 366 360 357 356 538 387
510 360 357 356 538 387 366
511 359 358 539 388 367 361
511 358 539 388 367 361 359
511 539 388 367 361 359 358
511 388 367 361 359 358 539
511 367 361 359 358 539 388
511 361 359 358 539 388 367
512 390 389 540 448 399 391
512 389 540 448 399 391 390
512 540 448 399 391 390 389
512 448 399 391 390 389 540
512 399 391 390 389 540 448
512 391 390 389 540 448 399
513 393 392 541 449 400 396
513 392 541 449 400 396 393
513 541 449 400 396 393 392
513 449 400 396 393 392 541
513 400 396 393 392 541 449
513 396 393 392 541 449 400
514 395 394 542 450 401 397
514 394 542 450 401 397 395
514 542 450 401 397 395 394
514 450 401 397 395 394 542
514 401 397 395 394 542 450
514 397 395 394 542 450 401
515 403 402 544 451 417 404
515 402 544 451 417 404 403
515 544 451 417 404 403 402
515 451 417 404 403 402 544
515 417 404 403 402 544 451
515 404 403 402 544 451 417
516 406 405 545 452 418 409
516 405 545 452 418 409 406
516 545 452 418 409 406 405
516 452 418 409 406 405 545
516 418 409 406 405 545 452
516 409 406 405 545 452 418
517 408 407 546 453 419 410
517 407 546 453 419 410 408
517 546 453 419 410 408 407
517 453 419 410 408 407 546
517 419 410 408 407 546 453
517 410 408 407 546 453 419
518 412 411 547 454 420 415
518 411 547 454 420 415 412
518 547 454 420 415 412 411
518 454 420 415 412 411 547
518 420 415 412 411 547 454
518 415 412 411 547 454 420
519 414 413 548 455 421 416
519 413 548 455 421 416 414
519 548 455 421 416 414 413
519 455 421 416 414 413 548
519 421 416 414 413 548 455
519 416 414 413 548 455 421
520 423 422 549 456 437 426
520 422 549 456 437 426 423
520 549 456 437 426 423 422
520 456 437 426 423 422 549
520 437 426 423 422 549 456
520 426 423 422 549 456 437
521 425 424 550 457 438 427
521 424 550 457 438 427 425
521 550 457 438 427 425 424
521 457 438 427 425 424 550
521 438 427 425 424 550 457
521 427 425 424 550 457 438
522 429 428 551 458 439 432
522 428 551 458 439 432 429
522 551 458 439 432 429 428
522 458 439 432 429 428 551
522 439 432 429 428 551 458
522 432 429 428 551 458 439
523 431 430 552 459 440 433
523 430 552 459 440 433 431
523 552 459 440 433 431 430
523 459 440 433 431 430 552
523 440 433 431 430 552 459
523 433 431 430 552 459 440
524 435 434 553 460 441 436
524 434 553 460 441 436 435
524 553 460 441 436 435 434
524 460 441 436 435 434 553
524 441 436 435 434 553 460
524 436 435 434 553 460 441
525 445 444 554 461 447 446
525 444 554 461 447 446 445
525 554 461 447 446 445 444
525 461 447 446 445 444 554
525 447 446 445 444 554 461
525 446 445 444 554 461 447
