66466466646664664666466646666
66466646646664666466466646666
66466646664664666466466646666
66466646664664666466646646666
66646646664664666466466646666
66646646664666466466646664666
66646664664666466466646646666
66646664664666466646646664666
66646664666466466646664664666
66664664666466466646646664666
66664664666466646646664666466
66664666446664664666466646666
66664666446664666466466646666
66664666466466644666466646666
66664666466466646646664664666
66664666466466646646664666466
66664666466466646664466646666
66664666466466646664664666466
66664666466644666466466646666
66664666466646646664466646666
66664666466646646664666466466
566466466646664664666466646666
566466646646664666466466646666
566466646664664666466646646666
566646646664664666466466646666
566646646664666466466646664666
566646664664666466466646646666
566646664664666466646646664666
566646664666466466646664664666
666466466646663664666466646666
666466466646664664666466646665
666466646646664664666466636666
666466646646664666366466646666
666466646646664666466466646665
666466646663664664666466646666
666466646663664666466646646666
666466646664663666466646646666
666466646664664666466646646665
666636466646664664666466646666
666636646646664666466466646666
666636646664664666466466646666
666636646664664666466646646666
666636664666466466646646664666
666646636664666466466646646666
666646646664664666466466646665
666646646664664666466636646666
666646646664666366466466646666
666646646664666366466646664666
666646646664666466366646664666
666646646664666466466366646666
666646646664666466466646636666
666646646664666466466646664665
666646663646664666466466646666
666646663664664666466466646666
666646663664664666466646646666
666646664663666466646646664666
666646664664663666466646646666
666646664664666466466366646666
666646664664666466466646636666
666646664664666466466646646665
666646664664666466646366646666
666646664664666466646646636666
666646664664666466646646664665
666646664666463664666466646666
666646664666466364666466646666
666646664666466366646664664666
666646664666466466366646664666
666646664666466466646664636666
666646664666466466646664664665
4666466466646664664666466646666
4666466646646664666466466646666
4666466646664664666466646646666
5666466466646663664666466646666
5666466466646664664666466646665
5666466646646664666466466646665
5666466646664663666466646646666
5666466646664664666466646646665
6466466466646664664666466646666
6466466646664664666466646646666
6466646646664664666466466646666
6466646646664666466466646664666
6466646664664666466646646664666
6646646646664666466466646664666
6646646664664666466466646646666
6646646664666466466646664664666
6646664664666466466646646664666
6646664664666466646646664666466
6646664666446664664666466646666
6646664666466466644666466646666
6646664666466466646646664666466
6646664666466466646664664666466
6646664666466644666466466646666
6664466466646664664666466646666
6664466646646664666466466646666
6664664666446664664666466646666
6664664666446664666466466646666
6664664666466466644666466646666
6664664666466466646646664664666
6664664666466466646664466646666
6664664666466644666466466646666
6664664666466646646664466646666
6664664666466646646664666466466
6664666446664664666466466646666
6664666446664664666466646646666
6664666446664666466466646646666
6664666466466644666466646646666
6664666466466646646664466646666
6664666466466646646664664666466
6664666466466646663666366646666
6664666466466646664466646646666
6664666466466646664664666446666
6664666466466646664664666466646
6664666466626664664666466646666
6664666466636663664666466646666
6664666466636663666466646646666
6664666466644666466466646646666
6664666466644666466466646664666
6664666466646644664666466646666
6664666466646646662666466646666
6664666466646646664466646664666
6664666466646646664666466446666
6664666466646646664666466466466
6664666466646646664666466466646
6664666466646662666466466646666
6666266646646664666466466646666
6666366466646663664666466646666
6666366636646664664666466646666
6666366636664666466466646646666
6666366646664663666466646646666
6666446466646664664666466646666
6666446646646664666466466646666
6666446646664664666466466646666
6666446646664666466466646664666
6666446664664666466466646646666
6666446664664666466646646664666
6666466266646664664666466646666
6666466266646664666466466646666
6666466466626664664666466646666
6666466466626664666466646646666
6666466466644666466646646664666
6666466466646646662666466646666
6666466466646646664466646664666
6666466466646646664664666446666
6666466466646646664664666466466
6666466466646646664666366636666
6666466466646646664666446664666
6666466466646663664666466636666
6666466466646663664666466646665
6666466466646663666366466646666
6666466466646663666366646664666
6666466466646664466646646664666
6666466466646664663666366646666
6666466466646664664666266646666
6666466466646664664666446664666
6666466466646664664666466646646
6666466466646664664666466646664
6666466466646664666266646646666
6666466626664664666466466646666
6666466626664664666466646646666
6666466636646663664666466646666
6666466636646664666366466646666
6666466636646664666466366646666
6666466636663664664666466646666
6666466636663664666466466646666
6666466636663664666466646646666
6666466636663666466646646664666
6666466644646664666466466646666
6666466644666466466646646664666
6666466644666466466646664664666
6666466644666466646646664664666
6666466644666466646664466646666
6666466646636663666466646646666
6666466646636664666466366646666
6666466646644664664666466646666
6666466646646644664666466646666
6666466646646662664666466646666
6666466646646662666466466646666
6666466646646662666466646664666
6666466646646664466646664664666
6666466646646664466646664666466
6666466646646664663666366646666
6666466646646664664666266646666
6666466646646664664666446664666
6666466646646664664666466446666
6666466646646664664666466466646
6666466646646664666446664664666
6666466646646664666464466646666
6666466646646664666466466446666
6666466646646664666466466626666
6666466646646664666466466644666
6666466646646664666466466646664
6666466646646664666466626646666
6666466646662666466466646646666
6666466646662666466466646664666
6666466646664466646646664664666
6666466646664466646646664666466
6666466646664644664666466646666
6666466646664662664666466646666
6666466646664662666466466646666
6666466646664663666366646664666
6666466646664663666466366646666
6666466646664663666466646636666
6666466646664663666466646646665
6666466646664664464666466646666
6666466646664664466466466646666
6666466646664664466466646664666
6666466646664664663666366646666
6666466646664664664466466646666
6666466646664664666266646646666
6666466646664664666266646664666
6666466646664664666446664664666
6666466646664664666446664666466
6666466646664664666466366636666
6666466646664664666466626646666
6666466646664664666466646446666
6666466646664664666466646644666
6666466646664664666466646646646
6666466646664664666466646646664
