NODE 0 col=6
5 2.833213 2.876082 0.000000 0.000000 0.000000 0.000000 2.833213 0.000000
6 2.833213 2.876082 0.000000 0.000000 0.000000 0.000000 2.833213 0.000000
7 2.833213 2.876082 0.000000 0.000000 0.000000 0.000000 2.833213 0.000000
9 2.833213 2.876082 0.000000 0.000000 0.000000 0.000000 2.833213 0.000000
22 2.833213 2.876082 0.000000 0.000000 0.000000 0.000000 2.833213 0.000000
24 2.833213 2.876082 0.000000 0.000000 0.000000 0.000000 2.833213 0.000000
25 2.833213 2.876082 0.000000 0.000000 0.000000 0.000000 2.833213 0.000000
26 2.833213 2.876082 0.000000 0.000000 0.000000 0.000000 2.833213 0.000000
292 2.833213 2.958208 0.000000 0.000000 0.000000 0.000000 2.833213 0.000000
293 2.833213 2.958208 0.000000 0.000000 0.000000 0.000000 2.833213 0.000000
295 2.833213 3.040334 0.000000 0.000000 0.000000 0.000000 2.833213 0.000000
296 2.833213 3.040334 0.000000 0.000000 0.000000 0.000000 2.833213 0.000000
431 2.833213 3.040334 0.000000 0.000000 0.000000 0.000000 2.833213 0.000000
433 2.833213 2.958208 0.000000 0.000000 0.000000 0.000000 2.833213 0.000000
434 2.833213 2.958208 0.000000 0.000000 0.000000 0.000000 2.833213 0.000000
435 2.833213 3.040334 0.000000 0.000000 0.000000 0.000000 2.833213 0.000000
NODE 1 col=1
1 2.397895 2.752963 0.000000 0.000000 0.000000 0.000000 2.833213 0.000000
2 2.397895 2.690134 0.000000 0.000000 0.000000 0.000000 2.833213 0.000000
3 2.397895 2.704424 0.000000 0.000000 0.000000 0.000000 2.890372 0.000000
4 2.397895 2.690134 0.000000 0.000000 0.000000 0.000000 2.833213 0.000000
21 2.397895 2.794286 0.000000 1.000000 1.000000 0.000000 2.890372 0.000000
185 2.397895 2.794286 0.000000 0.000000 0.000000 0.000000 2.890372 0.000000
186 2.397895 2.780769 0.000000 0.000000 0.000000 0.000000 2.890372 0.000000
188 2.397895 2.794286 0.000000 0.000000 0.000000 0.000000 2.890372 0.000000
189 2.397895 2.780769 0.000000 0.000000 0.000000 0.000000 2.890372 0.000000
405 2.397895 2.669968 0.000000 0.000000 0.000000 0.000000 2.890372 0.000000
NODE 2 col=82
23 2.079442 2.439326 0.000000 0.000000 0.000000 0.000000 2.890372 0.000000
325 2.079442 2.295485 0.000000 0.000000 0.000000 0.000000 2.890372 0.000000
330 2.079442 2.655576 0.000000 1.000000 1.000000 0.000000 2.890372 0.000000
393 2.079442 2.412986 0.000000 0.000000 0.000000 0.000000 2.890372 0.000000
394 2.079442 2.426503 0.000000 0.000000 0.000000 0.000000 2.890372 0.000000
395 2.079442 2.527869 0.000000 0.000000 0.000000 0.000000 2.890372 0.000000
397 2.079442 2.599790 0.000000 0.000000 0.000000 0.000000 2.890372 0.000000
NODE 3 col=9
32 1.945910 2.345190 0.000000 0.000000 0.000000 0.000000 2.833213 0.250000
369 1.945910 2.635710 0.000000 0.000000 0.000000 0.000000 2.833213 0.250000
448 1.945910 2.681290 0.000000 0.000000 0.000000 0.000000 2.833213 0.250000
450 1.945910 2.544654 0.000000 0.000000 0.000000 0.000000 2.833213 0.250000
451 1.945910 2.544654 0.000000 0.000000 0.000000 0.000000 2.833213 0.250000
452 1.945910 2.558171 0.000000 0.000000 0.000000 0.000000 2.833213 0.250000
NODE 4 col=62
256 1.791759 2.337960 0.000000 1.000000 1.000000 0.000000 2.890372 0.250000
319 1.791759 2.218367 0.000000 0.000000 0.000000 0.000000 2.890372 0.250000
320 1.791759 2.246173 0.000000 0.000000 0.000000 0.000000 2.890372 0.250000
321 1.791759 2.378830 0.000000 0.000000 0.000000 0.000000 2.890372 0.250000
323 1.791759 2.467999 0.000000 0.000000 0.000000 0.000000 2.890372 0.250000
NODE 5 col=61
17 1.945910 2.381652 0.000000 0.000000 0.000000 0.000000 2.890372 0.000000
302 1.945910 2.416149 0.000000 0.000000 0.000000 0.000000 2.890372 0.000000
303 1.945910 2.398901 0.000000 0.000000 0.000000 0.000000 2.890372 0.000000
304 1.945910 2.500267 0.000000 0.000000 0.000000 0.000000 2.890372 0.000000
306 1.945910 2.398901 0.000000 0.000000 0.000000 0.000000 2.890372 0.000000
421 1.945910 2.147425 0.000000 0.000000 0.000000 0.000000 2.890372 0.000000
NODE 6 col=24
39 1.945910 2.439976 0.000000 0.000000 0.000000 0.000000 2.890372 0.000000
40 1.945910 2.439976 0.000000 0.000000 0.000000 0.000000 2.890372 0.000000
41 1.945910 2.517515 0.000000 0.000000 0.000000 0.000000 2.890372 0.000000
43 1.945910 2.439976 0.000000 0.000000 0.000000 0.000000 2.890372 0.000000
86 1.945910 2.148075 0.000000 0.000000 0.000000 0.000000 2.890372 0.000000
101 1.945910 2.461729 0.000000 1.000000 1.000000 0.000000 2.890372 0.000000
NODE 7 col=87
331 1.791759 1.970201 0.000000 0.000000 0.000000 0.000000 2.890372 0.000000
332 1.791759 2.080659 0.000000 0.000000 0.000000 0.000000 2.833213 0.000000
333 1.791759 2.143488 0.000000 0.000000 0.000000 0.000000 2.833213 0.000000
334 1.791759 2.143488 0.000000 0.000000 0.000000 0.000000 2.833213 0.000000
349 1.791759 2.268114 0.000000 0.000000 0.000000 0.000000 2.833213 0.000000
NODE 8 col=76
258 1.386294 1.779099 0.000000 0.000000 0.000000 0.000000 2.833213 0.000000
313 1.386294 1.890020 0.000000 0.000000 0.000000 0.000000 2.890372 0.000000
335 1.386294 1.740561 0.000000 0.000000 0.000000 0.000000 2.833213 0.000000
NODE 9 col=16
63 1.386294 2.109537 0.000000 0.000000 0.000000 0.000000 2.890372 0.000000
123 1.386294 2.202018 0.000000 1.000000 1.000000 0.000000 2.890372 0.000000
457 1.386294 1.969634 0.000000 0.000000 0.000000 0.000000 2.890372 0.000000
NODE 10 col=34
128 1.098612 1.565850 0.250000 0.000000 1.000000 0.693147 2.890372 0.000000
129 1.098612 1.572892 0.250000 1.000000 1.000000 0.000000 2.890372 0.000000
NODE 11 col=74
230 1.386294 2.109537 0.000000 0.000000 0.000000 0.000000 3.218876 0.000000
301 1.386294 1.895175 0.000000 0.000000 0.000000 0.000000 2.833213 0.000000
437 1.386294 2.085710 0.000000 0.000000 0.000000 0.000000 2.833213 0.250000
NODE 12 col=83
338 0.693147 1.370160 0.250000 0.000000 0.000000 0.000000 2.833213 0.000000
NODE 13 col=17
46 0.693147 0.895880 1.000000 0.000000 0.000000 0.000000 2.890372 0.250000
NODE 14 col=46
229 0.693147 1.599232 0.500000 0.000000 0.000000 0.000000 2.833213 0.000000
NODE 15 col=2
205 1.609438 2.169828 0.000000 0.000000 0.000000 0.000000 2.833213 0.000000
206 1.609438 2.169828 0.000000 0.000000 0.000000 0.000000 2.833213 0.000000
208 1.609438 1.958004 0.000000 0.000000 0.000000 0.000000 2.833213 0.000000
209 1.609438 1.958004 0.000000 0.000000 0.000000 0.000000 2.890372 0.000000
NODE 16 col=52
191 0.693147 1.370160 0.500000 0.000000 0.000000 0.000000 2.890372 0.000000
NODE 17 col=10
376 0.693147 0.866434 0.750000 0.000000 0.000000 0.000000 2.890372 0.000000
NODE 18 col=89
133 1.098612 1.767469 0.250000 0.000000 0.000000 0.000000 2.890372 0.000000
398 1.098612 1.767469 0.250000 1.000000 1.000000 0.000000 2.890372 0.250000
NODE 19 col=21
102 0.693147 0.693147 1.000000 0.000000 1.000000 0.693147 2.890372 0.000000
NODE 20 col=38
149 0.693147 1.069167 0.750000 0.000000 1.000000 0.693147 2.890372 0.250000
NODE 21 col=20
69 0.693147 1.454278 0.500000 0.000000 1.000000 1.098612 2.890372 0.000000
NODE 22 col=37
157 0.693147 0.693147 1.000000 0.000000 1.000000 1.386294 2.890372 0.000000
NODE 23 col=66
268 0.693147 0.693147 1.000000 0.000000 1.000000 1.386294 2.833213 0.000000
NODE 24 col=69
280 0.693147 0.693147 1.000000 0.000000 1.000000 0.693147 2.890372 0.500000
