(720, 0, 5, 0, '7612345', '2345167', 3)
(816, 2, 1, 0, '7623451', '3451267', 3)
(738, 3, 2, 0, '7634512', '4512367', 3)
(724, 4, 3, 0, '7645123', '5123467', 3)
(721, 5, 2, 2, '7346512', '6512437', 3)
(727, 4, 1, 2, '7243651', '3651427', 3)
(769, 3, 2, 0, '7236514', '6514327', 3)
(775, 4, 3, 0, '7265143', '5143627', 3)
(778, 5, 4, 0, '7251436', '1436527', 3)
(779, 0, 3, 2, '7652143', '2143567', 3)
(777, 5, 4, 0, '7621435', '1435267', 3)
(776, 0, 5, 0, '7614352', '4352167', 3)
(831, 2, 1, 0, '7643521', '3521467', 3)
(789, 3, 0, 2, '7146352', '6352417', 3)
(826, 1, 0, 0, '7163524', '3524617', 3)
(756, 1, 0, 0, '7135246', '5246317', 3)
(795, 1, 0, 0, '7152463', '2463517', 3)
(730, 1, 4, 2, '7351246', '1246537', 3)
(731, 0, 3, 2, '7653124', '3124567', 3)
(729, 5, 4, 0, '7631245', '1245367', 3)
(728, 0, 5, 0, '7612453', '2453167', 3)
(819, 2, 1, 0, '7624531', '4531267', 3)
(741, 3, 0, 2, '7126453', '6453217', 3)
(833, 1, 0, 0, '7164532', '4532617', 3)
(782, 1, 0, 0, '7145326', '5326417', 3)
(799, 1, 4, 2, '7641532', '1532467', 3)
(798, 0, 5, 0, '7615324', '5324167', 3)
(836, 2, 1, 0, '7653241', '3241567', 3)
(812, 3, 2, 0, '7632415', '2415367', 3)
(802, 4, 1, 2, '7536241', '6241357', 3)
(760, 3, 2, 0, '7562413', '2413657', 3)
(766, 4, 3, 0, '7524136', '4136257', 3)
(763, 5, 2, 2, '7625413', '5413267', 3)
(749, 4, 3, 0, '7654132', '4132567', 3)
(747, 5, 4, 0, '7641325', '1325467', 3)
(746, 0, 5, 0, '7613254', '3254167', 3)
(823, 2, 5, 2, '7416325', '6325147', 3)
(788, 2, 1, 0, '7463251', '3251647', 3)
(830, 3, 2, 0, '7432516', '2516347', 3)
(824, 4, 3, 0, '7425163', '5163247', 3)
(822, 5, 1, 3, '7632451', '2451367', 3)
(762, 3, 2, 0, '7624513', '4513267', 3)
(748, 4, 3, 0, '7645132', '5132467', 3)
(745, 5, 2, 2, '7246513', '6513427', 3)
(751, 4, 3, 0, '7265134', '5134627', 3)
(754, 5, 4, 0, '7251346', '1346527', 3)
(755, 0, 3, 2, '7652134', '2134567', 3)
(753, 5, 4, 0, '7621345', '1345267', 3)
(752, 0, 5, 0, '7613452', '3452167', 3)
(825, 2, 1, 0, '7634521', '4521367', 3)
(765, 3, 0, 2, '7136452', '6452317', 3)
(832, 1, 0, 0, '7164523', '4523617', 3)
(780, 1, 0, 0, '7145236', '5236417', 3)
(793, 1, 4, 2, '7641523', '1523467', 3)
(792, 0, 5, 0, '7615234', '5234167', 3)
(834, 2, 1, 0, '7652341', '2341567', 3)
(810, 3, 2, 0, '7623415', '3415267', 3)
(796, 4, 1, 2, '7526341', '6341257', 3)
(736, 3, 2, 0, '7563412', '3412657', 3)
(742, 4, 3, 0, '7534126', '4126357', 3)
(739, 5, 2, 2, '7635412', '5412367', 3)
(725, 4, 3, 0, '7654123', '4123567', 3)
(723, 5, 4, 0, '7641235', '1235467', 3)
(722, 0, 5, 0, '7612354', '2354167', 3)
(817, 2, 5, 2, '7416235', '6235147', 3)
(786, 2, 5, 2, '7514623', '4623157', 3)
(808, 2, 1, 0, '7546231', '6231457', 3)
(784, 3, 2, 0, '7562314', '2314657', 3)
(790, 4, 3, 0, '7523146', '3146257', 3)
(787, 5, 2, 2, '7625314', '5314267', 3)
(773, 4, 3, 0, '7653142', '3142567', 3)
(771, 5, 4, 0, '7631425', '1425367', 3)
(770, 0, 5, 0, '7614253', '4253167', 3)
(829, 2, 4, 3, '7531642', '1642357', 3)
(828, 0, 5, 0, '7516423', '6423157', 3)
(814, 2, 5, 2, '7315642', '5642137', 3)
(761, 2, 1, 0, '7356421', '6421537', 3)
(803, 3, 2, 0, '7364215', '4215637', 3)
(813, 4, 3, 0, '7342156', '2156437', 3)
(815, 5, 2, 2, '7643215', '3215467', 3)
(809, 4, 3, 0, '7632154', '2154367', 3)
(807, 5, 4, 0, '7621543', '1543267', 3)
(806, 0, 5, 0, '7615432', '5432167', 3)
(839, 2, 5, 2, '7216543', '6543127', 3)
(743, 2, 1, 0, '7265431', '5431627', 3)
(821, 3, 2, 0, '7254316', '4316527', 3)
(835, 4, 3, 0, '7243165', '3165427', 3)
(838, 5, None, 0, None, None, None)
