(720, 0, 5, 0, '7612345', '2345167', 3)
(816, 2, 1, 0, '7623451', '3451267', 3)
(738, 3, 2, 0, '7634512', '4512367', 3)
(724, 4, 3, 0, '7645123', '5123467', 3)
(721, 5, 1, 3, '7234651', '4651327', 3)
(745, 3, 2, 0, '7246513', '6513427', 3)
(751, 4, 3, 0, '7265134', '5134627', 3)
(754, 5, 4, 0, '7251346', '1346527', 3)
(755, 0, 3, 2, '7652134', '2134567', 3)
(753, 5, 4, 0, '7621345', '1345267', 3)
(752, 0, 5, 0, '7613452', '3452167', 3)
(825, 2, 1, 0, '7634521', '4521367', 3)
(765, 3, 0, 2, '7136452', '6452317', 3)
(832, 1, 0, 0, '7164523', '4523617', 3)
(780, 1, 0, 0, '7145236', '5236417', 3)
(793, 1, 4, 2, '7641523', '1523467', 3)
(792, 0, 5, 0, '7615234', '5234167', 3)
(834, 2, 1, 0, '7652341', '2341567', 3)
(810, 3, 2, 0, '7623415', '3415267', 3)
(796, 4, 1, 2, '7526341', '6341257', 3)
(736, 3, 2, 0, '7563412', '3412657', 3)
(742, 4, 3, 0, '7534126', '4126357', 3)
(739, 5, 2, 2, '7635412', '5412367', 3)
(725, 4, 3, 0, '7654123', '4123567', 3)
(723, 5, 4, 0, '7641235', '1235467', 3)
(722, 0, 5, 0, '7612354', '2354167', 3)
(817, 2, 3, 4, '7354162', '4162537', 3)
(820, 5, 4, 0, '7341625', '1625437', 3)
(821, 0, 5, 0, '7316254', '6254137', 3)
(763, 2, 1, 0, '7362541', '2541637', 3)
(823, 3, 0, 2, '7163254', '3254617', 3)
(746, 1, 0, 0, '7132546', '2546317', 3)
(735, 1, 0, 0, '7125463', '5463217', 3)
(809, 1, 0, 0, '7154632', '4632517', 3)
(788, 1, 4, 2, '7251463', '1463527', 3)
(789, 0, 5, 0, '7214635', '4635127', 3)
(730, 2, 1, 0, '7246351', '6351427', 3)
(772, 3, 2, 0, '7263514', '3514627', 3)
(786, 4, 5, 4, '7514623', '4623157', 3)
(808, 2, 1, 0, '7546231', '6231457', 3)
(784, 3, 2, 0, '7562314', '2314657', 3)
(790, 4, 3, 0, '7523146', '3146257', 3)
(787, 5, 2, 2, '7625314', '5314267', 3)
(773, 4, 3, 0, '7653142', '3142567', 3)
(771, 5, 4, 0, '7631425', '1425367', 3)
(770, 0, 5, 0, '7614253', '4253167', 3)
(829, 2, 5, 2, '7316425', '6425137', 3)
(764, 2, 1, 0, '7364251', '4251637', 3)
(824, 3, 2, 0, '7342516', '2516437', 3)
(830, 4, 3, 0, '7325164', '5164237', 3)
(828, 5, 2, 2, '7423516', '3516247', 3)
(818, 4, 0, 3, '7162435', '2435617', 3)
(726, 1, 0, 0, '7124356', '4356217', 3)
(777, 1, 0, 0, '7143562', '3562417', 3)
(760, 1, 0, 0, '7135624', '5624317', 3)
(811, 1, 3, 3, '7243156', '3156427', 3)
(814, 5, 4, 0, '7231564', '1564327', 3)
(815, 0, 5, 0, '7215643', '5643127', 3)
(737, 2, 1, 0, '7256431', '6431527', 3)
(797, 3, 0, 2, '7152643', '2643517', 3)
(740, 1, 0, 0, '7126435', '6435217', 3)
(831, 1, 0, 0, '7164352', '4352617', 3)
(776, 1, 0, 0, '7143526', '3526417', 3)
(757, 1, 4, 2, '7641352', '1352467', 3)
(756, 0, 5, 0, '7613524', '3524167', 3)
(826, 2, 1, 0, '7635241', '5241367', 3)
(766, 3, 0, 2, '7136524', '6524317', 3)
(835, 1, 0, 0, '7165243', '5243617', 3)
(794, 1, 0, 0, '7152436', '2436517', 3)
(727, 1, 0, 0, '7124365', '4365217', 3)
(779, 1, 4, 2, '7521436', '1436257', 3)
(778, 0, 5, 0, '7514362', '4362157', 3)
(807, 2, 1, 0, '7543621', '3621457', 3)
(783, 3, 0, 2, '7145362', '5362417', 3)
(802, 1, 0, 0, '7153624', '3624517', 3)
(762, 1, 0, 0, '7136245', '6245317', 3)
(819, 1, 0, 0, '7162453', '2453617', 3)
(728, 1, 4, 2, '7361245', '1245637', 3)
(729, 0, 5, 0, '7312456', '2456137', 3)
(744, 2, 5, 2, '7613245', '3245167', 3)
(822, 2, 5, 2, '7516324', '6324157', 3)
(812, 2, 1, 0, '7563241', '3241657', 3)
(836, 3, 5, 3, '7416532', '6532147', 3)
(791, 2, 1, 0, '7465321', '5321647', 3)
(833, 3, 2, 0, '7453216', '3216547', 3)
(839, 4, 3, 0, '7432165', '2165347', 3)
(837, 5, 1, 3, '7653421', '3421567', 3)
(813, 3, 2, 0, '7634215', '4215367', 3)
(803, 4, 3, 0, '7642153', '2153467', 3)
(801, 5, 4, 0, '7621534', '1534267', 3)
(800, 0, 2, 3, '7342615', '2615437', 3)
(806, 4, 3, 0, '7326154', '6154237', 3)
(804, 5, 4, 0, '7361542', '1542637', 3)
(805, 0, 5, 0, '7315426', '5426137', 3)
(758, 2, 5, 2, '7613542', '3542167', 3)
(827, 2, 1, 0, '7635421', '5421367', 3)
(767, 3, 2, 0, '7654213', '4213567', 3)
(761, 4, 3, 0, '7642135', '2135467', 3)
(759, 5, None, 0, None, None, None)
